time=3.379999 position=(741.65, 79.87, -19.52) hit=Ground_CR117 downhill summit return impulse=0 contacts=(742.11, 79.34, -19.63) normal=(0.01, 1.00, -0.02)
time=3.579999 position=(742.55, 79.79, -20.98) hit=Ground_720_320 impulse=0 contacts=(743.25, 79.18, -21.63) normal=(0.01, 1.00, -0.02);(743.00, 79.18, -21.77) normal=(0.01, 1.00, -0.02);(742.68, 79.18, -21.93) normal=(0.01, 1.00, -0.02);(742.85, 79.18, -21.85) normal=(0.01, 1.00, -0.02)
time=5.399998 position=(734.02, 79.49, -41.96) hit=Ground_CR117 rounded start turn impulse=0 contacts=(733.62, 79.02, -42.73) normal=(0.00, 1.00, 0.01);(733.61, 79.02, -42.73) normal=(0.00, 1.00, 0.01);(733.62, 79.02, -42.73) normal=(0.00, 1.00, 0.01)
time=5.639998 position=(730.95, 79.53, -44.51) hit=Ground_CR110 main supported trail impulse=0 contacts=(730.12, 79.04, -44.73) normal=(0.01, 1.00, 0.01);(730.23, 79.04, -44.87) normal=(0.01, 1.00, 0.01);(730.29, 79.04, -44.60) normal=(0.01, 1.00, 0.01)
time=8.499997 position=(717.08, 82.15, -101.40) hit=Ground_CR110 main supported trail impulse=0 contacts=(717.05, 81.85, -102.19) normal=(-0.01, 1.00, 0.08);(717.23, 81.87, -102.12) normal=(-0.01, 1.00, 0.08);(716.97, 81.84, -101.99) normal=(-0.01, 1.00, 0.08)
time=8.919997 position=(721.04, 83.17, -109.30) hit=Ground_720_240 impulse=0 contacts=(721.29, 82.55, -110.08) normal=(-0.07, 0.99, 0.08);(721.39, 82.55, -110.00) normal=(-0.07, 0.99, 0.08);(721.23, 82.54, -110.00) normal=(-0.07, 0.99, 0.08)
time=10.42 position=(741.76, 85.87, -120.76) hit=Ground_720_240 impulse=0 contacts=(742.62, 85.37, -121.44) normal=(-0.34, 0.91, 0.25)
time=10.54 position=(743.13, 86.27, -121.19) hit=Ground_CR117 gully approach impulse=13.56203 contacts=(744.08, 86.15, -121.39) normal=(-0.01, 0.99, 0.11);(741.93, 86.05, -120.75) normal=(-0.01, 0.99, 0.11);(743.88, 86.21, -121.86) normal=(-0.01, 0.99, 0.11);(742.51, 86.04, -120.57) normal=(-0.01, 0.99, 0.11);(741.98, 86.04, -120.64) normal=(-0.01, 0.99, 0.11);(742.95, 86.15, -121.45) normal=(-0.01, 0.99, 0.11)
time=10.94 position=(747.19, 87.05, -123.27) hit=Ground_CR117 gully approach impulse=0 contacts=(746.49, 86.27, -122.21) normal=(-0.01, 0.99, 0.11)
time=11.12 position=(748.42, 87.06, -124.59) hit=Ground_720_240 impulse=0 contacts=(749.00, 86.51, -125.00) normal=(-0.01, 0.99, 0.10);(749.00, 86.51, -125.00) normal=(-0.01, 0.99, 0.10);(748.36, 86.40, -124.00) normal=(-0.01, 0.99, 0.10);(748.00, 86.34, -123.43) normal=(-0.01, 0.99, 0.10);(747.97, 86.33, -123.38) normal=(-0.01, 0.99, 0.10)
time=11.18 position=(748.76, 87.09, -125.07) hit=Ground_CR110 main supported trail impulse=0 contacts=(748.76, 86.43, -124.44) normal=(-0.14, 0.99, 0.03);(748.91, 86.46, -124.72) normal=(-0.14, 0.99, 0.03);(749.50, 86.57, -125.79) normal=(-0.14, 0.99, 0.03);(748.42, 86.36, -123.82) normal=(-0.14, 0.99, 0.03)
time=18.07999 position=(799.45, 110.00, -263.34) hit=Ground_Mountain_0_0 impulse=0 contacts=(800.20, 109.41, -263.50) normal=(-0.05, 1.00, 0.05);(800.00, 109.41, -263.76) normal=(-0.05, 1.00, 0.05);(800.00, 109.39, -263.34) normal=(-0.05, 1.00, 0.05)
time=18.55999 position=(808.94, 110.54, -269.57) hit=Ground_CR117 outer ravine impulse=0 contacts=(809.42, 109.88, -270.14) normal=(-0.04, 1.00, 0.03);(809.49, 109.88, -270.00) normal=(-0.04, 1.00, 0.03);(809.10, 109.86, -270.00) normal=(-0.04, 1.00, 0.03)
time=19.85999 position=(838.90, 110.71, -274.40) hit=Ground_CR117 outer ravine impulse=0 contacts=(839.05, 109.86, -274.05) normal=(0.01, 1.00, -0.01);(839.05, 109.86, -274.05) normal=(0.01, 1.00, -0.01)
time=20.31999 position=(849.82, 110.52, -273.86) hit=Ground_CR117 gully takeoff impulse=0 contacts=(850.00, 110.04, -273.54) normal=(0.00, 1.00, 0.00);(850.00, 110.04, -274.19) normal=(0.00, 1.00, 0.00);(850.28, 110.04, -273.54) normal=(0.00, 1.00, 0.00);(850.27, 110.04, -274.19) normal=(0.00, 1.00, 0.00);(850.47, 110.04, -273.54) normal=(0.00, 1.00, 0.00);(850.47, 110.04, -274.19) normal=(0.00, 1.00, 0.00)
time=32.11999 position=(1285.41, 101.99, -263.96) hit=Ground_CR117 gully catch impulse=11.47644 contacts=(1285.76, 101.37, -264.42) normal=(0.09, 1.00, 0.00);(1283.60, 101.57, -263.55) normal=(0.09, 1.00, 0.00);(1285.36, 101.41, -264.93) normal=(0.09, 1.00, 0.00);(1284.00, 101.54, -263.04) normal=(0.09, 1.00, 0.00);(1283.90, 101.55, -263.78) normal=(0.09, 1.00, 0.00);(1283.91, 101.55, -263.16) normal=(0.09, 1.00, 0.00)
time=32.13999 position=(1286.11, 101.74, -263.95) hit=Ground_CR117 outer ravine impulse=0 contacts=(1286.45, 101.11, -264.40) normal=(0.09, 1.00, 0.00);(1284.29, 101.31, -263.52) normal=(0.09, 1.00, 0.00);(1286.05, 101.15, -264.91) normal=(0.09, 1.00, 0.00);(1284.69, 101.27, -263.01) normal=(0.09, 1.00, 0.00);(1285.00, 101.24, -264.08) normal=(0.09, 1.00, 0.00);(1285.00, 101.24, -264.09) normal=(0.09, 1.00, 0.00)
time=34.67999 position=(1342.54, 99.56, -273.79) hit=Ground_CR117 outer ravine impulse=0 contacts=(1343.35, 98.89, -273.44) normal=(-0.01, 1.00, 0.00);(1343.37, 98.89, -274.09) normal=(-0.01, 1.00, 0.00)
time=34.93999 position=(1346.35, 99.61, -273.68) hit=Ground_CR117 tangent gully return impulse=0 contacts=(1347.20, 99.20, -273.34) normal=(-0.02, 1.00, -0.04);(1347.20, 99.20, -273.45) normal=(-0.02, 1.00, -0.04);(1347.01, 99.20, -273.34) normal=(-0.02, 1.00, -0.04)
time=36.43999 position=(1363.09, 100.22, -264.14) hit=EMBER impulse=0 contacts=(1363.05, 99.86, -264.87) normal=(-0.88, 0.00, 0.48);(1363.03, 100.66, -264.89) normal=(-0.88, 0.00, 0.48);(1362.84, 99.85, -265.24) normal=(-0.88, 0.00, 0.48)
time=38.85999 position=(1386.38, 103.18, -212.81) hit=Ground_CR117 outer ravine impulse=0 contacts=(1386.87, 102.40, -212.14) normal=(-0.06, 0.99, -0.15)
time=46.59998 position=(1297.80, 134.49, -70.99) hit=Ground_CR117 tangent gully return impulse=0 contacts=(1297.10, 133.72, -71.00) normal=(0.11, 0.99, -0.06);(1297.45, 133.72, -70.45) normal=(0.11, 0.99, -0.06);(1296.98, 133.74, -70.93) normal=(0.11, 0.99, -0.06);(1297.28, 133.74, -70.36) normal=(0.11, 0.99, -0.06)
time=50.85998 position=(1200.56, 143.58, -50.98) hit=Ground_Mountain_3_2 impulse=0 contacts=(1199.87, 143.03, -51.30) normal=(0.07, 1.00, 0.00);(1199.88, 143.04, -50.65) normal=(0.07, 1.00, 0.00);(1200.00, 143.03, -51.30) normal=(0.07, 1.00, 0.00);(1200.00, 143.03, -50.65) normal=(0.07, 1.00, 0.00)
time=54.75998 position=(1111.45, 146.63, -69.60) hit=Ground_Mountain_3_1 impulse=0 contacts=(1111.13, 146.01, -70.25) normal=(-0.01, 1.00, -0.01);(1110.95, 146.01, -70.00) normal=(-0.01, 1.00, -0.01);(1111.47, 146.02, -70.00) normal=(-0.01, 1.00, -0.01)
time=55.35998 position=(1100.39, 146.21, -78.63) hit=Ground_Mountain_2_1 impulse=0 contacts=(1099.72, 145.58, -78.84) normal=(-0.02, 1.00, -0.02);(1100.00, 145.58, -79.14) normal=(-0.02, 1.00, -0.02);(1100.00, 145.60, -78.57) normal=(-0.02, 1.00, -0.02)
time=60.31998 position=(1000.41, 134.10, -125.18) hit=Ground_Mountain_1_1 impulse=0 contacts=(999.74, 133.40, -125.40) normal=(-0.16, 0.99, 0.02);(999.82, 133.41, -124.76) normal=(-0.16, 0.99, 0.02);(1000.00, 133.44, -125.44) normal=(-0.16, 0.99, 0.02);(1000.00, 133.43, -124.78) normal=(-0.16, 0.99, 0.02)
time=63.71998 position=(999.58, 135.41, -84.27) hit=Ground_Mountain_2_1 impulse=0 contacts=(1000.00, 134.91, -84.00) normal=(-0.08, 0.99, -0.10);(1000.00, 134.89, -84.25) normal=(-0.08, 0.99, -0.10);(1000.11, 134.91, -84.11) normal=(-0.08, 0.99, -0.10);(1000.19, 134.93, -84.00) normal=(-0.08, 0.99, -0.10);(1000.27, 134.94, -83.89) normal=(-0.08, 0.99, -0.10);(1000.00, 134.94, -83.69) normal=(-0.08, 0.99, -0.10)
time=64.45998 position=(1010.39, 137.68, -70.59) hit=Ground_Mountain_2_2 impulse=0 contacts=(1010.60, 137.19, -69.83) normal=(-0.08, 0.99, -0.10);(1010.81, 137.19, -70.00) normal=(-0.08, 0.99, -0.10);(1010.46, 137.16, -70.00) normal=(-0.08, 0.99, -0.10)
time=64.67998 position=(1013.71, 138.35, -66.65) hit=Ground_CR110 main supported trail impulse=0 contacts=(1014.51, 137.62, -66.31) normal=(-0.19, 0.98, -0.08)
time=64.85998 position=(1016.50, 138.95, -63.54) hit=Ground_CR110 narrow ridge cut impulse=0 contacts=(1017.38, 138.85, -62.95) normal=(-0.11, 0.99, 0.04);(1016.79, 138.78, -62.75) normal=(-0.11, 0.99, 0.04);(1017.47, 138.86, -62.98) normal=(-0.11, 0.99, 0.04);(1016.52, 138.75, -62.66) normal=(-0.12, 0.99, 0.04);(1016.54, 138.75, -62.60) normal=(-0.12, 0.99, 0.04);(1016.55, 138.75, -62.60) normal=(-0.12, 0.99, 0.04)
time=65.17998 position=(1021.44, 140.39, -58.05) hit=Ground_CR110 main supported trail impulse=0 contacts=(1021.77, 139.60, -57.30) normal=(-0.13, 0.99, -0.10);(1022.24, 139.61, -57.76) normal=(-0.13, 0.99, -0.10)
time=66.45998 position=(1039.79, 144.46, -34.90) hit=Ground_Mountain_2_2 impulse=0 contacts=(1040.00, 143.82, -34.04) normal=(0.00, 0.89, -0.46);(1039.88, 143.84, -34.00) normal=(0.00, 0.89, -0.46);(1039.76, 143.84, -34.00) normal=(0.00, 0.89, -0.46);(1040.00, 143.75, -34.17) normal=(0.22, 0.87, -0.45)
time=68.31998 position=(1051.53, 148.87, 7.07) hit=EMBER impulse=0 contacts=(1051.89, 148.58, 7.72) normal=(-1.00, -0.01, -0.05);(1051.88, 149.37, 7.65) normal=(-1.00, -0.01, -0.05);(1051.88, 148.56, 7.53) normal=(-1.00, -0.01, -0.05)
time=69.27998 position=(1050.72, 151.39, 29.27) hit=Ground_Mountain_2_3 impulse=0 contacts=(1050.90, 150.95, 30.04) normal=(0.01, 0.99, -0.12);(1050.70, 150.94, 30.00) normal=(0.01, 0.99, -0.12);(1050.91, 150.94, 30.00) normal=(0.01, 0.99, -0.12)
