-0.700 (387.255, 86.094, -3.449)
-0.675 (387.279, 86.096, -3.444)
-0.650 (387.304, 86.098, -3.439)
-0.625 (387.328, 86.100, -3.434)
-0.600 (387.353, 86.102, -3.429)
-0.575 (387.377, 86.104, -3.425)
-0.550 (387.402, 86.106, -3.420)
-0.525 (387.426, 86.108, -3.415)
-0.500 (387.451, 86.110, -3.410)
-0.475 (387.475, 86.112, -3.405)
-0.450 (387.500, 86.114, -3.400)
-0.425 (387.524, 86.116, -3.395)
-0.400 (387.549, 86.118, -3.390)
-0.375 (387.573, 86.120, -3.385)
-0.350 (387.598, 86.122, -3.380)
-0.325 (387.622, 86.124, -3.376)
-0.300 (387.647, 86.126, -3.371)
-0.275 (387.671, 86.128, -3.366)
-0.250 (387.696, 86.130, -3.361)
-0.225 (387.720, 86.132, -3.356)
-0.200 (387.745, 86.133, -3.351)
-0.175 (387.769, 86.135, -3.346)
-0.150 (387.794, 86.136, -3.341)
-0.125 (387.818, 86.138, -3.336)
-0.100 (387.843, 86.139, -3.331)
-0.075 (387.867, 86.141, -3.327)
-0.050 (387.892, 86.142, -3.322)
-0.025 (387.916, 86.144, -3.317)
0.000 (387.941, 86.146, -3.312)
0.025 (387.965, 86.148, -3.307)
0.050 (387.990, 86.150, -3.302)
0.075 (388.014, 86.150, -3.297)
0.100 (388.039, 86.150, -3.292)
0.125 (388.063, 86.157, -3.287)
0.150 (388.088, 86.162, -3.282)
0.175 (388.113, 86.164, -3.278)
0.200 (388.137, 86.166, -3.273)
0.225 (388.162, 86.168, -3.268)
0.250 (388.186, 85.945, -3.263)
0.275 (388.211, 85.655, -3.258)
0.300 (388.235, 85.301, -3.253)
0.325 (388.260, 84.946, -3.248)
0.350 (388.284, 84.592, -3.243)
0.375 (388.309, 84.237, -3.238)
0.400 (388.333, 83.882, -3.233)
0.425 (388.358, 83.528, -3.228)
0.450 (388.382, 83.174, -3.224)
0.475 (388.407, 82.819, -3.219)
0.500 (388.431, 82.465, -3.214)
0.525 (388.456, 82.110, -3.209)
0.550 (388.480, 81.756, -3.204)
0.575 (388.505, 81.402, -3.199)
0.600 (388.529, 83.067, -3.194)
0.625 (388.554, 82.352, -3.189)
0.650 (388.578, 81.637, -3.184)
0.675 (388.603, 80.922, -3.179)
0.700 (388.627, 80.208, -3.175)
0.725 (388.652, 79.493, -3.170)
0.750 (388.676, 79.061, -3.165)
0.775 (388.701, 79.064, -3.160)
0.800 (388.725, 79.067, -3.155)
0.825 (388.750, 79.070, -3.150)
0.850 (388.774, 79.073, -3.145)
0.875 (388.799, 79.076, -3.140)
0.900 (388.823, 79.079, -3.135)
0.925 (388.848, 79.082, -3.130)
0.950 (388.872, 79.085, -3.126)
0.975 (388.897, 79.088, -3.121)
1.000 (388.922, 79.091, -3.116)
1.025 (388.946, 79.094, -3.111)
1.050 (388.971, 79.096, -3.106)
1.075 (388.995, 79.099, -3.101)
1.100 (389.020, 79.102, -3.096)
1.125 (389.044, 79.105, -3.091)
1.150 (389.069, 79.108, -3.086)
1.175 (389.093, 79.111, -3.081)
1.200 (389.118, 79.114, -3.076)
1.225 (389.142, 79.117, -3.072)
1.250 (389.167, 79.120, -3.067)
1.275 (389.191, 79.123, -3.062)
1.300 (389.216, 79.126, -3.057)
1.325 (389.240, 79.129, -3.052)
1.350 (389.265, 79.132, -3.047)
1.375 (389.289, 79.135, -3.042)
1.400 (389.314, 79.138, -3.037)
1.425 (389.338, 79.141, -3.032)
1.450 (389.363, 79.144, -3.027)
1.475 (389.387, 79.146, -3.023)
1.500 (389.412, 79.149, -3.018)
1.525 (389.436, 79.152, -3.013)
1.550 (389.461, 79.155, -3.008)
1.575 (389.485, 79.158, -3.003)
1.600 (389.510, 79.161, -2.998)
1.625 (389.534, 79.164, -2.993)
1.650 (389.559, 79.167, -2.988)
1.675 (389.583, 79.170, -2.983)
1.700 (389.608, 79.173, -2.978)
1.725 (389.632, 79.176, -2.974)
1.750 (389.657, 79.179, -2.969)
1.775 (389.681, 79.182, -2.964)
1.800 (389.706, 79.185, -2.959)
1.825 (389.730, 79.188, -2.954)
1.850 (389.755, 79.191, -2.949)
1.875 (389.780, 79.194, -2.944)
1.900 (389.804, 79.196, -2.939)
1.925 (389.829, 79.199, -2.934)
1.950 (389.853, 79.202, -2.929)
1.975 (389.878, 79.205, -2.924)
2.000 (389.902, 79.208, -2.920)
Final actual lip=(388.16, 86.17, -3.27)
