-2,-1.5,86.00536,(-0.08, 1.00, -0.02)
-2,-0.75,86.00536,(-0.08, 1.00, -0.02)
-2,0,86.00531,(-0.08, 1.00, -0.02)
-2,0.75,86.00531,(-0.08, 1.00, -0.02)
-2,1.5,86.00536,(-0.08, 1.00, -0.02)
-1.75,-1.5,86.02605,(-0.08, 1.00, -0.02)
-1.75,-0.75,86.02606,(-0.08, 1.00, -0.02)
-1.75,0,86.02605,(-0.08, 1.00, -0.02)
-1.75,0.75,86.02605,(-0.08, 1.00, -0.02)
-1.75,1.5,86.02603,(-0.08, 1.00, -0.02)
-1.5,-1.5,86.04665,(-0.08, 1.00, -0.02)
-1.5,-0.75,86.04664,(-0.08, 1.00, -0.02)
-1.5,0,86.04665,(-0.08, 1.00, -0.02)
-1.5,0.75,86.04661,(-0.08, 1.00, -0.02)
-1.5,1.5,86.0466,(-0.08, 1.00, -0.02)
-1.25,-1.5,86.06712,(-0.08, 1.00, -0.02)
-1.25,-0.75,86.06712,(-0.08, 1.00, -0.02)
-1.25,0,86.06712,(-0.08, 1.00, -0.02)
-1.25,0.75,86.06712,(-0.08, 1.00, -0.02)
-1.25,1.5,86.06712,(-0.08, 1.00, -0.02)
-1,-1.5,86.08743,(-0.08, 1.00, -0.02)
-1,-0.75,86.0875,(-0.08, 1.00, -0.02)
-1,0,86.08749,(-0.08, 1.00, -0.02)
-1,0.75,86.08749,(-0.08, 1.00, -0.02)
-1,1.5,86.08746,(-0.08, 1.00, -0.02)
-0.75,-1.5,86.1077,(-0.08, 1.00, -0.02)
-0.75,-0.75,86.10776,(-0.08, 1.00, -0.02)
-0.75,0,86.10777,(-0.08, 1.00, -0.02)
-0.75,0.75,86.10777,(-0.08, 1.00, -0.02)
-0.75,1.5,86.10777,(-0.08, 1.00, -0.02)
-0.5,-1.5,86.12794,(-0.08, 1.00, -0.02)
-0.5,-0.75,86.12798,(-0.08, 1.00, -0.02)
-0.5,0,86.12794,(-0.08, 1.00, -0.02)
-0.5,0.75,86.12792,(-0.08, 1.00, -0.02)
-0.5,1.5,86.12793,(-0.08, 1.00, -0.02)
-0.25,-1.5,86.148,(-0.08, 1.00, -0.02)
-0.25,-0.75,86.148,(-0.08, 1.00, -0.02)
-0.25,0,86.1442,(-0.07, 1.00, -0.02)
-0.25,0.75,86.14799,(-0.08, 1.00, -0.02)
-0.25,1.5,86.14387,(-0.05, 1.00, 0.00)
0,-1.5,86.168,(-0.08, 1.00, -0.02)
0,-0.75,86.16801,(-0.08, 1.00, -0.02)
0,0,86.16801,(-0.08, 1.00, -0.02)
0,0.75,86.168,(-0.08, 1.00, -0.02)
0,1.5,85.21043,(1.00, 0.03, 0.00)
0.25,-1.5,86.188,(-0.08, 1.00, -0.02)
0.25,-0.75,84.94619,(1.00, 0.07, 0.00)
0.25,0,82.81943,(1.00, 0.07, 0.00)
0.25,0.75,80.6922,(1.00, 0.07, 0.00)
0.25,1.5,79.0641,(-0.12, 0.99, 0.00)
0.5,-1.5,86.20801,(-0.08, 1.00, -0.02)
0.5,-0.75,83.7819,(1.00, 0.03, 0.00)
0.5,0,79.49207,(1.00, 0.03, 0.00)
0.5,0.75,79.07587,(-0.12, 0.99, 0.00)
0.5,1.5,79.09352,(-0.12, 0.99, 0.00)
0.5,1.5,80.81516,(0.00, 1.00, 0.00)
0.75,-1.5,80.79055,(1.00, 0.01, 0.00)
0.75,-0.75,79.06998,(-0.12, 0.99, 0.00)
0.75,0,79.08763,(-0.12, 0.99, 0.00)
0.75,0.75,79.10529,(-0.12, 0.99, 0.00)
0.75,0.75,80.81516,(0.00, 1.00, 0.00)
0.75,1.5,79.12294,(-0.12, 0.99, 0.00)
0.75,1.5,80.81516,(0.00, 1.00, 0.00)
1,-1.5,79.08176,(-0.12, 0.99, 0.00)
1,-0.75,79.0994,(-0.12, 0.99, 0.00)
1,-0.75,80.81569,(0.00, 1.00, 0.00)
1,0,79.11706,(-0.12, 0.99, 0.00)
1,0,80.81569,(0.00, 1.00, 0.00)
1,0.75,79.1347,(-0.12, 0.99, 0.00)
1,1.5,79.15236,(-0.12, 0.99, 0.00)
1.25,-1.5,79.11117,(-0.12, 0.99, 0.00)
1.25,-1.5,80.81569,(0.00, 1.00, 0.00)
1.25,-0.75,79.12882,(-0.12, 0.99, 0.00)
1.25,-0.75,80.81569,(0.00, 1.00, 0.00)
1.25,0,79.14647,(-0.12, 0.99, 0.00)
1.25,0.75,79.16412,(-0.12, 0.99, 0.00)
1.25,1.5,79.18177,(-0.12, 0.99, 0.00)
1.5,-1.5,79.14058,(-0.12, 0.99, 0.00)
1.5,-0.75,79.15823,(-0.12, 0.99, 0.00)
1.5,0,79.17588,(-0.12, 0.99, 0.00)
1.5,0.75,79.19353,(-0.12, 0.99, 0.00)
1.5,1.5,79.21118,(-0.12, 0.99, 0.00)
1.75,-1.5,79.17,(-0.12, 0.99, 0.00)
1.75,-0.75,79.18764,(-0.12, 0.99, 0.00)
1.75,0,79.20531,(-0.12, 0.99, 0.00)
1.75,0.75,79.22296,(-0.12, 0.99, 0.00)
1.75,1.5,79.2406,(-0.12, 0.99, 0.00)
2,-1.5,79.19942,(-0.12, 0.99, 0.00)
2,-0.75,79.21707,(-0.12, 0.99, 0.00)
2,0,79.23473,(-0.12, 0.99, 0.00)
2,0.75,79.25237,(-0.12, 0.99, 0.00)
2,1.5,79.27002,(-0.12, 0.99, 0.00)
2.25,-1.5,79.22884,(-0.12, 0.99, 0.00)
2.25,-0.75,79.24649,(-0.12, 0.99, 0.00)
2.25,0,79.26413,(-0.12, 0.99, 0.00)
2.25,0.75,79.28179,(-0.12, 0.99, 0.00)
2.25,1.5,79.29944,(-0.12, 0.99, 0.00)
2.5,-1.5,79.25826,(-0.12, 0.99, 0.00)
2.5,-0.75,79.2759,(-0.12, 0.99, 0.00)
2.5,0,79.29355,(-0.12, 0.99, 0.00)
2.5,0.75,79.31484,(-0.16, 0.99, 0.00)
2.5,1.5,79.32886,(-0.12, 0.99, 0.00)
2.75,-1.5,79.28767,(-0.12, 0.99, 0.00)
2.75,-0.75,79.30532,(-0.12, 0.99, 0.00)
2.75,0,79.32297,(-0.12, 0.99, 0.00)
2.75,0.75,79.35286,(-0.15, 0.99, 0.00)
2.75,1.5,79.36621,(-0.17, 0.99, 0.00)
