      x:   400   401   402   403   404   405   406   407   408   409   410   411   412   413   414   415   416   417   418   419   420   421   422   423   424   425   426   427   428   429   430   431   432
   -182: 33.00 33.00 33.00 33.00 33.00 33.00 33.00 33.01 33.01 33.01 33.01 33.01 33.01 33.01 33.01 33.01 33.01 33.01 33.02 33.02 33.02 33.02 33.02 33.02 33.02 33.02 33.02 33.02 33.02 33.01 33.01 33.01 33.00
   -183: 33.00 33.00 33.00 33.00 33.00 33.00 33.00 33.01 33.01 33.01 33.01 33.01 33.01 33.01 33.01 33.01 33.01 33.01 33.02 33.02 33.02 33.02 33.02 33.02 33.02 33.02 33.02 33.02 33.02 33.01 33.01 33.01 33.00
   -184: 33.00 33.00 33.00 33.00 33.00 33.00 33.00 33.01 33.01 33.01 33.01 33.01 33.01 33.01 33.01 33.01 33.01 33.02 33.02 33.02 33.02 33.02 33.02 33.02 33.02 33.02 33.02 33.02 33.02 33.01 33.01 33.01 33.01
   -185: 33.05 33.00 33.00 33.00 33.00 33.00 33.00 33.01 33.01 33.01 33.01 33.01 33.01 33.01 33.01 33.01 33.01 33.02 33.02 33.02 33.02 33.02 33.02 33.02 33.02 33.02 33.02 33.02 33.02 33.01 33.01 33.01 33.01
   -186: 33.21 33.09 33.01 33.00 33.00 33.00 33.00 33.01 33.01 33.01 33.01 33.01 33.01 33.01 33.01 33.01 33.01 33.02 33.02 33.02 33.02 33.02 33.02 33.02 33.02 33.02 33.02 33.02 33.02 33.01 33.01 33.01 33.01
   -187: 33.35 33.24 33.11 33.02 33.00 33.01 33.01 33.01 33.01 33.01 33.01 33.01 33.01 33.01 33.01 33.01 33.01 33.01 33.01 33.01 33.01 33.01 33.01 33.01 33.01 33.01 33.01 33.01 33.02 33.01 33.01 33.01 33.01
   -188: 33.40 33.36 33.24 33.11 33.02 33.01 33.01 33.01 33.01 33.01 33.01 33.01 33.01 33.01 33.01 33.01 33.01 33.01 33.01 33.01 33.01 33.01 33.01 33.01 33.01 33.01 33.01 33.01 33.02 33.01 33.01 33.01 33.01
   -189: 33.40 33.40 33.35 33.22 33.01 33.01 33.01 33.03 33.03 33.03 33.03 33.03 33.03 33.03 33.03 33.03 33.03 33.03 33.03 33.03 33.03 33.03 33.03 33.03 33.03 33.03 33.01 33.01 33.02 33.01 33.01 33.01 33.01
   -190: 33.40 33.40 33.40 33.31 33.01 33.01 33.01 33.03 32.88 32.88 32.88 32.88 32.88 32.88 32.88 32.88 32.88 32.88 32.88 32.88 32.88 32.88 32.88 32.88 32.88 33.03 33.01 33.01 33.02 33.02 33.01 33.01 33.01
   -191: 32.85 33.40 33.40 33.37 33.01 33.01 33.01 33.03 32.73 32.73 32.73 32.73 32.73 32.73 32.73 32.73 32.73 32.73 32.73 32.73 32.73 32.73 32.73 32.73 32.73 33.03 33.01 33.01 33.02 33.02 33.01 33.01 33.01
   -192: 32.85 33.40 33.40 33.39 33.01 33.01 33.01 33.03 32.58 32.58 32.58 32.58 32.58 32.58 32.58 32.58 32.58 32.58 32.58 32.58 32.58 32.58 32.58 32.58 32.58 33.03 33.01 33.01 33.02 33.02 33.01 33.01 33.01
   -193: 32.85 32.85 33.40 33.40 33.01 33.01 33.01 33.03 32.43 32.43 32.43 32.43 32.43 32.43 32.43 32.43 32.43 32.43 32.43 32.43 32.43 32.43 32.43 32.43 32.43 33.03 33.01 33.01 33.02 33.02 33.02 33.02 33.02
   -194: 32.85 32.85 33.40 33.40 33.01 33.01 33.01 33.03 32.28 32.28 32.28 32.28 32.28 32.28 32.28 32.28 32.28 32.28 32.28 32.28 32.28 32.28 32.28 32.28 32.28 33.03 33.01 33.01 33.01 33.02 33.03 33.04 33.06
   -195: 32.85 32.85 33.40 33.40 33.01 33.01 33.01 33.03 32.13 32.13 32.13 32.13 32.13 32.13 32.13 32.13 32.13 32.13 32.13 32.13 32.13 32.13 32.13 32.13 32.13 33.03 33.01 33.01 33.01 33.07 33.10 33.15 33.23
   -196: 32.85 33.40 33.40 33.42 33.15 33.02 33.01 33.03 31.98 31.98 31.98 31.98 31.98 31.98 31.98 31.98 31.98 31.98 31.98 31.98 31.98 31.98 31.98 31.98 31.98 33.03 33.01 33.01 33.01 33.26 33.38 33.55 33.79
   -197: 32.85 33.40 33.40 33.57 33.79 33.76 33.01 33.03 31.83 31.83 31.83 31.83 31.83 31.83 31.83 31.83 31.83 31.83 31.83 31.83 31.83 31.83 31.83 31.83 31.83 33.03 33.01 33.01 33.04 33.91 34.23 34.60 35.07
   -198: 33.40 33.40 33.41 34.18 35.05 34.88 33.01 33.03 31.68 31.68 31.68 31.68 31.68 31.68 31.68 31.68 31.68 31.68 31.68 31.68 31.68 31.68 31.68 31.68 31.68 33.03 33.01 33.33 34.33 35.46 36.01 36.61 37.35
   -199: 33.40 33.40 33.91 35.60 37.03 36.12 33.13 33.03 31.53 31.53 31.53 31.53 31.53 31.53 31.53 31.53 31.53 31.53 31.53 31.53 31.53 31.53 31.53 31.53 31.53 33.03 33.01 34.70 36.81 38.13 38.92 51.56 52.85
   -200: 33.40 33.79 35.47 37.79 39.06 36.90 33.22 33.03 31.49 31.49 31.49 31.49 31.49 31.49 31.49 31.49 31.49 31.49 31.49 31.49 31.49 31.49 31.49 31.49 31.49 33.03 33.14 36.84 48.95 51.05 52.27 53.31 54.19
   -201: 33.88 35.54 37.78 39.72 39.84 37.16 33.26 33.03 31.49 31.49 31.49 31.49 31.49 31.49 31.49 31.49 31.49 31.49 31.49 31.49 31.49 31.49 31.49 31.49 31.49 33.03 33.87 43.33 51.12 52.73 53.56 54.25 54.83
   -202: 35.99 38.08 39.82 40.44 40.01 37.29 33.27 33.03 31.49 31.49 31.49 31.49 31.49 31.49 31.49 31.49 31.49 31.49 31.49 31.49 31.49 31.49 31.49 31.49 31.49 33.03 34.02 44.33 52.33 53.61 54.16 54.63 55.03
   -203: 38.75 40.08 40.42 40.61 40.21 37.39 33.28 33.03 31.49 31.49 31.49 31.49 31.49 31.49 31.49 31.49 31.49 31.49 31.49 31.49 31.49 31.49 31.49 31.49 31.49 33.03 34.11 44.85 52.90 53.96 54.35 54.69 55.01
   -204: 40.21 40.40 40.60 40.80 40.38 37.51 33.30 33.03 31.49 31.49 31.49 31.49 31.49 31.49 31.49 31.49 31.49 31.49 31.49 31.49 31.49 31.49 31.49 31.49 31.49 33.03 34.14 45.05 53.07 54.02 54.32 54.61 54.88
   -205: 40.39 40.58 40.78 40.97 40.57 37.62 33.31 33.03 33.03 33.03 33.03 33.03 33.03 33.03 33.03 33.03 33.03 33.03 33.03 33.03 33.03 33.03 33.03 33.03 33.03 33.03 34.16 45.08 53.03 53.93 54.20 54.46 54.73
   -206: 40.56 40.75 40.95 41.14 40.76 37.77 33.55 33.01 33.01 33.01 33.01 33.01 33.01 33.01 33.01 33.01 33.01 33.01 33.01 33.01 33.01 33.01 33.01 33.01 33.01 33.01 34.56 45.06 52.93 53.79 54.05 54.31 54.58
   -207: 40.73 40.92 41.12 41.32 41.14 38.87 38.70 38.83 39.01 39.18 39.46 39.91 40.57 41.33 42.05 42.76 43.40 43.92 44.41 44.80 45.16 45.44 45.71 45.93 46.13 46.33 46.56 47.07 53.00 53.64 53.90 54.17 54.43
   -208: 40.89 41.09 41.28 41.48 41.69 41.52 41.52 41.72 41.97 42.37 43.09 44.09 45.13 46.16 47.11 47.92 48.61 49.22 49.68 50.12 50.46 50.76 51.06 51.32 51.59 51.84 52.12 52.59 53.23 53.49 53.75 54.02 54.28
   -209: 41.06 41.24 41.45 41.64 41.85 42.06 42.28 42.51 42.92 43.74 44.77 45.83 46.88 47.74 48.51 49.14 49.65 50.07 50.45 50.75 51.02 51.30 51.55 51.81 52.06 52.31 52.57 52.82 53.09 53.34 53.61 53.87 54.13
   -210: 41.21 41.41 41.59 41.81 42.01 42.22 42.44 42.87 43.73 44.78 45.89 46.90 47.70 48.43 48.96 49.44 49.80 50.10 50.41 50.65 50.92 51.16 51.42 51.66 51.90 52.16 52.42 52.68 52.93 53.19 53.46 53.72 53.98
   -211: 41.37 41.55 41.76 41.97 42.17 42.39 42.80 43.65 44.74 45.87 46.80 47.65 48.30 48.75 49.18 49.49 49.76 50.05 50.27 50.54 50.76 51.02 51.26 51.50 51.76 52.01 52.27 52.53 52.78 53.05 53.31 53.57 53.83
   -212: 41.54 41.71 41.92 42.11 42.33 42.74 43.55 44.63 45.70 46.71 47.53 48.05 48.56 48.87 49.17 49.41 49.68 49.90 50.15 50.37 50.60 50.86 51.10 51.36 51.61 51.87 52.12 52.38 52.64 52.90 53.16 53.42 53.68
