time,x,y,z,speed,vx,vy,vz,throttle,brake,steer,wheels,suspension,alignment,up,contact
0.015,1064.367,145.989,201.275,31.701,-31.701,-0.063,0.000,0.000,0.000,0.000,4,7.803,1.754,1.000,"Ground_Mountain_2_4:(0.080, 0.997, 0.000) separation=0.4076934;Ground_Mountain_2_4:(0.080, 0.997, 0.000) separation=0.2203031;Ground_Mountain_2_4:(0.080, 0.997, 0.000) separation=0.4076934;Ground_Mountain_2_4:(0.080, 0.997, 0.000) separation=0.2203031;Ground_Mountain_2_4:(0.080, 0.997, 0.000) separation=0.2357482;Ground_Mountain_2_4:(0.080, 0.997, 0.000) separation=0.2357483;Ground_Summit authored launch:(0.080, 0.997, 0.000) separation=0.1604845;Ground_Summit authored launch:(0.080, 0.997, 0.000) separation=0.3478748;Ground_Summit authored launch:(0.080, 0.997, 0.000) separation=0.3478748;Ground_Summit authored launch:(0.080, 0.997, 0.000) separation=0.1604845;Ground_Summit authored launch:(0.080, 0.997, 0.000) separation=0.1707076;Ground_Summit authored launch:(0.080, 0.997, 0.000) separation=0.1755565;"
0.035,1063.733,145.989,201.275,31.709,-31.710,-0.013,0.000,0.150,0.000,0.000,4,12.223,1.075,1.000,"Ground_Mountain_2_4:(0.080, 0.997, 0.000) separation=0.3533972;Ground_Mountain_2_4:(0.080, 0.997, 0.000) separation=0.1709451;Ground_Mountain_2_4:(0.080, 0.997, 0.000) separation=0.3533972;Ground_Mountain_2_4:(0.080, 0.997, 0.000) separation=0.1709452;Ground_Mountain_2_4:(0.080, 0.997, 0.000) separation=0.1709452;Ground_Mountain_2_4:(0.080, 0.997, 0.000) separation=0.1922349;Ground_Summit authored launch:(0.080, 0.997, 0.000) separation=0.1111344;Ground_Summit authored launch:(0.080, 0.997, 0.000) separation=0.293592;Ground_Summit authored launch:(0.080, 0.997, 0.000) separation=0.293592;Ground_Summit authored launch:(0.080, 0.997, 0.000) separation=0.1111345;Ground_Summit authored launch:(0.080, 0.997, 0.000) separation=0.1703112;Ground_Summit authored launch:(0.080, 0.997, 0.000) separation=0.1750315;"
0.055,1063.100,145.991,201.275,31.716,-31.717,0.114,0.000,0.145,0.000,0.000,4,16.071,0.526,1.000,"Ground_Mountain_2_4:(0.080, 0.997, 0.000) separation=0.2982528;Ground_Mountain_2_4:(0.080, 0.997, 0.000) separation=0.1244017;Ground_Mountain_2_4:(0.080, 0.997, 0.000) separation=0.2982528;Ground_Mountain_2_4:(0.080, 0.997, 0.000) separation=0.1244017;Ground_Mountain_2_4:(0.080, 0.997, 0.000) separation=0.1244017;Ground_Mountain_2_4:(0.080, 0.997, 0.000) separation=0.1916053;Ground_Summit authored launch:(0.080, 0.997, 0.000) separation=0.06459815;Ground_Summit authored launch:(0.080, 0.997, 0.000) separation=0.2384583;Ground_Summit authored launch:(0.080, 0.997, 0.000) separation=0.2384583;Ground_Summit authored launch:(0.080, 0.997, 0.000) separation=0.06459817;Ground_Summit authored launch:(0.080, 0.997, 0.000) separation=0.09346142;Ground_Summit authored launch:(0.080, 0.997, 0.000) separation=0.09795788;"
0.075,1062.473,146.003,201.275,31.638,-31.633,0.618,0.000,0.142,0.000,0.000,4,19.419,0.090,1.000,"Ground_Mountain_2_4:(0.080, 0.997, 0.000) separation=0.2443582;Ground_Mountain_2_4:(0.080, 0.997, 0.000) separation=0.08169277;Ground_Mountain_2_4:(0.080, 0.997, 0.000) separation=0.2443582;Ground_Mountain_2_4:(0.080, 0.997, 0.000) separation=0.08169277;Ground_Mountain_2_4:(0.080, 0.997, 0.000) separation=0.08753291;Ground_Mountain_2_4:(0.080, 0.997, 0.000) separation=0.08753291;Ground_Summit authored launch:(0.080, 0.997, 0.000) separation=0.02189599;Ground_Summit authored launch:(0.080, 0.997, 0.000) separation=0.1845604;Ground_Summit authored launch:(0.080, 0.997, 0.000) separation=0.1845604;Ground_Summit authored launch:(0.080, 0.997, 0.000) separation=0.02189601;Ground_Summit authored launch:(0.080, 0.997, 0.000) separation=0.02319181;Ground_Summit authored launch:(0.080, 0.997, 0.000) separation=0.02739722;"
0.095,1061.847,146.024,201.275,31.595,-31.582,1.053,0.001,0.181,0.000,0.000,4,22.317,4.137,0.999,"Ground_Mountain_2_4:(0.080, 0.997, 0.000) separation=0.1856234;Ground_Mountain_2_4:(0.080, 0.997, 0.000) separation=0.06417491;Ground_Mountain_2_4:(0.080, 0.997, 0.000) separation=0.1856124;Ground_Mountain_2_4:(0.080, 0.997, 0.000) separation=0.06418595;Ground_Mountain_2_4:(0.080, 0.997, 0.000) separation=0.06417617;Ground_Mountain_2_4:(0.080, 0.997, 0.000) separation=0.06435117;Ground_Summit authored launch:(0.080, 0.997, 0.000) separation=0.004376043;Ground_Summit authored launch:(0.080, 0.997, 0.000) separation=0.1257912;Ground_Summit authored launch:(0.080, 0.997, 0.000) separation=0.1258005;Ground_Summit authored launch:(0.080, 0.997, 0.000) separation=0.004366718;Ground_Summit authored launch:(0.080, 0.997, 0.000) separation=0.03807807;Ground_Summit authored launch:(0.080, 0.997, 0.000) separation=0.04121396;Ground_Summit authored launch:(0.080, 0.997, 0.000) separation=0.05431452;"
0.115,1061.221,146.052,201.275,31.590,-31.568,1.403,0.001,0.202,0.000,0.000,4,26.315,5.962,0.998,"Ground_Mountain_2_4:(0.080, 0.997, 0.000) separation=0.1303562;Ground_Mountain_2_4:(0.080, 0.997, 0.000) separation=0.06070606;Ground_Mountain_2_4:(0.080, 0.997, 0.000) separation=0.1303588;Ground_Mountain_2_4:(0.080, 0.997, 0.000) separation=0.06070343;Ground_Mountain_2_4:(0.080, 0.997, 0.000) separation=0.06070462;Ground_Mountain_2_4:(0.080, 0.997, 0.000) separation=0.07853436;Ground_Summit authored launch:(0.080, 0.997, 0.000) separation=0.0009003161;Ground_Summit authored launch:(0.080, 0.997, 0.000) separation=0.07050577;Ground_Summit authored launch:(0.080, 0.997, 0.000) separation=0.07045066;Ground_Summit authored launch:(0.080, 0.997, 0.000) separation=0.0008956594;Ground_Summit authored launch:(0.080, 0.997, 0.000) separation=0.009212643;Ground_Summit authored launch:(0.080, 0.997, 0.000) separation=0.01100993;"
0.135,1060.594,146.091,201.275,31.551,-31.492,1.984,0.000,0.205,0.000,0.000,4,29.631,5.286,0.997,"Ground_Mountain_2_4:(0.080, 0.997, 0.000) separation=0.0863156;Ground_Mountain_2_4:(0.080, 0.997, 0.000) separation=0.05997587;Ground_Mountain_2_4:(0.080, 0.997, 0.000) separation=0.08631661;Ground_Mountain_2_4:(0.080, 0.997, 0.000) separation=0.05997487;Ground_Mountain_2_4:(0.080, 0.997, 0.000) separation=0.05997488;Ground_Mountain_2_4:(0.080, 0.997, 0.000) separation=0.07118204;Ground_Summit authored launch:(0.080, 0.997, 0.000) separation=0.0001764586;Ground_Summit authored launch:(0.080, 0.997, 0.000) separation=0.02649984;Ground_Summit authored launch:(0.080, 0.997, 0.000) separation=0.02650025;Ground_Summit authored launch:(0.080, 0.997, 0.000) separation=0.00017606;Ground_Summit authored launch:(0.080, 0.997, 0.000) separation=0.005592972;Ground_Summit authored launch:(0.080, 0.997, 0.000) separation=0.010398;Ground_Summit authored launch:(0.080, 0.997, 0.000) separation=0.0501731;"
0.155,1059.966,146.140,201.275,31.534,-31.439,2.456,-0.001,0.224,0.000,0.000,4,27.906,2.639,0.997,"Ground_Mountain_2_4:(0.080, 0.997, 0.000) separation=0.06511554;Ground_Mountain_2_4:(0.080, 0.997, 0.000) separation=0.05986112;Ground_Mountain_2_4:(0.080, 0.997, 0.000) separation=0.06511573;Ground_Mountain_2_4:(0.080, 0.997, 0.000) separation=0.05986092;Ground_Mountain_2_4:(0.080, 0.997, 0.000) separation=0.05986109;Ground_Mountain_2_4:(0.080, 0.997, 0.000) separation=0.05998173;Ground_Summit authored launch:(0.080, 0.997, 0.000) separation=4.823797E-05;Ground_Summit authored launch:(0.080, 0.997, 0.000) separation=0.005311221;Ground_Summit authored launch:(0.080, 0.997, 0.000) separation=0.005311996;Ground_Summit authored launch:(0.080, 0.997, 0.000) separation=4.747382E-05;Ground_Summit authored launch:(0.080, 0.997, 0.000) separation=0.001182467;Ground_Summit authored launch:(0.080, 0.997, 0.000) separation=0.001257479;Ground_Summit authored launch:(0.080, 0.997, 0.000) separation=0.05005267;"
0.175,1059.338,146.195,201.275,31.541,-31.421,2.756,-0.001,0.233,0.000,0.000,4,24.848,0.790,0.997,"Ground_Mountain_2_4:(0.080, 0.997, 0.000) separation=0.06086126;Ground_Mountain_2_4:(0.080, 0.997, 0.000) separation=0.06173695;Ground_Mountain_2_4:(0.080, 0.997, 0.000) separation=0.0608612;Ground_Mountain_2_4:(0.080, 0.997, 0.000) separation=0.06173701;Ground_Mountain_2_4:(0.080, 0.997, 0.000) separation=0.0608612;Ground_Mountain_2_4:(0.080, 0.997, 0.000) separation=0.06127625;Ground_Summit authored launch:(0.080, 0.997, 0.000) separation=0.001917848;Ground_Summit authored launch:(0.080, 0.997, 0.000) separation=0.001059711;Ground_Summit authored launch:(0.080, 0.997, 0.000) separation=0.001059324;Ground_Summit authored launch:(0.080, 0.997, 0.000) separation=0.001918236;Ground_Summit authored launch:(0.080, 0.997, 0.000) separation=0.001101434;Ground_Summit authored launch:(0.080, 0.997, 0.000) separation=0.001101822;"
0.195,1058.710,146.255,201.275,31.547,-31.405,3.013,-0.001,0.230,0.000,0.000,4,22.625,0.649,0.997,"Ground_Mountain_2_4:(0.080, 0.997, 0.000) separation=0.0633581;Ground_Mountain_2_4:(0.080, 0.997, 0.000) separation=0.06889807;Ground_Mountain_2_4:(0.080, 0.997, 0.000) separation=0.06335786;Ground_Mountain_2_4:(0.080, 0.997, 0.000) separation=0.06889828;Ground_Mountain_2_4:(0.080, 0.997, 0.000) separation=0.06335801;Ground_Mountain_2_4:(0.080, 0.997, 0.000) separation=0.06449561;Ground_Summit authored launch:(0.080, 0.997, 0.000) separation=0.009100598;Ground_Summit authored launch:(0.080, 0.997, 0.000) separation=0.003564609;Ground_Summit authored launch:(0.080, 0.997, 0.000) separation=0.003563523;Ground_Summit authored launch:(0.080, 0.997, 0.000) separation=0.009101706;Ground_Summit authored launch:(0.080, 0.997, 0.000) separation=0.004712092;Ground_Summit authored launch:(0.080, 0.997, 0.000) separation=0.004713565;"
0.215,1058.083,146.320,201.275,31.552,-31.392,3.222,-0.002,0.227,0.000,0.000,4,20.293,0.524,0.996,"Ground_Mountain_2_4:(0.080, 0.997, 0.000) separation=0.07163829;Ground_Mountain_2_4:(0.080, 0.997, 0.000) separation=0.08061696;Ground_Mountain_2_4:(0.080, 0.997, 0.000) separation=0.07163764;Ground_Mountain_2_4:(0.080, 0.997, 0.000) separation=0.08061764;Ground_Mountain_2_4:(0.080, 0.997, 0.000) separation=0.07317969;Ground_Mountain_2_4:(0.080, 0.997, 0.000) separation=0.07551098;Ground_Summit authored launch:(0.080, 0.997, 0.000) separation=0.02080623;Ground_Summit authored launch:(0.080, 0.997, 0.000) separation=0.01181544;Ground_Summit authored launch:(0.080, 0.997, 0.000) separation=0.0118137;Ground_Summit authored launch:(0.080, 0.997, 0.000) separation=0.02080797;Ground_Summit authored launch:(0.080, 0.997, 0.000) separation=0.01510111;Ground_Summit authored launch:(0.080, 0.997, 0.000) separation=0.01510352;"
0.235,1057.455,146.388,201.275,31.557,-31.382,3.385,-0.002,0.224,0.000,0.000,4,17.951,0.414,0.996,"Ground_Mountain_2_4:(0.080, 0.997, 0.000) separation=0.08458894;Ground_Mountain_2_4:(0.080, 0.997, 0.000) separation=0.09600726;Ground_Mountain_2_4:(0.080, 0.997, 0.000) separation=0.08458811;Ground_Mountain_2_4:(0.080, 0.997, 0.000) separation=0.09600812;Ground_Mountain_2_4:(0.080, 0.997, 0.000) separation=0.08458823;Ground_Mountain_2_4:(0.080, 0.997, 0.000) separation=0.08731699;Ground_Summit authored launch:(0.080, 0.997, 0.000) separation=0.03618561;Ground_Summit authored launch:(0.080, 0.997, 0.000) separation=0.02477783;Ground_Summit authored launch:(0.080, 0.997, 0.000) separation=0.02477568;Ground_Summit authored launch:(0.080, 0.997, 0.000) separation=0.03618776;Ground_Summit authored launch:(0.080, 0.997, 0.000) separation=0.02588507;Ground_Summit authored launch:(0.080, 0.997, 0.000) separation=0.02588841;"
0.255,1056.828,146.458,201.275,31.560,-31.376,3.503,-0.002,0.222,0.000,0.000,4,15.679,0.319,0.996,"Ground_Mountain_2_4:(0.080, 0.997, 0.000) separation=0.1012233;Ground_Mountain_2_4:(0.080, 0.997, 0.000) separation=0.1141888;Ground_Mountain_2_4:(0.080, 0.997, 0.000) separation=0.1012223;Ground_Mountain_2_4:(0.080, 0.997, 0.000) separation=0.1141897;Ground_Mountain_2_4:(0.080, 0.997, 0.000) separation=0.1012229;Ground_Mountain_2_4:(0.080, 0.997, 0.000) separation=0.1030954;Ground_Summit authored launch:(0.080, 0.997, 0.000) separation=0.05438778;Ground_Summit authored launch:(0.080, 0.997, 0.000) separation=0.04143038;Ground_Summit authored launch:(0.080, 0.997, 0.000) separation=0.041428;Ground_Summit authored launch:(0.080, 0.997, 0.000) separation=0.05439014;Ground_Summit authored launch:(0.080, 0.997, 0.000) separation=0.04240307;Ground_Summit authored launch:(0.080, 0.997, 0.000) separation=0.04473817;"
0.275,1056.200,146.529,201.275,31.564,-31.372,3.577,-0.002,0.220,0.000,0.000,4,13.543,0.237,0.996,"Ground_Mountain_2_4:(0.080, 0.997, 0.000) separation=0.1206128;Ground_Mountain_2_4:(0.080, 0.997, 0.000) separation=0.1344365;Ground_Mountain_2_4:(0.080, 0.997, 0.000) separation=0.1206123;Ground_Mountain_2_4:(0.080, 0.997, 0.000) separation=0.134437;Ground_Mountain_2_4:(0.080, 0.997, 0.000) separation=0.1236536;Ground_Mountain_2_4:(0.080, 0.997, 0.000) separation=0.1322155;Ground_Summit authored launch:(0.080, 0.997, 0.000) separation=0.07459008;Ground_Summit authored launch:(0.080, 0.997, 0.000) separation=0.06078633;Ground_Summit authored launch:(0.080, 0.997, 0.000) separation=0.06078374;Ground_Summit authored launch:(0.080, 0.997, 0.000) separation=0.07459267;Ground_Summit authored launch:(0.080, 0.997, 0.000) separation=0.06078503;Ground_Summit authored launch:(0.080, 0.997, 0.000) separation=0.06096587;"
0.295,1055.573,146.601,201.275,31.567,-31.372,3.613,-0.002,0.218,0.000,0.000,4,11.591,0.168,0.996,"Ground_Mountain_2_4:(0.080, 0.997, 0.000) separation=0.1417522;Ground_Mountain_2_4:(0.080, 0.997, 0.000) separation=0.1558378;Ground_Mountain_2_4:(0.080, 0.997, 0.000) separation=0.1417516;Ground_Mountain_2_4:(0.080, 0.997, 0.000) separation=0.1558383;Ground_Mountain_2_4:(0.080, 0.997, 0.000) separation=0.1417517;Ground_Mountain_2_4:(0.080, 0.997, 0.000) separation=0.1497941;Ground_Summit authored launch:(0.080, 0.997, 0.000) separation=0.09601724;Ground_Summit authored launch:(0.080, 0.997, 0.000) separation=0.08194648;Ground_Summit authored launch:(0.080, 0.997, 0.000) separation=0.08194384;Ground_Summit authored launch:(0.080, 0.997, 0.000) separation=0.09602064;Ground_Summit authored launch:(0.080, 0.997, 0.000) separation=0.08399725;Ground_Summit authored launch:(0.080, 0.997, 0.000) separation=0.08400065;"
0.315,1054.945,146.674,201.275,31.569,-31.375,3.615,-0.002,0.217,0.000,0.000,4,9.859,0.111,0.996,"Ground_Mountain_2_4:(0.080, 0.997, 0.000) separation=0.1638385;Ground_Mountain_2_4:(0.080, 0.997, 0.000) separation=0.1777779;Ground_Mountain_2_4:(0.080, 0.997, 0.000) separation=0.1638374;Ground_Mountain_2_4:(0.080, 0.997, 0.000) separation=0.1777789;Ground_Mountain_2_4:(0.080, 0.997, 0.000) separation=0.1638379;Ground_Mountain_2_4:(0.080, 0.997, 0.000) separation=0.1680438;Ground_Summit authored launch:(0.080, 0.997, 0.000) separation=0.1179502;Ground_Summit authored launch:(0.080, 0.997, 0.000) separation=0.1040266;Ground_Summit authored launch:(0.080, 0.997, 0.000) separation=0.1040239;Ground_Summit authored launch:(0.080, 0.997, 0.000) separation=0.1179529;Ground_Summit authored launch:(0.080, 0.997, 0.000) separation=0.1082547;Ground_Summit authored launch:(0.080, 0.997, 0.000) separation=0.1082582;"
0.335,1054.318,146.745,201.275,31.571,-31.380,3.586,-0.003,0.215,0.000,0.000,4,8.366,0.064,0.996,"Ground_Mountain_2_4:(0.080, 0.997, 0.000) separation=0.1861084;Ground_Mountain_2_4:(0.080, 0.997, 0.000) separation=0.1995483;Ground_Mountain_2_4:(0.080, 0.997, 0.000) separation=0.1861079;Ground_Mountain_2_4:(0.080, 0.997, 0.000) separation=0.1995488;Ground_Mountain_2_4:(0.080, 0.997, 0.000) separation=0.1861084;Ground_Mountain_2_4:(0.080, 0.997, 0.000) separation=0.1865529;Ground_Summit authored launch:(0.080, 0.997, 0.000) separation=0.1397428;Ground_Summit authored launch:(0.080, 0.997, 0.000) separation=0.1263029;Ground_Summit authored launch:(0.080, 0.997, 0.000) separation=0.1263002;Ground_Summit authored launch:(0.080, 0.997, 0.000) separation=0.1397455;Ground_Summit authored launch:(0.080, 0.997, 0.000) separation=0.126773;Ground_Summit authored launch:(0.080, 0.997, 0.000) separation=0.1267764;"
0.355,1053.690,146.816,201.275,31.573,-31.387,3.533,-0.003,0.214,0.000,0.000,4,7.124,0.026,0.996,"Ground_Mountain_2_4:(0.080, 0.997, 0.000) separation=0.2079138;Ground_Mountain_2_4:(0.080, 0.997, 0.000) separation=0.2206158;Ground_Mountain_2_4:(0.080, 0.997, 0.000) separation=0.2079128;Ground_Mountain_2_4:(0.080, 0.997, 0.000) separation=0.2206168;Ground_Mountain_2_4:(0.080, 0.997, 0.000) separation=0.2157574;Ground_Mountain_2_4:(0.080, 0.997, 0.000) separation=0.2157594;Ground_Summit authored launch:(0.080, 0.997, 0.000) separation=0.1608262;Ground_Summit authored launch:(0.080, 0.997, 0.000) separation=0.1481123;Ground_Summit authored launch:(0.080, 0.997, 0.000) separation=0.1481098;Ground_Summit authored launch:(0.080, 0.997, 0.000) separation=0.1608287;Ground_Summit authored launch:(0.080, 0.997, 0.000) separation=0.1505694;Ground_Summit authored launch:(0.080, 0.997, 0.000) separation=0.1505726;"
0.375,1053.062,146.885,201.275,31.576,-31.396,3.460,-0.003,0.213,0.000,0.000,4,6.131,0.003,0.996,"Ground_Mountain_2_4:(0.080, 0.997, 0.000) separation=0.2287891;Ground_Mountain_2_4:(0.080, 0.997, 0.000) separation=0.2405958;Ground_Mountain_2_4:(0.080, 0.997, 0.000) separation=0.2287882;Ground_Mountain_2_4:(0.080, 0.997, 0.000) separation=0.2405967;Ground_Mountain_2_4:(0.080, 0.997, 0.000) separation=0.2287886;Ground_Mountain_2_4:(0.080, 0.997, 0.000) separation=0.2329236;Ground_Summit authored launch:(0.080, 0.997, 0.000) separation=0.1807669;Ground_Summit authored launch:(0.080, 0.997, 0.000) separation=0.168946;Ground_Summit authored launch:(0.080, 0.997, 0.000) separation=0.1689438;Ground_Summit authored launch:(0.080, 0.997, 0.000) separation=0.1807691;Ground_Summit authored launch:(0.080, 0.997, 0.000) separation=0.1731016;Ground_Summit authored launch:(0.080, 0.997, 0.000) separation=0.1731044;"
0.395,1052.434,146.953,201.275,31.577,-31.405,3.373,-0.003,0.212,0.000,0.000,4,5.381,0.026,0.996,"Ground_Mountain_2_4:(0.080, 0.997, 0.000) separation=0.2481618;Ground_Mountain_2_4:(0.080, 0.997, 0.000) separation=0.2589774;Ground_Mountain_2_4:(0.080, 0.997, 0.000) separation=0.248161;Ground_Mountain_2_4:(0.080, 0.997, 0.000) separation=0.2589782;Ground_Mountain_2_4:(0.080, 0.997, 0.000) separation=0.2481616;Ground_Mountain_2_4:(0.080, 0.997, 0.000) separation=0.2490368;Ground_Summit authored launch:(0.080, 0.997, 0.000) separation=0.1991758;Ground_Summit authored launch:(0.080, 0.997, 0.000) separation=0.1883526;Ground_Summit authored launch:(0.080, 0.997, 0.000) separation=0.1883506;Ground_Summit authored launch:(0.080, 0.997, 0.000) separation=0.1991778;Ground_Summit authored launch:(0.080, 0.997, 0.000) separation=0.1892488;Ground_Summit authored launch:(0.080, 0.997, 0.000) separation=0.1892514;"
0.415,1051.805,147.018,201.275,31.579,-31.416,3.274,-0.003,0.211,0.000,0.000,4,4.861,0.043,0.997,"Ground_Mountain_2_4:(0.080, 0.997, 0.000) separation=0.265823;Ground_Mountain_2_4:(0.080, 0.997, 0.000) separation=0.2756035;Ground_Mountain_2_4:(0.080, 0.997, 0.000) separation=0.2658337;Ground_Mountain_2_4:(0.080, 0.997, 0.000) separation=0.2755928;Ground_Mountain_2_4:(0.080, 0.997, 0.000) separation=0.2662922;Ground_Mountain_2_4:(0.080, 0.997, 0.000) separation=0.2723209;Ground_Summit authored launch:(0.080, 0.997, 0.000) separation=0.2157986;Ground_Summit authored launch:(0.080, 0.997, 0.000) separation=0.2060267;Ground_Summit authored launch:(0.080, 0.997, 0.000) separation=0.206025;Ground_Summit authored launch:(0.080, 0.997, 0.000) separation=0.2158002;Ground_Summit authored launch:(0.080, 0.997, 0.000) separation=0.2083822;Ground_Summit authored launch:(0.080, 0.997, 0.000) separation=0.2083843;"
0.435,1051.177,147.082,201.275,31.581,-31.427,3.170,-0.003,0.210,0.000,0.000,4,4.549,0.055,0.997,"Ground_Mountain_2_4:(0.080, 0.997, 0.000) separation=0.2815445;Ground_Mountain_2_4:(0.080, 0.997, 0.000) separation=0.2902586;Ground_Mountain_2_4:(0.080, 0.997, 0.000) separation=0.2815438;Ground_Mountain_2_4:(0.080, 0.997, 0.000) separation=0.2902592;Ground_Mountain_2_4:(0.080, 0.997, 0.000) separation=0.281544;Ground_Mountain_2_4:(0.080, 0.997, 0.000) separation=0.2850008;Ground_Summit authored launch:(0.080, 0.997, 0.000) separation=0.230433;Ground_Summit authored launch:(0.080, 0.997, 0.000) separation=0.2217263;Ground_Summit authored launch:(0.080, 0.997, 0.000) separation=0.2217251;Ground_Summit authored launch:(0.080, 0.997, 0.000) separation=0.2304343;Ground_Summit authored launch:(0.080, 0.997, 0.000) separation=0.2252027;Ground_Summit authored launch:(0.080, 0.997, 0.000) separation=0.2252044;"
0.455,1050.548,147.143,201.274,31.583,-31.438,3.063,-0.002,0.209,0.000,0.000,4,4.425,0.062,0.997,"Ground_Mountain_2_4:(0.080, 0.997, 0.000) separation=0.2951533;Ground_Mountain_2_4:(0.080, 0.997, 0.000) separation=0.302808;Ground_Mountain_2_4:(0.080, 0.997, 0.000) separation=0.2951531;Ground_Mountain_2_4:(0.080, 0.997, 0.000) separation=0.3028083;Ground_Mountain_2_4:(0.080, 0.997, 0.000) separation=0.2951532;Ground_Mountain_2_4:(0.080, 0.997, 0.000) separation=0.2961395;Ground_Summit authored launch:(0.080, 0.997, 0.000) separation=0.2429789;Ground_Summit authored launch:(0.080, 0.997, 0.000) separation=0.2353199;Ground_Summit authored launch:(0.080, 0.997, 0.000) separation=0.2353188;Ground_Summit authored launch:(0.080, 0.997, 0.000) separation=0.24298;Ground_Summit authored launch:(0.080, 0.997, 0.000) separation=0.2363188;Ground_Summit authored launch:(0.080, 0.997, 0.000) separation=0.2363202;"
0.475,1049.918,147.202,201.274,31.585,-31.449,2.957,-0.002,0.208,0.000,0.000,4,4.466,0.066,0.997,"Ground_Mountain_2_4:(0.080, 0.997, 0.000) separation=0.3065668;Ground_Mountain_2_4:(0.080, 0.997, 0.000) separation=0.3132328;Ground_Mountain_2_4:(0.080, 0.997, 0.000) separation=0.3065665;Ground_Mountain_2_4:(0.080, 0.997, 0.000) separation=0.313233;Ground_Mountain_2_4:(0.080, 0.997, 0.000) separation=0.3071955;Ground_Mountain_2_4:(0.080, 0.997, 0.000) separation=0.3113215;Ground_Summit authored launch:(0.080, 0.997, 0.000) separation=0.2534155;Ground_Summit authored launch:(0.080, 0.997, 0.000) separation=0.2467538;Ground_Summit authored launch:(0.080, 0.997, 0.000) separation=0.2467528;Ground_Summit authored launch:(0.080, 0.997, 0.000) separation=0.2534164;Ground_Summit authored launch:(0.080, 0.997, 0.000) separation=0.2486731;Ground_Summit authored launch:(0.080, 0.997, 0.000) separation=0.2486744;"
0.495,1049.289,147.259,201.274,31.587,-31.459,2.855,-0.002,0.207,0.000,0.000,4,4.643,0.068,0.997,"Ground_Mountain_2_4:(0.080, 0.997, 0.000) separation=0.3158219;Ground_Mountain_2_4:(0.080, 0.997, 0.000) separation=0.3215327;Ground_Mountain_2_4:(0.080, 0.997, 0.000) separation=0.3158217;Ground_Mountain_2_4:(0.080, 0.997, 0.000) separation=0.3215329;Ground_Mountain_2_4:(0.080, 0.997, 0.000) separation=0.3158217;Ground_Mountain_2_4:(0.080, 0.997, 0.000) separation=0.3183557;Ground_Summit authored launch:(0.080, 0.997, 0.000) separation=0.2617428;Ground_Summit authored launch:(0.080, 0.997, 0.000) separation=0.2560247;Ground_Summit authored launch:(0.080, 0.997, 0.000) separation=0.256024;Ground_Summit authored launch:(0.080, 0.997, 0.000) separation=0.2617436;Ground_Summit authored launch:(0.080, 0.997, 0.000) separation=0.2561372;Ground_Summit authored launch:(0.080, 0.997, 0.000) separation=0.2561381;"
0.515,1048.660,147.314,201.274,31.589,-31.469,2.758,-0.002,0.206,0.000,0.000,4,4.932,0.067,0.997,"Ground_Mountain_2_4:(0.080, 0.997, 0.000) separation=0.3230169;Ground_Mountain_2_4:(0.080, 0.997, 0.000) separation=0.3278423;Ground_Mountain_2_4:(0.080, 0.997, 0.000) separation=0.3230168;Ground_Mountain_2_4:(0.080, 0.997, 0.000) separation=0.3278425;Ground_Mountain_2_4:(0.080, 0.997, 0.000) separation=0.3230169;Ground_Mountain_2_4:(0.080, 0.997, 0.000) separation=0.3238641;Ground_Summit authored launch:(0.080, 0.997, 0.000) separation=0.2680368;Ground_Summit authored launch:(0.080, 0.997, 0.000) separation=0.2631983;Ground_Summit authored launch:(0.080, 0.997, 0.000) separation=0.2631976;Ground_Summit authored launch:(0.080, 0.997, 0.000) separation=0.2680375;Ground_Summit authored launch:(0.080, 0.997, 0.000) separation=0.2640558;Ground_Summit authored launch:(0.080, 0.997, 0.000) separation=0.2640567;"
0.535,1048.030,147.368,201.274,31.591,-31.478,2.669,-0.002,0.206,0.000,0.000,4,5.310,0.065,0.997,"Ground_Mountain_2_4:(0.080, 0.997, 0.000) separation=0.3282237;Ground_Mountain_2_4:(0.080, 0.997, 0.000) separation=0.3322583;Ground_Mountain_2_4:(0.080, 0.997, 0.000) separation=0.3282235;Ground_Mountain_2_4:(0.080, 0.997, 0.000) separation=0.3322585;Ground_Mountain_2_4:(0.080, 0.997, 0.000) separation=0.3287949;Ground_Mountain_2_4:(0.080, 0.997, 0.000) separation=0.3312949;Ground_Summit authored launch:(0.080, 0.997, 0.000) separation=0.2724479;Ground_Summit authored launch:(0.080, 0.997, 0.000) separation=0.2684158;Ground_Summit authored launch:(0.080, 0.997, 0.000) separation=0.2684153;Ground_Summit authored launch:(0.080, 0.997, 0.000) separation=0.2724484;Ground_Summit authored launch:(0.080, 0.997, 0.000) separation=0.269778;Ground_Summit authored launch:(0.080, 0.997, 0.000) separation=0.2697787;"
0.555,1047.400,147.420,201.274,31.592,-31.486,2.589,-0.002,0.205,0.000,0.000,4,5.751,0.062,0.997,"Ground_Mountain_2_4:(0.080, 0.997, 0.000) separation=0.3315833;Ground_Mountain_2_4:(0.080, 0.997, 0.000) separation=0.3348984;Ground_Mountain_2_4:(0.080, 0.997, 0.000) separation=0.3315833;Ground_Mountain_2_4:(0.080, 0.997, 0.000) separation=0.3348984;Ground_Mountain_2_4:(0.080, 0.997, 0.000) separation=0.3315833;Ground_Mountain_2_4:(0.080, 0.997, 0.000) separation=0.3332177;Ground_Summit authored launch:(0.080, 0.997, 0.000) separation=0.2751104;Ground_Summit authored launch:(0.080, 0.997, 0.000) separation=0.2718112;Ground_Summit authored launch:(0.080, 0.997, 0.000) separation=0.2718109;Ground_Summit authored launch:(0.080, 0.997, 0.000) separation=0.2751108;Ground_Summit authored launch:(0.080, 0.997, 0.000) separation=0.2720346;Ground_Summit authored launch:(0.080, 0.997, 0.000) separation=0.272035;"
0.575,1046.770,147.470,201.274,31.594,-31.494,2.519,-0.002,0.204,0.000,0.000,4,6.235,0.057,0.997,"Ground_Mountain_2_4:(0.080, 0.997, 0.000) separation=0.3333527;Ground_Mountain_2_4:(0.080, 0.997, 0.000) separation=0.3360057;Ground_Mountain_2_4:(0.080, 0.997, 0.000) separation=0.3333526;Ground_Mountain_2_4:(0.080, 0.997, 0.000) separation=0.3360058;Ground_Mountain_2_4:(0.080, 0.997, 0.000) separation=0.3333527;Ground_Mountain_2_4:(0.080, 0.997, 0.000) separation=0.3339501;Ground_Summit authored launch:(0.080, 0.997, 0.000) separation=0.2761901;Ground_Summit authored launch:(0.080, 0.997, 0.000) separation=0.2735358;Ground_Summit authored launch:(0.080, 0.997, 0.000) separation=0.2735356;Ground_Summit authored launch:(0.080, 0.997, 0.000) separation=0.2761904;Ground_Summit authored launch:(0.080, 0.997, 0.000) separation=0.2741333;Ground_Summit authored launch:(0.080, 0.997, 0.000) separation=0.2741336;"
0.595,1046.140,147.519,201.274,31.596,-31.500,2.458,-0.002,0.203,0.000,0.000,4,6.744,0.052,0.997,"Ground_Mountain_2_4:(0.080, 0.997, 0.000) separation=0.3336194;Ground_Mountain_2_4:(0.080, 0.997, 0.000) separation=0.3357105;Ground_Mountain_2_4:(0.080, 0.997, 0.000) separation=0.3336194;Ground_Mountain_2_4:(0.080, 0.997, 0.000) separation=0.3357105;Ground_Mountain_2_4:(0.080, 0.997, 0.000) separation=0.3340139;Ground_Mountain_2_4:(0.080, 0.997, 0.000) separation=0.3353082;Ground_Summit authored launch:(0.080, 0.997, 0.000) separation=0.2758765;Ground_Summit authored launch:(0.080, 0.997, 0.000) separation=0.2737863;Ground_Summit authored launch:(0.080, 0.997, 0.000) separation=0.273786;Ground_Summit authored launch:(0.080, 0.997, 0.000) separation=0.2758768;Ground_Summit authored launch:(0.080, 0.997, 0.000) separation=0.274587;Ground_Summit authored launch:(0.080, 0.997, 0.000) separation=0.2745873;"
0.615,1045.510,147.567,201.274,31.597,-31.506,2.408,-0.001,0.202,0.000,0.000,4,7.256,0.047,0.997,"Ground_Mountain_2_4:(0.080, 0.997, 0.000) separation=0.3325899;Ground_Mountain_2_4:(0.080, 0.997, 0.000) separation=0.3341887;Ground_Mountain_2_4:(0.080, 0.997, 0.000) separation=0.3325898;Ground_Mountain_2_4:(0.080, 0.997, 0.000) separation=0.3341888;Ground_Mountain_2_4:(0.080, 0.997, 0.000) separation=0.3325899;Ground_Mountain_2_4:(0.080, 0.997, 0.000) separation=0.3334467;Ground_Summit authored launch:(0.080, 0.997, 0.000) separation=0.2744033;Ground_Summit authored launch:(0.080, 0.997, 0.000) separation=0.2728016;Ground_Summit authored launch:(0.080, 0.997, 0.000) separation=0.2728014;Ground_Summit authored launch:(0.080, 0.997, 0.000) separation=0.2744035;Ground_Summit authored launch:(0.080, 0.997, 0.000) separation=0.2729844;Ground_Summit authored launch:(0.080, 0.997, 0.000) separation=0.2729847;"
0.635,1044.880,147.615,201.274,31.599,-31.510,2.368,-0.001,0.201,0.000,0.000,4,7.760,0.042,0.997,"Ground_Mountain_2_4:(0.080, 0.997, 0.000) separation=0.3305909;Ground_Mountain_2_4:(0.080, 0.997, 0.000) separation=0.3317753;Ground_Mountain_2_4:(0.080, 0.997, 0.000) separation=0.3305909;Ground_Mountain_2_4:(0.080, 0.997, 0.000) separation=0.3317753;Ground_Mountain_2_4:(0.080, 0.997, 0.000) separation=0.3305909;Ground_Mountain_2_4:(0.080, 0.997, 0.000) separation=0.3309139;Ground_Summit authored launch:(0.080, 0.997, 0.000) separation=0.2719626;Ground_Summit authored launch:(0.080, 0.997, 0.000) separation=0.2707779;Ground_Summit authored launch:(0.080, 0.997, 0.000) separation=0.2707777;Ground_Summit authored launch:(0.080, 0.997, 0.000) separation=0.2719629;Ground_Summit authored launch:(0.080, 0.997, 0.000) separation=0.2711003;Ground_Summit authored launch:(0.080, 0.997, 0.000) separation=0.2711005;"
0.655,1044.250,147.661,201.274,31.600,-31.514,2.338,-0.001,0.201,0.000,0.000,4,8.243,0.037,0.997,"Ground_Mountain_2_4:(0.080, 0.997, 0.000) separation=0.3277088;Ground_Mountain_2_4:(0.080, 0.997, 0.000) separation=0.3285311;Ground_Mountain_2_4:(0.080, 0.997, 0.000) separation=0.3277088;Ground_Mountain_2_4:(0.080, 0.997, 0.000) separation=0.3285311;Ground_Mountain_2_4:(0.080, 0.997, 0.000) separation=0.32771;Ground_Mountain_2_4:(0.080, 0.997, 0.000) separation=0.32771;Ground_Summit authored launch:(0.080, 0.997, 0.000) separation=0.2687396;Ground_Summit authored launch:(0.080, 0.997, 0.000) separation=0.2679062;Ground_Summit authored launch:(0.080, 0.997, 0.000) separation=0.267906;Ground_Summit authored launch:(0.080, 0.997, 0.000) separation=0.2687398;Ground_Summit authored launch:(0.080, 0.997, 0.000) separation=0.2679088;Ground_Summit authored launch:(0.080, 0.997, 0.000) separation=0.267909;"
0.675,1043.619,147.708,201.274,31.601,-31.517,2.316,-0.001,0.200,0.000,0.000,4,8.695,0.032,0.997,"Ground_Mountain_2_4:(0.080, 0.997, 0.000) separation=0.3241915;Ground_Mountain_2_4:(0.080, 0.997, 0.000) separation=0.3247276;Ground_Mountain_2_4:(0.080, 0.997, 0.000) separation=0.3241915;Ground_Mountain_2_4:(0.080, 0.997, 0.000) separation=0.3247276;Ground_Mountain_2_4:(0.080, 0.997, 0.000) separation=0.3241914;Ground_Mountain_2_4:(0.080, 0.997, 0.000) separation=0.3245054;Ground_Summit authored launch:(0.080, 0.997, 0.000) separation=0.2649418;Ground_Summit authored launch:(0.080, 0.997, 0.000) separation=0.2644005;Ground_Summit authored launch:(0.080, 0.997, 0.000) separation=0.2644003;Ground_Summit authored launch:(0.080, 0.997, 0.000) separation=0.264942;Ground_Summit authored launch:(0.080, 0.997, 0.000) separation=0.2644876;Ground_Summit authored launch:(0.080, 0.997, 0.000) separation=0.2644877;"
0.695,1042.989,147.754,201.274,31.603,-31.519,2.303,0.000,0.199,0.000,0.000,4,9.108,0.028,0.997,"Ground_Mountain_2_4:(0.080, 0.997, 0.000) separation=0.320234;Ground_Mountain_2_4:(0.080, 0.997, 0.000) separation=0.3205444;Ground_Mountain_2_4:(0.080, 0.997, 0.000) separation=0.320234;Ground_Mountain_2_4:(0.080, 0.997, 0.000) separation=0.3205444;Ground_Mountain_2_4:(0.080, 0.997, 0.000) separation=0.320234;Ground_Mountain_2_4:(0.080, 0.997, 0.000) separation=0.3203246;Ground_Summit authored launch:(0.080, 0.997, 0.000) separation=0.2607311;Ground_Summit authored launch:(0.080, 0.997, 0.000) separation=0.2604278;Ground_Summit authored launch:(0.080, 0.997, 0.000) separation=0.2604276;Ground_Summit authored launch:(0.080, 0.997, 0.000) separation=0.2607313;Ground_Summit authored launch:(0.080, 0.997, 0.000) separation=0.2605245;Ground_Summit authored launch:(0.080, 0.997, 0.000) separation=0.2605247;"
0.715,1042.358,147.800,201.274,31.604,-31.521,2.297,0.000,0.199,0.000,0.000,4,9.476,0.023,0.997,"Ground_Mountain_2_4:(0.080, 0.997, 0.000) separation=0.315986;Ground_Mountain_2_4:(0.080, 0.997, 0.000) separation=0.316095;Ground_Mountain_2_4:(0.080, 0.997, 0.000) separation=0.315986;Ground_Mountain_2_4:(0.080, 0.997, 0.000) separation=0.316095;Ground_Mountain_2_4:(0.080, 0.997, 0.000) separation=0.3159861;Ground_Mountain_2_4:(0.080, 0.997, 0.000) separation=0.3159912;Ground_Summit authored launch:(0.080, 0.997, 0.000) separation=0.2562846;Ground_Summit authored launch:(0.080, 0.997, 0.000) separation=0.256172;Ground_Summit authored launch:(0.080, 0.997, 0.000) separation=0.2561718;Ground_Summit authored launch:(0.080, 0.997, 0.000) separation=0.2562848;Ground_Summit authored launch:(0.080, 0.997, 0.000) separation=0.2561775;Ground_Summit authored launch:(0.080, 0.997, 0.000) separation=0.2561777;"
0.735,1041.728,147.846,201.274,31.605,-31.522,2.298,0.000,0.198,0.000,0.000,4,9.798,0.019,0.997,"Ground_Mountain_2_4:(0.080, 0.997, 0.000) separation=0.3115622;Ground_Mountain_2_4:(0.080, 0.997, 0.000) separation=0.3115444;Ground_Mountain_2_4:(0.080, 0.997, 0.000) separation=0.3115622;Ground_Mountain_2_4:(0.080, 0.997, 0.000) separation=0.3115444;Ground_Mountain_2_4:(0.080, 0.997, 0.000) separation=0.3115444;Ground_Mountain_2_4:(0.080, 0.997, 0.000) separation=0.3115467;Ground_Summit authored launch:(0.080, 0.997, 0.000) separation=0.2517382;Ground_Summit authored launch:(0.080, 0.997, 0.000) separation=0.2517747;Ground_Summit authored launch:(0.080, 0.997, 0.000) separation=0.2517745;Ground_Summit authored launch:(0.080, 0.997, 0.000) separation=0.2517383;Ground_Summit authored launch:(0.080, 0.997, 0.000) separation=0.2517508;Ground_Summit authored launch:(0.080, 0.997, 0.000) separation=0.2517516;"
0.755,1041.097,147.892,201.274,31.606,-31.523,2.304,0.000,0.198,0.000,0.000,4,10.072,0.016,0.997,"Ground_Mountain_2_4:(0.080, 0.997, 0.000) separation=0.3071691;Ground_Mountain_2_4:(0.080, 0.997, 0.000) separation=0.307031;Ground_Mountain_2_4:(0.080, 0.997, 0.000) separation=0.3071691;Ground_Mountain_2_4:(0.080, 0.997, 0.000) separation=0.307031;Ground_Mountain_2_4:(0.080, 0.997, 0.000) separation=0.307031;Ground_Mountain_2_4:(0.080, 0.997, 0.000) separation=0.3070813;Ground_Summit authored launch:(0.080, 0.997, 0.000) separation=0.2472122;Ground_Summit authored launch:(0.080, 0.997, 0.000) separation=0.2473552;Ground_Summit authored launch:(0.080, 0.997, 0.000) separation=0.247355;Ground_Summit authored launch:(0.080, 0.997, 0.000) separation=0.2472124;Ground_Summit authored launch:(0.080, 0.997, 0.000) separation=0.2472332;Ground_Summit authored launch:(0.080, 0.997, 0.000) separation=0.247236;"
0.775,1040.467,147.938,201.274,31.607,-31.523,2.314,0.001,0.197,0.000,0.000,4,10.298,0.013,0.997,"Ground_Mountain_2_4:(0.083, 0.997, 0.000) separation=0.3028602;Ground_Mountain_2_4:(0.083, 0.997, 0.000) separation=0.3013847;Ground_Mountain_2_4:(0.083, 0.997, 0.000) separation=0.3028602;Ground_Mountain_2_4:(0.083, 0.997, 0.000) separation=0.3013856;Ground_Mountain_2_4:(0.083, 0.997, 0.000) separation=0.302655;Ground_Mountain_2_4:(0.083, 0.997, 0.000) separation=0.302655;Ground_Summit authored launch:(0.082, 0.997, 0.000) separation=0.2422322;Ground_Summit authored launch:(0.082, 0.997, 0.000) separation=0.2430513;Ground_Summit authored launch:(0.082, 0.997, 0.000) separation=0.2430511;Ground_Summit authored launch:(0.082, 0.997, 0.000) separation=0.242232;Ground_Summit authored launch:(0.082, 0.997, 0.000) separation=0.2425279;Ground_Summit authored launch:(0.082, 0.997, 0.000) separation=0.2428439;"
0.795,1039.836,147.985,201.274,31.608,-31.522,2.330,0.001,0.197,0.000,0.000,4,10.543,0.067,0.997,"Ground_Mountain_2_4:(0.087, 0.996, 0.000) separation=0.2987601;Ground_Mountain_2_4:(0.087, 0.996, 0.000) separation=0.2906922;Ground_Mountain_2_4:(0.087, 0.996, 0.000) separation=0.2987601;Ground_Mountain_2_4:(0.087, 0.996, 0.000) separation=0.290693;Ground_Mountain_2_4:(0.087, 0.996, 0.000) separation=0.2906922;Ground_Mountain_2_4:(0.087, 0.996, 0.000) separation=0.2928255;Ground_Summit authored launch:(0.082, 0.997, 0.000) separation=0.2348038;Ground_Summit authored launch:(0.082, 0.997, 0.000) separation=0.2389485;Ground_Summit authored launch:(0.082, 0.997, 0.000) separation=0.2389485;Ground_Summit authored launch:(0.082, 0.997, 0.000) separation=0.2348033;Ground_Summit authored launch:(0.082, 0.997, 0.000) separation=0.2384464;Ground_Summit authored launch:(0.082, 0.997, 0.000) separation=0.2387642;"
0.815,1039.206,148.032,201.274,31.608,-31.521,2.350,0.001,0.196,0.000,0.000,4,10.790,0.164,0.997,"Ground_Mountain_2_4:(0.087, 0.996, 0.000) separation=0.2949001;Ground_Mountain_2_4:(0.087, 0.996, 0.000) separation=0.2803698;Ground_Mountain_2_4:(0.087, 0.996, 0.000) separation=0.2949001;Ground_Mountain_2_4:(0.087, 0.996, 0.000) separation=0.2803713;Ground_Mountain_2_4:(0.087, 0.996, 0.000) separation=0.2803705;Ground_Mountain_2_4:(0.087, 0.996, 0.000) separation=0.2890843;Ground_Summit authored launch:(0.088, 0.996, 0.000) separation=0.2238398;Ground_Summit authored launch:(0.088, 0.996, 0.000) separation=0.2350879;Ground_Summit authored launch:(0.088, 0.996, 0.000) separation=0.235088;Ground_Summit authored launch:(0.088, 0.996, 0.000) separation=0.2238379;Ground_Summit authored launch:(0.088, 0.996, 0.000) separation=0.228808;Ground_Summit authored launch:(0.088, 0.996, 0.000) separation=0.2297291;"
0.835,1038.576,148.079,201.274,31.609,-31.520,2.379,0.002,0.196,0.000,0.000,4,11.206,0.180,0.997,"Ground_Mountain_2_4:(0.093, 0.996, 0.000) separation=0.2913432;Ground_Mountain_2_4:(0.093, 0.996, 0.000) separation=0.2703483;Ground_Mountain_2_4:(0.093, 0.996, 0.000) separation=0.2913433;Ground_Mountain_2_4:(0.093, 0.996, 0.000) separation=0.2703524;Ground_Mountain_2_4:(0.093, 0.996, 0.000) separation=0.2707631;Ground_Mountain_2_4:(0.093, 0.996, 0.000) separation=0.2707631;Ground_Summit authored launch:(0.095, 0.995, 0.000) separation=0.2107558;Ground_Summit authored launch:(0.095, 0.995, 0.000) separation=0.2315214;Ground_Summit authored launch:(0.095, 0.995, 0.000) separation=0.2315218;Ground_Summit authored launch:(0.095, 0.995, 0.000) separation=0.2107521;Ground_Summit authored launch:(0.095, 0.995, 0.000) separation=0.2107553;Ground_Summit authored launch:(0.095, 0.995, 0.000) separation=0.2109497;"
0.855,1037.946,148.128,201.274,31.610,-31.517,2.420,0.002,0.195,0.000,0.000,4,11.772,0.220,0.997,"Ground_Mountain_2_4:(0.104, 0.995, 0.000) separation=0.2849543;Ground_Mountain_2_4:(0.104, 0.995, 0.000) separation=0.2483804;Ground_Mountain_2_4:(0.104, 0.995, 0.000) separation=0.2849534;Ground_Mountain_2_4:(0.104, 0.995, 0.000) separation=0.2483858;Ground_Mountain_2_4:(0.104, 0.995, 0.000) separation=0.2483807;Ground_Mountain_2_4:(0.104, 0.995, 0.000) separation=0.2513201;Ground_Summit authored launch:(0.097, 0.995, 0.000) separation=0.1920624;Ground_Summit authored launch:(0.097, 0.995, 0.000) separation=0.2267344;Ground_Summit authored launch:(0.097, 0.995, 0.000) separation=0.2267358;Ground_Summit authored launch:(0.097, 0.995, 0.000) separation=0.1920581;Ground_Summit authored launch:(0.097, 0.995, 0.000) separation=0.2067788;Ground_Summit authored launch:(0.097, 0.995, 0.000) separation=0.2082771;"
0.875,1037.316,148.177,201.274,31.610,-31.513,2.474,0.002,0.195,0.000,0.000,4,12.480,0.228,0.997,"Ground_Mountain_2_4:(0.104, 0.995, 0.000) separation=0.275634;Ground_Mountain_2_4:(0.104, 0.995, 0.000) separation=0.2276278;Ground_Mountain_2_4:(0.104, 0.995, 0.000) separation=0.2756324;Ground_Mountain_2_4:(0.104, 0.995, 0.000) separation=0.2276331;Ground_Mountain_2_4:(0.104, 0.995, 0.000) separation=0.2276304;Ground_Mountain_2_4:(0.104, 0.995, 0.000) separation=0.2493482;Ground_Summit authored launch:(0.104, 0.995, 0.000) separation=0.1717696;Ground_Summit authored launch:(0.104, 0.995, 0.000) separation=0.2206429;Ground_Summit authored launch:(0.104, 0.995, 0.000) separation=0.2206445;Ground_Summit authored launch:(0.104, 0.995, 0.000) separation=0.171763;Ground_Summit authored launch:(0.104, 0.995, 0.000) separation=0.1790552;Ground_Summit authored launch:(0.104, 0.995, 0.000) separation=0.1811271;"
0.895,1036.686,148.228,201.274,31.610,-31.507,2.547,0.003,0.195,0.000,0.000,4,13.397,0.207,0.997,"Ground_Mountain_2_4:(0.104, 0.995, 0.000) separation=0.266932;Ground_Mountain_2_4:(0.104, 0.995, 0.000) separation=0.2083598;Ground_Mountain_2_4:(0.104, 0.995, 0.000) separation=0.2669305;Ground_Mountain_2_4:(0.104, 0.995, 0.000) separation=0.2083649;Ground_Mountain_2_4:(0.104, 0.995, 0.000) separation=0.2083645;Ground_Mountain_2_4:(0.104, 0.995, 0.000) separation=0.2475091;Ground_Summit authored launch:(0.107, 0.994, 0.000) separation=0.1492672;Ground_Summit authored launch:(0.107, 0.994, 0.000) separation=0.2094615;Ground_Summit authored launch:(0.107, 0.994, 0.000) separation=0.2094651;Ground_Summit authored launch:(0.107, 0.994, 0.000) separation=0.1492599;Ground_Summit authored launch:(0.107, 0.994, 0.000) separation=0.1777645;Ground_Summit authored launch:(0.107, 0.994, 0.000) separation=0.1797754;"
0.915,1036.057,148.281,201.274,31.610,-31.499,2.641,0.003,0.195,0.000,0.000,4,14.446,0.271,0.996,"Ground_Mountain_2_4:(0.117, 0.993, 0.000) separation=0.2552291;Ground_Mountain_2_4:(0.117, 0.993, 0.000) separation=0.1801372;Ground_Mountain_2_4:(0.117, 0.993, 0.000) separation=0.2552133;Ground_Mountain_2_4:(0.117, 0.993, 0.000) separation=0.1801456;Ground_Mountain_2_4:(0.117, 0.993, 0.000) separation=0.2056246;Ground_Mountain_2_4:(0.117, 0.993, 0.000) separation=0.2056246;Ground_Summit authored launch:(0.117, 0.993, 0.000) separation=0.1233459;Ground_Summit authored launch:(0.117, 0.993, 0.000) separation=0.1965535;Ground_Summit authored launch:(0.117, 0.993, 0.000) separation=0.1965591;Ground_Summit authored launch:(0.117, 0.993, 0.000) separation=0.1233363;Ground_Summit authored launch:(0.117, 0.993, 0.000) separation=0.1432728;Ground_Summit authored launch:(0.117, 0.993, 0.000) separation=0.1458187;"
0.935,1035.427,148.336,201.274,31.609,-31.489,2.757,0.003,0.195,0.000,0.000,4,15.565,0.197,0.996,"Ground_Mountain_2_4:(0.124, 0.992, 0.000) separation=0.2357944;Ground_Mountain_2_4:(0.124, 0.992, 0.000) separation=0.1523338;Ground_Mountain_2_4:(0.124, 0.992, 0.000) separation=0.2357888;Ground_Mountain_2_4:(0.124, 0.992, 0.000) separation=0.1523439;Ground_Mountain_2_4:(0.124, 0.992, 0.000) separation=0.1523381;Ground_Mountain_2_4:(0.124, 0.992, 0.000) separation=0.1804768;Ground_Summit authored launch:(0.124, 0.992, 0.000) separation=0.09723494;Ground_Summit authored launch:(0.124, 0.992, 0.000) separation=0.1803664;Ground_Summit authored launch:(0.124, 0.992, 0.000) separation=0.180372;Ground_Summit authored launch:(0.124, 0.992, 0.000) separation=0.0972231;Ground_Summit authored launch:(0.124, 0.992, 0.000) separation=0.1018826;Ground_Summit authored launch:(0.124, 0.992, 0.000) separation=0.1049446;"
0.955,1034.799,148.394,201.275,31.609,-31.476,2.898,0.004,0.195,0.000,0.000,4,16.775,0.110,0.996,"Ground_Mountain_2_4:(0.124, 0.992, 0.000) separation=0.2181291;Ground_Mountain_2_4:(0.124, 0.992, 0.000) separation=0.1274472;Ground_Mountain_2_4:(0.124, 0.992, 0.000) separation=0.218124;Ground_Mountain_2_4:(0.124, 0.992, 0.000) separation=0.1274568;Ground_Mountain_2_4:(0.124, 0.992, 0.000) separation=0.1274554;Ground_Mountain_2_4:(0.124, 0.992, 0.000) separation=0.1815239;Ground_Summit authored launch:(0.127, 0.992, 0.000) separation=0.06910943;Ground_Summit authored launch:(0.127, 0.992, 0.000) separation=0.161352;Ground_Summit authored launch:(0.127, 0.992, 0.000) separation=0.1613597;Ground_Summit authored launch:(0.127, 0.992, 0.000) separation=0.06909731;Ground_Summit authored launch:(0.127, 0.992, 0.000) separation=0.1042026;Ground_Summit authored launch:(0.127, 0.992, 0.000) separation=0.1071172;"
0.975,1034.171,148.455,201.275,31.608,-31.459,3.062,0.004,0.196,0.000,0.000,4,17.949,0.130,0.996,"Ground_Mountain_2_4:(0.138, 0.990, 0.000) separation=0.2010825;Ground_Mountain_2_4:(0.138, 0.990, 0.000) separation=0.09747311;Ground_Mountain_2_4:(0.138, 0.990, 0.000) separation=0.2010735;Ground_Mountain_2_4:(0.138, 0.990, 0.000) separation=0.09748657;Ground_Mountain_2_4:(0.138, 0.990, 0.000) separation=0.1227019;Ground_Mountain_2_4:(0.138, 0.990, 0.000) separation=0.122702;Ground_Summit authored launch:(0.138, 0.990, 0.000) separation=0.04023852;Ground_Summit authored launch:(0.138, 0.990, 0.000) separation=0.141975;Ground_Summit authored launch:(0.138, 0.990, 0.000) separation=0.1419847;Ground_Summit authored launch:(0.138, 0.990, 0.000) separation=0.04022409;Ground_Summit authored launch:(0.138, 0.990, 0.000) separation=0.05952895;Ground_Summit authored launch:(0.138, 0.990, 0.000) separation=0.06290844;"
0.995,1033.546,148.523,201.275,31.563,-31.377,3.424,0.004,0.196,0.000,0.000,4,19.117,0.027,0.994,"Ground_Mountain_2_4:(0.144, 0.990, 0.000) separation=0.1754613;Ground_Mountain_2_4:(0.144, 0.990, 0.000) separation=0.0669156;Ground_Mountain_2_4:(0.144, 0.990, 0.000) separation=0.1754531;Ground_Mountain_2_4:(0.144, 0.990, 0.000) separation=0.06692832;Ground_Mountain_2_4:(0.144, 0.990, 0.000) separation=0.06691986;Ground_Mountain_2_4:(0.144, 0.990, 0.000) separation=0.09519714;Ground_Summit authored launch:(0.144, 0.990, 0.000) separation=0.01263119;Ground_Summit authored launch:(0.144, 0.990, 0.000) separation=0.1196078;Ground_Summit authored launch:(0.144, 0.990, 0.000) separation=0.1196172;Ground_Summit authored launch:(0.144, 0.990, 0.000) separation=0.01261435;Ground_Summit authored launch:(0.144, 0.990, 0.000) separation=0.01262361;Ground_Summit authored launch:(0.144, 0.990, 0.000) separation=0.01433396;"
1.015,1032.925,148.599,201.275,31.531,-31.305,3.771,0.007,0.218,0.000,0.000,4,20.352,2.331,0.993,"Ground_Mountain_2_4:(0.144, 0.990, 0.000) separation=0.1485341;Ground_Mountain_2_4:(0.144, 0.990, 0.000) separation=0.05255017;Ground_Mountain_2_4:(0.144, 0.990, 0.000) separation=0.1485393;Ground_Mountain_2_4:(0.144, 0.990, 0.000) separation=0.05254945;Ground_Mountain_2_4:(0.144, 0.990, 0.000) separation=0.05254963;Ground_Mountain_2_4:(0.144, 0.990, 0.000) separation=0.1049918;Ground_Summit authored launch:(0.148, 0.989, 0.000) separation=-0.004967865;Ground_Summit authored launch:(0.148, 0.989, 0.000) separation=0.09253079;Ground_Summit authored launch:(0.148, 0.989, 0.000) separation=0.09253149;Ground_Summit authored launch:(0.148, 0.989, 0.000) separation=-0.004973527;Ground_Summit authored launch:(0.148, 0.989, 0.000) separation=0.02598378;Ground_Summit authored launch:(0.148, 0.989, 0.000) separation=0.02913189;Ground_Summit authored launch:(0.166, 0.986, 0.000) separation=0.04852635;"
1.035,1032.306,148.682,201.275,31.510,-31.241,4.116,0.007,0.234,0.000,0.000,4,23.034,3.819,0.990,"Ground_Mountain_2_4:(0.151, 0.989, 0.000) separation=0.1221867;Ground_Mountain_2_4:(0.151, 0.989, 0.000) separation=0.04855052;Ground_Mountain_2_4:(0.151, 0.989, 0.000) separation=0.1221856;Ground_Mountain_2_4:(0.151, 0.989, 0.000) separation=0.04855709;Ground_Mountain_2_4:(0.151, 0.989, 0.000) separation=0.06272209;Ground_Mountain_2_4:(0.151, 0.989, 0.000) separation=0.06272209;Ground_Summit authored launch:(0.154, 0.988, 0.000) separation=-0.009133765;Ground_Summit authored launch:(0.154, 0.988, 0.000) separation=0.06299641;Ground_Summit authored launch:(0.154, 0.988, 0.000) separation=0.06299587;Ground_Summit authored launch:(0.154, 0.988, 0.000) separation=-0.00913812;Ground_Summit authored launch:(0.154, 0.988, 0.000) separation=0.0004568696;Ground_Summit authored launch:(0.154, 0.988, 0.000) separation=0.003178149;"
1.055,1031.686,148.772,201.275,31.503,-31.193,4.433,0.006,0.245,0.000,0.000,4,25.707,4.146,0.988,"Ground_Mountain_2_4:(0.164, 0.986, 0.000) separation=0.09028609;Ground_Mountain_2_4:(0.164, 0.986, 0.000) separation=0.04528153;Ground_Mountain_2_4:(0.164, 0.986, 0.000) separation=0.0902846;Ground_Mountain_2_4:(0.164, 0.986, 0.000) separation=0.04528571;Ground_Mountain_2_4:(0.164, 0.986, 0.000) separation=0.04528254;Ground_Mountain_2_4:(0.164, 0.986, 0.000) separation=0.05661008;Ground_Summit authored launch:(0.158, 0.987, 0.000) separation=-0.009295734;Ground_Summit authored launch:(0.158, 0.987, 0.000) separation=0.03389736;Ground_Summit authored launch:(0.158, 0.987, 0.000) separation=0.03389552;Ground_Summit authored launch:(0.158, 0.987, 0.000) separation=-0.009296872;Ground_Summit authored launch:(0.158, 0.987, 0.000) separation=0.01310366;Ground_Summit authored launch:(0.158, 0.987, 0.000) separation=0.01472005;Ground_Summit authored launch:(0.176, 0.984, 0.000) separation=0.04174879;Ground_Summit authored launch:(0.176, 0.984, 0.000) separation=0.04174879;"
1.075,1031.070,148.877,201.275,31.413,-30.985,5.167,0.011,0.248,0.000,0.000,4,27.581,3.343,0.987,"Ground_Mountain_2_4:(0.164, 0.986, 0.000) separation=0.06794342;Ground_Mountain_2_4:(0.164, 0.986, 0.000) separation=0.04416503;Ground_Mountain_2_4:(0.164, 0.986, 0.000) separation=0.06794399;Ground_Mountain_2_4:(0.164, 0.986, 0.000) separation=0.04416805;Ground_Mountain_2_4:(0.164, 0.986, 0.000) separation=0.04416707;Ground_Mountain_2_4:(0.164, 0.986, 0.000) separation=0.05615476;Ground_Summit authored launch:(0.169, 0.986, 0.000) separation=-0.01245493;Ground_Summit authored launch:(0.169, 0.986, 0.000) separation=0.0127744;Ground_Summit authored launch:(0.169, 0.986, 0.000) separation=0.01277498;Ground_Summit authored launch:(0.169, 0.986, 0.000) separation=-0.01245837;Ground_Summit authored launch:(0.169, 0.986, 0.000) separation=-0.002259135;Ground_Summit authored launch:(0.169, 0.986, 0.000) separation=-0.0009031594;Ground_Summit authored launch:(0.186, 0.983, 0.000) separation=0.04247308;"
1.095,1030.453,148.987,201.275,31.414,-30.939,5.442,0.009,0.294,0.000,0.000,4,23.606,1.267,0.986,"Ground_Mountain_2_4:(0.174, 0.985, 0.000) separation=0.06940685;Ground_Mountain_2_4:(0.174, 0.985, 0.000) separation=0.05014439;Ground_Mountain_2_4:(0.174, 0.985, 0.000) separation=0.0694079;Ground_Mountain_2_4:(0.174, 0.985, 0.000) separation=0.05014692;Ground_Mountain_2_4:(0.174, 0.985, 0.000) separation=0.05428083;Ground_Mountain_2_4:(0.174, 0.985, 0.000) separation=0.0543049;Ground_Summit authored launch:(0.174, 0.985, 0.000) separation=-0.00807485;Ground_Summit authored launch:(0.174, 0.985, 0.000) separation=0.01103527;Ground_Summit authored launch:(0.174, 0.985, 0.000) separation=0.01103066;Ground_Summit authored launch:(0.174, 0.985, 0.000) separation=-0.008073255;Ground_Summit authored launch:(0.174, 0.985, 0.000) separation=-0.006344944;Ground_Summit authored launch:(0.174, 0.985, 0.000) separation=-0.004898757;"
1.115,1029.837,149.101,201.275,31.413,-30.893,5.700,0.007,0.293,0.000,0.000,4,22.736,1.005,0.985,"Ground_Mountain_2_4:(0.184, 0.983, 0.000) separation=0.06874132;Ground_Mountain_2_4:(0.184, 0.983, 0.000) separation=0.04605192;Ground_Mountain_2_4:(0.184, 0.983, 0.000) separation=0.0687411;Ground_Mountain_2_4:(0.184, 0.983, 0.000) separation=0.04605395;Ground_Mountain_2_4:(0.184, 0.983, 0.000) separation=0.04605222;Ground_Mountain_2_4:(0.184, 0.983, 0.000) separation=0.0510104;Ground_Summit authored launch:(0.179, 0.984, 0.000) separation=-0.009032011;Ground_Summit authored launch:(0.179, 0.984, 0.000) separation=0.01184526;Ground_Summit authored launch:(0.179, 0.984, 0.000) separation=0.01184282;Ground_Summit authored launch:(0.179, 0.984, 0.000) separation=-0.009031472;Ground_Summit authored launch:(0.179, 0.984, 0.000) separation=0.003684223;Ground_Summit authored launch:(0.179, 0.984, 0.000) separation=0.004794586;Ground_Summit authored launch:(0.196, 0.981, 0.000) separation=0.04350314;"
1.135,1029.221,149.221,201.276,31.413,-30.849,5.935,0.006,0.293,0.000,0.000,4,21.640,0.678,0.984,"Ground_Mountain_2_4:(0.184, 0.983, 0.000) separation=0.07072582;Ground_Mountain_2_4:(0.184, 0.983, 0.000) separation=0.04588136;Ground_Mountain_2_4:(0.184, 0.983, 0.000) separation=0.07072595;Ground_Mountain_2_4:(0.184, 0.983, 0.000) separation=0.045883;Ground_Mountain_2_4:(0.184, 0.983, 0.000) separation=0.04588228;Ground_Mountain_2_4:(0.184, 0.983, 0.000) separation=0.06162494;Ground_Summit authored launch:(0.188, 0.982, 0.000) separation=-0.009766906;Ground_Summit authored launch:(0.188, 0.982, 0.000) separation=0.01644215;Ground_Summit authored launch:(0.188, 0.982, 0.000) separation=0.01644099;Ground_Summit authored launch:(0.188, 0.982, 0.000) separation=-0.009767603;Ground_Summit authored launch:(0.188, 0.982, 0.000) separation=-0.002376497;Ground_Summit authored launch:(0.188, 0.982, 0.000) separation=-0.0009184518;"
1.155,1028.606,149.343,201.276,31.411,-30.806,6.154,0.005,0.293,0.000,0.000,4,20.772,0.538,0.984,"Ground_Mountain_2_4:(0.184, 0.983, 0.000) separation=0.07740867;Ground_Mountain_2_4:(0.184, 0.983, 0.000) separation=0.05161007;Ground_Mountain_2_4:(0.184, 0.983, 0.000) separation=0.07743137;Ground_Mountain_2_4:(0.184, 0.983, 0.000) separation=0.05158917;Ground_Mountain_2_4:(0.184, 0.983, 0.000) separation=0.05158925;Ground_Mountain_2_4:(0.184, 0.983, 0.000) separation=0.07178473;Ground_Summit authored launch:(0.189, 0.982, 0.000) separation=-0.007218242;Ground_Summit authored launch:(0.189, 0.982, 0.000) separation=0.01997997;Ground_Summit authored launch:(0.189, 0.982, 0.000) separation=0.01997817;Ground_Summit authored launch:(0.189, 0.982, 0.000) separation=-0.007218204;Ground_Summit authored launch:(0.189, 0.982, 0.000) separation=0.01040319;Ground_Summit authored launch:(0.189, 0.982, 0.000) separation=0.01155177;Ground_Summit authored launch:(0.206, 0.979, 0.000) separation=0.04295072;"
1.175,1027.992,149.471,201.276,31.409,-30.767,6.347,0.005,0.295,0.000,0.000,4,19.491,0.392,0.983,"Ground_Mountain_2_4:(0.204, 0.979, 0.000) separation=0.08419001;Ground_Mountain_2_4:(0.204, 0.979, 0.000) separation=0.04532099;Ground_Mountain_2_4:(0.204, 0.979, 0.000) separation=0.08414429;Ground_Mountain_2_4:(0.204, 0.979, 0.000) separation=0.04536936;Ground_Mountain_2_4:(0.204, 0.979, 0.000) separation=0.0453229;Ground_Mountain_2_4:(0.204, 0.979, 0.000) separation=0.04717878;Ground_Summit authored launch:(0.197, 0.980, 0.000) separation=-0.01024234;Ground_Summit authored launch:(0.197, 0.980, 0.000) separation=0.02675252;Ground_Summit authored launch:(0.197, 0.980, 0.000) separation=0.02679929;Ground_Summit authored launch:(0.197, 0.980, 0.000) separation=-0.01029197;Ground_Summit authored launch:(0.197, 0.980, 0.000) separation=0.004093796;Ground_Summit authored launch:(0.197, 0.980, 0.000) separation=0.00571093;Ground_Summit authored launch:(0.215, 0.977, 0.000) separation=0.04377839;"
1.195,1027.379,149.602,201.276,31.408,-30.730,6.524,0.004,0.295,0.000,0.000,4,18.635,0.316,0.982,"Ground_Mountain_2_4:(0.204, 0.979, 0.000) separation=0.08767217;Ground_Mountain_2_4:(0.204, 0.979, 0.000) separation=0.04519486;Ground_Mountain_2_4:(0.204, 0.979, 0.000) separation=0.08767118;Ground_Mountain_2_4:(0.204, 0.979, 0.000) separation=0.0451985;Ground_Mountain_2_4:(0.204, 0.979, 0.000) separation=0.04519656;Ground_Mountain_2_4:(0.204, 0.979, 0.000) separation=0.06405964;Ground_Summit authored launch:(0.205, 0.979, 0.000) separation=-0.009411603;Ground_Summit authored launch:(0.205, 0.979, 0.000) separation=0.03343681;Ground_Summit authored launch:(0.205, 0.979, 0.000) separation=0.03344381;Ground_Summit authored launch:(0.205, 0.979, 0.000) separation=-0.009422975;Ground_Summit authored launch:(0.205, 0.979, 0.000) separation=-0.004409671;Ground_Summit authored launch:(0.205, 0.979, 0.000) separation=-0.00240615;"
1.215,1026.766,149.736,201.276,31.405,-30.693,6.689,0.004,0.296,0.000,0.000,4,18.074,0.279,0.982,"Ground_Mountain_2_4:(0.204, 0.979, 0.000) separation=0.09450176;Ground_Mountain_2_4:(0.204, 0.979, 0.000) separation=0.04962224;Ground_Mountain_2_4:(0.204, 0.979, 0.000) separation=0.09450136;Ground_Mountain_2_4:(0.204, 0.979, 0.000) separation=0.04962528;Ground_Mountain_2_4:(0.204, 0.979, 0.000) separation=0.04962492;Ground_Mountain_2_4:(0.204, 0.979, 0.000) separation=0.08003408;Ground_Summit authored launch:(0.209, 0.978, 0.000) separation=-0.00814271;Ground_Summit authored launch:(0.209, 0.978, 0.000) separation=0.03800998;Ground_Summit authored launch:(0.209, 0.978, 0.000) separation=0.03800964;Ground_Summit authored launch:(0.209, 0.978, 0.000) separation=-0.008145213;Ground_Summit authored launch:(0.209, 0.978, 0.000) separation=0.01383695;Ground_Summit authored launch:(0.209, 0.978, 0.000) separation=0.01555953;Ground_Summit authored launch:(0.225, 0.974, 0.000) separation=0.04359883;"
1.235,1026.155,149.874,201.276,31.404,-30.658,6.840,0.004,0.297,0.000,0.000,4,17.320,0.124,0.981,"Ground_Mountain_2_4:(0.220, 0.975, 0.000) separation=0.1024109;Ground_Mountain_2_4:(0.220, 0.975, 0.000) separation=0.0459059;Ground_Mountain_2_4:(0.220, 0.975, 0.000) separation=0.1024083;Ground_Mountain_2_4:(0.220, 0.975, 0.000) separation=0.04591116;Ground_Mountain_2_4:(0.220, 0.975, 0.000) separation=0.06429199;Ground_Mountain_2_4:(0.220, 0.975, 0.000) separation=0.0643563;Ground_Summit authored launch:(0.218, 0.976, 0.000) separation=-0.01026145;Ground_Summit authored launch:(0.218, 0.976, 0.000) separation=0.04447169;Ground_Summit authored launch:(0.218, 0.976, 0.000) separation=0.04447097;Ground_Summit authored launch:(0.218, 0.976, 0.000) separation=-0.01026348;Ground_Summit authored launch:(0.218, 0.976, 0.000) separation=0.003286719;Ground_Summit authored launch:(0.218, 0.976, 0.000) separation=0.005446733;Ground_Summit authored launch:(0.234, 0.972, 0.000) separation=0.04538599;"
1.255,1025.545,150.015,201.276,31.401,-30.621,6.991,0.004,0.298,0.000,0.000,4,17.359,0.171,0.980,"Ground_Mountain_2_4:(0.223, 0.975, 0.000) separation=0.1020836;Ground_Mountain_2_4:(0.223, 0.975, 0.000) separation=0.04685862;Ground_Mountain_2_4:(0.223, 0.975, 0.000) separation=0.1020817;Ground_Mountain_2_4:(0.223, 0.975, 0.000) separation=0.04686314;Ground_Mountain_2_4:(0.223, 0.975, 0.000) separation=0.04686022;Ground_Mountain_2_4:(0.223, 0.975, 0.000) separation=0.0647625;Ground_Summit authored launch:(0.225, 0.974, 0.000) separation=-0.006683409;Ground_Summit authored launch:(0.225, 0.974, 0.000) separation=0.04729676;Ground_Summit authored launch:(0.225, 0.974, 0.000) separation=0.04729569;Ground_Summit authored launch:(0.225, 0.974, 0.000) separation=-0.006685959;Ground_Summit authored launch:(0.225, 0.974, 0.000) separation=-0.006685495;Ground_Summit authored launch:(0.225, 0.974, 0.000) separation=-0.004707217;"
1.275,1024.935,150.159,201.276,31.397,-30.583,7.140,0.003,0.299,0.000,0.000,4,17.235,0.193,0.979,"Ground_Mountain_2_4:(0.223, 0.975, 0.000) separation=0.1055412;Ground_Mountain_2_4:(0.223, 0.975, 0.000) separation=0.04907671;Ground_Mountain_2_4:(0.223, 0.975, 0.000) separation=0.1055399;Ground_Mountain_2_4:(0.223, 0.975, 0.000) separation=0.04908058;Ground_Mountain_2_4:(0.223, 0.975, 0.000) separation=0.04907972;Ground_Mountain_2_4:(0.223, 0.975, 0.000) separation=0.08292225;Ground_Summit authored launch:(0.228, 0.974, 0.000) separation=-0.007583469;Ground_Summit authored launch:(0.228, 0.974, 0.000) separation=0.05007103;Ground_Summit authored launch:(0.228, 0.974, 0.000) separation=0.05006942;Ground_Summit authored launch:(0.228, 0.974, 0.000) separation=-0.007584313;Ground_Summit authored launch:(0.228, 0.974, 0.000) separation=0.01355624;Ground_Summit authored launch:(0.228, 0.974, 0.000) separation=0.01566328;Ground_Summit authored launch:(0.244, 0.970, 0.000) separation=0.0457795;"
1.295,1024.326,150.305,201.276,31.394,-30.544,7.286,0.003,0.301,0.000,0.000,4,17.105,0.211,0.977,"Ground_Mountain_2_4:(0.233, 0.973, 0.000) separation=0.1120667;Ground_Mountain_2_4:(0.233, 0.973, 0.000) separation=0.04839434;Ground_Mountain_2_4:(0.233, 0.973, 0.000) separation=0.1120663;Ground_Mountain_2_4:(0.233, 0.973, 0.000) separation=0.04839827;Ground_Mountain_2_4:(0.233, 0.973, 0.000) separation=0.06126185;Ground_Mountain_2_4:(0.233, 0.973, 0.000) separation=0.06134072;Ground_Summit authored launch:(0.234, 0.972, 0.000) separation=-0.008341104;Ground_Summit authored launch:(0.234, 0.972, 0.000) separation=0.05352883;Ground_Summit authored launch:(0.234, 0.972, 0.000) separation=0.05352709;Ground_Summit authored launch:(0.234, 0.972, 0.000) separation=-0.008342347;Ground_Summit authored launch:(0.234, 0.972, 0.000) separation=0.0001656711;Ground_Summit authored launch:(0.234, 0.972, 0.000) separation=0.002613303;"
1.315,1023.718,150.455,201.276,31.389,-30.503,7.435,0.003,0.303,0.000,0.000,4,17.299,0.253,0.976,"Ground_Mountain_2_4:(0.242, 0.970, 0.000) separation=0.1086162;Ground_Mountain_2_4:(0.242, 0.970, 0.000) separation=0.04581825;Ground_Mountain_2_4:(0.242, 0.970, 0.000) separation=0.1086146;Ground_Mountain_2_4:(0.242, 0.970, 0.000) separation=0.04582164;Ground_Mountain_2_4:(0.242, 0.970, 0.000) separation=0.04581904;Ground_Mountain_2_4:(0.242, 0.970, 0.000) separation=0.05942419;Ground_Summit authored launch:(0.238, 0.971, 0.000) separation=-0.007864267;Ground_Summit authored launch:(0.238, 0.971, 0.000) separation=0.0532127;Ground_Summit authored launch:(0.238, 0.971, 0.000) separation=0.0532113;Ground_Summit authored launch:(0.238, 0.971, 0.000) separation=-0.007864676;Ground_Summit authored launch:(0.238, 0.971, 0.000) separation=0.02061754;Ground_Summit authored launch:(0.238, 0.971, 0.000) separation=0.02269054;Ground_Summit authored launch:(0.253, 0.967, 0.000) separation=0.04329729;"
1.335,1023.112,150.609,201.276,31.384,-30.459,7.588,0.003,0.306,0.000,0.000,4,17.332,0.168,0.975,"Ground_Mountain_2_4:(0.242, 0.970, 0.000) separation=0.1085398;Ground_Mountain_2_4:(0.242, 0.970, 0.000) separation=0.04487395;Ground_Mountain_2_4:(0.242, 0.970, 0.000) separation=0.1085613;Ground_Mountain_2_4:(0.242, 0.970, 0.000) separation=0.04485333;Ground_Mountain_2_4:(0.242, 0.970, 0.000) separation=0.04486042;Ground_Mountain_2_4:(0.242, 0.970, 0.000) separation=0.07798973;Ground_Summit authored launch:(0.247, 0.969, 0.000) separation=-0.0106025;Ground_Summit authored launch:(0.247, 0.969, 0.000) separation=0.05424136;Ground_Summit authored launch:(0.247, 0.969, 0.000) separation=0.05424023;Ground_Summit authored launch:(0.247, 0.969, 0.000) separation=-0.01060255;Ground_Summit authored launch:(0.247, 0.969, 0.000) separation=0.006429732;Ground_Summit authored launch:(0.247, 0.969, 0.000) separation=0.008829036;Ground_Summit authored launch:(0.263, 0.965, 0.000) separation=0.04449928;"
1.355,1022.507,150.765,201.276,31.376,-30.406,7.761,0.003,0.308,0.000,0.000,4,18.034,0.307,0.973,"Ground_Mountain_2_4:(0.252, 0.968, 0.000) separation=0.1096248;Ground_Mountain_2_4:(0.252, 0.968, 0.000) separation=0.05018739;Ground_Mountain_2_4:(0.252, 0.968, 0.000) separation=0.1096249;Ground_Mountain_2_4:(0.252, 0.968, 0.000) separation=0.05018739;Ground_Mountain_2_4:(0.252, 0.968, 0.000) separation=0.05516202;Ground_Mountain_2_4:(0.252, 0.968, 0.000) separation=0.05523691;Ground_Summit authored launch:(0.253, 0.967, 0.000) separation=-0.007147253;Ground_Summit authored launch:(0.253, 0.967, 0.000) separation=0.05217835;Ground_Summit authored launch:(0.253, 0.967, 0.000) separation=0.05217856;Ground_Summit authored launch:(0.253, 0.967, 0.000) separation=-0.007148019;Ground_Summit authored launch:(0.253, 0.967, 0.000) separation=-0.005786717;Ground_Summit authored launch:(0.253, 0.967, 0.000) separation=-0.003257275;"
1.375,1021.902,150.924,201.276,31.369,-30.354,7.931,0.003,0.312,0.000,0.000,4,18.340,0.490,0.972,"Ground_Mountain_2_4:(0.261, 0.965, 0.000) separation=0.1060342;Ground_Mountain_2_4:(0.261, 0.965, 0.000) separation=0.04675705;Ground_Mountain_2_4:(0.261, 0.965, 0.000) separation=0.1060342;Ground_Mountain_2_4:(0.261, 0.965, 0.000) separation=0.04675705;Ground_Mountain_2_4:(0.261, 0.965, 0.000) separation=0.04675704;Ground_Mountain_2_4:(0.261, 0.965, 0.000) separation=0.05321509;Ground_Summit authored launch:(0.257, 0.967, 0.000) separation=-0.007546037;Ground_Summit authored launch:(0.257, 0.967, 0.000) separation=0.05005974;Ground_Summit authored launch:(0.257, 0.967, 0.000) separation=0.05006;Ground_Summit authored launch:(0.257, 0.967, 0.000) separation=-0.00754665;Ground_Summit authored launch:(0.257, 0.967, 0.000) separation=0.01473606;Ground_Summit authored launch:(0.257, 0.967, 0.000) separation=0.01682548;Ground_Summit authored launch:(0.272, 0.962, 0.000) separation=0.04543194;"
1.395,1021.299,151.088,201.276,31.359,-30.294,8.115,0.003,0.316,0.000,0.000,4,18.482,0.470,0.970,"Ground_Mountain_2_4:(0.261, 0.965, 0.000) separation=0.1030211;Ground_Mountain_2_4:(0.261, 0.965, 0.000) separation=0.04566425;Ground_Mountain_2_4:(0.261, 0.965, 0.000) separation=0.1030217;Ground_Mountain_2_4:(0.261, 0.965, 0.000) separation=0.04566279;Ground_Mountain_2_4:(0.261, 0.965, 0.000) separation=0.04566345;Ground_Mountain_2_4:(0.261, 0.965, 0.000) separation=0.07152686;Ground_Summit authored launch:(0.266, 0.964, 0.000) separation=-0.008608311;Ground_Summit authored launch:(0.266, 0.964, 0.000) separation=0.04984175;Ground_Summit authored launch:(0.266, 0.964, 0.000) separation=0.04984194;Ground_Summit authored launch:(0.266, 0.964, 0.000) separation=-0.008608432;Ground_Summit authored launch:(0.266, 0.964, 0.000) separation=0.0007999241;Ground_Summit authored launch:(0.266, 0.964, 0.000) separation=0.003140016;"
1.415,1020.696,151.254,201.277,31.349,-30.236,8.296,0.002,0.321,0.000,0.000,4,18.935,0.705,0.969,"Ground_Mountain_2_4:(0.261, 0.965, 0.000) separation=0.1025193;Ground_Mountain_2_4:(0.261, 0.965, 0.000) separation=0.05159596;Ground_Mountain_2_4:(0.261, 0.965, 0.000) separation=0.1025193;Ground_Mountain_2_4:(0.261, 0.965, 0.000) separation=0.05159596;Ground_Mountain_2_4:(0.261, 0.965, 0.000) separation=0.05159596;Ground_Mountain_2_4:(0.261, 0.965, 0.000) separation=0.08660039;Ground_Summit authored launch:(0.266, 0.964, 0.000) separation=-0.005755931;Ground_Summit authored launch:(0.266, 0.964, 0.000) separation=0.04621442;Ground_Summit authored launch:(0.266, 0.964, 0.000) separation=0.0462155;Ground_Summit authored launch:(0.266, 0.964, 0.000) separation=-0.005756721;Ground_Summit authored launch:(0.266, 0.964, 0.000) separation=0.02011591;Ground_Summit authored launch:(0.266, 0.964, 0.000) separation=0.02194485;Ground_Summit authored launch:(0.281, 0.960, 0.000) separation=0.04514989;"
1.435,1020.095,151.425,201.277,31.341,-30.179,8.470,0.002,0.326,0.000,0.000,4,18.627,0.508,0.967,"Ground_Mountain_2_4:(0.277, 0.961, 0.000) separation=0.1029926;Ground_Mountain_2_4:(0.277, 0.961, 0.000) separation=0.04465079;Ground_Mountain_2_4:(0.277, 0.961, 0.000) separation=0.1029935;Ground_Mountain_2_4:(0.277, 0.961, 0.000) separation=0.04464903;Ground_Mountain_2_4:(0.277, 0.961, 0.000) separation=0.06618343;Ground_Mountain_2_4:(0.277, 0.961, 0.000) separation=0.0662491;Ground_Summit authored launch:(0.275, 0.961, 0.000) separation=-0.01029152;Ground_Summit authored launch:(0.275, 0.961, 0.000) separation=0.04644914;Ground_Summit authored launch:(0.275, 0.961, 0.000) separation=0.04644963;Ground_Summit authored launch:(0.275, 0.961, 0.000) separation=-0.01029168;Ground_Summit authored launch:(0.275, 0.961, 0.000) separation=0.005949438;Ground_Summit authored launch:(0.275, 0.961, 0.000) separation=0.008130658;Ground_Summit authored launch:(0.290, 0.957, 0.000) separation=0.04454917;"
1.455,1019.495,151.599,201.277,31.331,-30.117,8.653,0.001,0.329,0.000,0.000,4,19.094,0.510,0.965,"Ground_Mountain_2_4:(0.280, 0.960, 0.000) separation=0.09800753;Ground_Mountain_2_4:(0.280, 0.960, 0.000) separation=0.04584014;Ground_Mountain_2_4:(0.280, 0.960, 0.000) separation=0.09800757;Ground_Mountain_2_4:(0.280, 0.960, 0.000) separation=0.04584011;Ground_Mountain_2_4:(0.280, 0.960, 0.000) separation=0.04584011;Ground_Mountain_2_4:(0.280, 0.960, 0.000) separation=0.06486329;Ground_Summit authored launch:(0.281, 0.960, 0.000) separation=-0.007177889;Ground_Summit authored launch:(0.281, 0.960, 0.000) separation=0.04448911;Ground_Summit authored launch:(0.281, 0.960, 0.000) separation=0.04449052;Ground_Summit authored launch:(0.281, 0.960, 0.000) separation=-0.007178078;Ground_Summit authored launch:(0.281, 0.960, 0.000) separation=-0.005322933;Ground_Summit authored launch:(0.281, 0.960, 0.000) separation=-0.003014714;"
1.475,1018.896,151.777,201.277,31.321,-30.052,8.838,0.001,0.334,0.000,0.000,4,19.168,0.485,0.964,"Ground_Mountain_2_4:(0.280, 0.960, 0.000) separation=0.09802794;Ground_Mountain_2_4:(0.280, 0.960, 0.000) separation=0.04865159;Ground_Mountain_2_4:(0.280, 0.960, 0.000) separation=0.09802794;Ground_Mountain_2_4:(0.280, 0.960, 0.000) separation=0.04865158;Ground_Mountain_2_4:(0.280, 0.960, 0.000) separation=0.04865158;Ground_Mountain_2_4:(0.280, 0.960, 0.000) separation=0.07989624;Ground_Summit authored launch:(0.284, 0.959, 0.000) separation=-0.007455289;Ground_Summit authored launch:(0.284, 0.959, 0.000) separation=0.04288251;Ground_Summit authored launch:(0.284, 0.959, 0.000) separation=0.04288396;Ground_Summit authored launch:(0.284, 0.959, 0.000) separation=-0.007456031;Ground_Summit authored launch:(0.284, 0.959, 0.000) separation=0.01305139;Ground_Summit authored launch:(0.284, 0.959, 0.000) separation=0.01494941;Ground_Summit authored launch:(0.300, 0.954, 0.000) separation=0.0454008;"
1.495,1018.300,151.959,201.277,31.310,-29.985,9.024,0.001,0.340,0.000,0.000,4,18.946,0.445,0.962,"Ground_Mountain_2_4:(0.295, 0.955, 0.000) separation=0.1010249;Ground_Mountain_2_4:(0.295, 0.955, 0.000) separation=0.04702799;Ground_Mountain_2_4:(0.295, 0.955, 0.000) separation=0.1010258;Ground_Mountain_2_4:(0.295, 0.955, 0.000) separation=0.04702626;Ground_Mountain_2_4:(0.295, 0.955, 0.000) separation=0.06026858;Ground_Mountain_2_4:(0.295, 0.955, 0.000) separation=0.06032732;Ground_Summit authored launch:(0.294, 0.956, 0.000) separation=-0.008536637;Ground_Summit authored launch:(0.294, 0.956, 0.000) separation=0.04388158;Ground_Summit authored launch:(0.294, 0.956, 0.000) separation=0.04388213;Ground_Summit authored launch:(0.294, 0.956, 0.000) separation=-0.008536003;Ground_Summit authored launch:(0.294, 0.956, 0.000) separation=0.000379622;Ground_Summit authored launch:(0.294, 0.956, 0.000) separation=0.002561742;"
1.515,1017.702,152.143,201.277,31.297,-29.918,9.206,0.000,0.345,0.000,0.000,4,19.087,0.538,0.961,"Ground_Mountain_2_4:(0.298, 0.955, 0.000) separation=0.09634024;Ground_Mountain_2_4:(0.298, 0.955, 0.000) separation=0.04697929;Ground_Mountain_2_4:(0.298, 0.955, 0.000) separation=0.09631931;Ground_Mountain_2_4:(0.298, 0.955, 0.000) separation=0.0469985;Ground_Mountain_2_4:(0.298, 0.955, 0.000) separation=0.04698417;Ground_Mountain_2_4:(0.298, 0.955, 0.000) separation=0.05943075;Ground_Summit authored launch:(0.294, 0.956, 0.000) separation=-0.005689174;Ground_Summit authored launch:(0.294, 0.956, 0.000) separation=0.04211289;Ground_Summit authored launch:(0.294, 0.956, 0.000) separation=0.04211479;Ground_Summit authored launch:(0.294, 0.956, 0.000) separation=-0.005689612;Ground_Summit authored launch:(0.294, 0.956, 0.000) separation=0.01860833;Ground_Summit authored launch:(0.294, 0.956, 0.000) separation=0.02033354;Ground_Summit authored launch:(0.309, 0.951, 0.000) separation=0.04522452;"
1.535,1017.108,152.332,201.277,31.288,-29.855,9.376,0.000,0.351,0.000,0.000,4,18.449,0.357,0.959,"Ground_Mountain_2_4:(0.298, 0.955, 0.000) separation=0.09804173;Ground_Mountain_2_4:(0.298, 0.955, 0.000) separation=0.04461582;Ground_Mountain_2_4:(0.298, 0.955, 0.000) separation=0.09804216;Ground_Mountain_2_4:(0.298, 0.955, 0.000) separation=0.04461454;Ground_Mountain_2_4:(0.298, 0.955, 0.000) separation=0.04461497;Ground_Mountain_2_4:(0.298, 0.955, 0.000) separation=0.07387492;Ground_Summit authored launch:(0.303, 0.953, 0.000) separation=-0.01006308;Ground_Summit authored launch:(0.303, 0.953, 0.000) separation=0.04422158;Ground_Summit authored launch:(0.303, 0.953, 0.000) separation=0.04422256;Ground_Summit authored launch:(0.303, 0.953, 0.000) separation=-0.01006263;Ground_Summit authored launch:(0.303, 0.953, 0.000) separation=0.005450785;Ground_Summit authored launch:(0.303, 0.953, 0.000) separation=0.007574849;Ground_Summit authored launch:(0.317, 0.948, 0.000) separation=0.04480588;"
1.555,1016.514,152.523,201.277,31.276,-29.788,9.550,-0.001,0.356,0.000,0.000,4,18.611,0.373,0.958,"Ground_Mountain_2_4:(0.307, 0.952, 0.000) separation=0.1010765;Ground_Mountain_2_4:(0.307, 0.952, 0.000) separation=0.04939574;Ground_Mountain_2_4:(0.307, 0.952, 0.000) separation=0.1010768;Ground_Mountain_2_4:(0.307, 0.952, 0.000) separation=0.04939207;Ground_Mountain_2_4:(0.307, 0.952, 0.000) separation=0.05416624;Ground_Mountain_2_4:(0.307, 0.952, 0.000) separation=0.05422473;Ground_Summit authored launch:(0.309, 0.951, 0.000) separation=-0.006904304;Ground_Summit authored launch:(0.309, 0.951, 0.000) separation=0.0443187;Ground_Summit authored launch:(0.309, 0.951, 0.000) separation=0.04432046;Ground_Summit authored launch:(0.309, 0.951, 0.000) separation=-0.006903278;Ground_Summit authored launch:(0.309, 0.951, 0.000) separation=-0.005597711;Ground_Summit authored launch:(0.309, 0.951, 0.000) separation=-0.003293157;"
1.575,1015.922,152.718,201.277,31.265,-29.722,9.720,-0.001,0.362,0.000,0.000,4,18.445,0.360,0.956,"Ground_Mountain_2_4:(0.316, 0.949, 0.000) separation=0.09945461;Ground_Mountain_2_4:(0.316, 0.949, 0.000) separation=0.0460916;Ground_Mountain_2_4:(0.316, 0.949, 0.000) separation=0.09943401;Ground_Mountain_2_4:(0.316, 0.949, 0.000) separation=0.04611051;Ground_Mountain_2_4:(0.316, 0.949, 0.000) separation=0.04609358;Ground_Mountain_2_4:(0.316, 0.949, 0.000) separation=0.05184922;Ground_Summit authored launch:(0.312, 0.950, 0.000) separation=-0.007279485;Ground_Summit authored launch:(0.312, 0.950, 0.000) separation=0.04456276;Ground_Summit authored launch:(0.312, 0.950, 0.000) separation=0.04456457;Ground_Summit authored launch:(0.312, 0.950, 0.000) separation=-0.007279465;Ground_Summit authored launch:(0.312, 0.950, 0.000) separation=0.01313037;Ground_Summit authored launch:(0.312, 0.950, 0.000) separation=0.01508263;Ground_Summit authored launch:(0.326, 0.945, 0.000) separation=0.04574841;"
1.595,1015.331,152.917,201.277,31.254,-29.656,9.883,-0.001,0.368,0.000,0.000,4,18.087,0.337,0.955,"Ground_Mountain_2_4:(0.316, 0.949, 0.000) separation=0.09955058;Ground_Mountain_2_4:(0.316, 0.949, 0.000) separation=0.04510798;Ground_Mountain_2_4:(0.316, 0.949, 0.000) separation=0.09952956;Ground_Mountain_2_4:(0.316, 0.949, 0.000) separation=0.0451273;Ground_Mountain_2_4:(0.316, 0.949, 0.000) separation=0.04511791;Ground_Mountain_2_4:(0.316, 0.949, 0.000) separation=0.06950614;Ground_Summit authored launch:(0.319, 0.948, 0.000) separation=-0.008128285;Ground_Summit authored launch:(0.319, 0.948, 0.000) separation=0.04709255;Ground_Summit authored launch:(0.319, 0.948, 0.000) separation=0.04709378;Ground_Summit authored launch:(0.319, 0.948, 0.000) separation=-0.008127326;Ground_Summit authored launch:(0.319, 0.948, 0.000) separation=0.0001459718;Ground_Summit authored launch:(0.319, 0.948, 0.000) separation=0.002421677;"
1.615,1014.740,153.118,201.277,31.242,-29.590,10.045,-0.002,0.373,0.000,0.000,4,18.056,0.347,0.954,"Ground_Mountain_2_4:(0.316, 0.949, 0.000) separation=0.1023002;Ground_Mountain_2_4:(0.316, 0.949, 0.000) separation=0.04962917;Ground_Mountain_2_4:(0.316, 0.949, 0.000) separation=0.1023011;Ground_Mountain_2_4:(0.316, 0.949, 0.000) separation=0.04962581;Ground_Mountain_2_4:(0.316, 0.949, 0.000) separation=0.04962608;Ground_Mountain_2_4:(0.316, 0.949, 0.000) separation=0.08530489;Ground_Summit authored launch:(0.320, 0.947, 0.000) separation=-0.006482124;Ground_Summit authored launch:(0.320, 0.947, 0.000) separation=0.04694073;Ground_Summit authored launch:(0.320, 0.947, 0.000) separation=0.04694328;Ground_Summit authored launch:(0.320, 0.947, 0.000) separation=-0.006482255;Ground_Summit authored launch:(0.320, 0.947, 0.000) separation=0.01915079;Ground_Summit authored launch:(0.320, 0.947, 0.000) separation=0.0210456;Ground_Summit authored launch:(0.335, 0.942, 0.000) separation=0.04474354;"
1.635,1014.152,153.323,201.277,31.232,-29.527,10.198,-0.002,0.379,0.000,0.000,4,17.548,0.214,0.952,"Ground_Mountain_2_4:(0.331, 0.944, 0.000) separation=0.1051118;Ground_Mountain_2_4:(0.331, 0.944, 0.000) separation=0.04452965;Ground_Mountain_2_4:(0.331, 0.944, 0.000) separation=0.1051147;Ground_Mountain_2_4:(0.331, 0.944, 0.000) separation=0.0445243;Ground_Mountain_2_4:(0.331, 0.944, 0.000) separation=0.06493124;Ground_Mountain_2_4:(0.331, 0.944, 0.000) separation=0.06499952;Ground_Summit authored launch:(0.329, 0.944, 0.000) separation=-0.009695232;Ground_Summit authored launch:(0.329, 0.944, 0.000) separation=0.04945783;Ground_Summit authored launch:(0.329, 0.944, 0.000) separation=0.04945892;Ground_Summit authored launch:(0.329, 0.944, 0.000) separation=-0.009693597;Ground_Summit authored launch:(0.329, 0.944, 0.000) separation=0.005445987;Ground_Summit authored launch:(0.329, 0.944, 0.000) separation=0.007728206;Ground_Summit authored launch:(0.344, 0.939, 0.000) separation=0.04553083;"
1.655,1013.565,153.531,201.276,31.220,-29.460,10.355,-0.002,0.384,0.000,0.000,4,17.764,0.267,0.950,"Ground_Mountain_2_4:(0.334, 0.943, 0.000) separation=0.1023951;Ground_Mountain_2_4:(0.334, 0.943, 0.000) separation=0.04545518;Ground_Mountain_2_4:(0.334, 0.943, 0.000) separation=0.1023978;Ground_Mountain_2_4:(0.334, 0.943, 0.000) separation=0.04544919;Ground_Mountain_2_4:(0.334, 0.943, 0.000) separation=0.04545304;Ground_Mountain_2_4:(0.334, 0.943, 0.000) separation=0.06395787;Ground_Summit authored launch:(0.335, 0.942, 0.000) separation=-0.006310135;Ground_Summit authored launch:(0.335, 0.942, 0.000) separation=0.04970198;Ground_Summit authored launch:(0.335, 0.942, 0.000) separation=0.04970545;Ground_Summit authored launch:(0.335, 0.942, 0.000) separation=-0.00630861;Ground_Summit authored launch:(0.335, 0.942, 0.000) separation=-0.006308943;Ground_Summit authored launch:(0.335, 0.942, 0.000) separation=-0.004345924;"
1.675,1012.979,153.741,201.276,31.209,-29.393,10.510,-0.003,0.390,0.000,0.000,4,17.667,0.284,0.949,"Ground_Mountain_2_4:(0.334, 0.943, 0.000) separation=0.1040379;Ground_Mountain_2_4:(0.334, 0.943, 0.000) separation=0.047578;Ground_Mountain_2_4:(0.334, 0.943, 0.000) separation=0.1040397;Ground_Mountain_2_4:(0.334, 0.943, 0.000) separation=0.04757294;Ground_Mountain_2_4:(0.334, 0.943, 0.000) separation=0.04757416;Ground_Mountain_2_4:(0.334, 0.943, 0.000) separation=0.08120924;Ground_Summit authored launch:(0.338, 0.941, 0.000) separation=-0.007073909;Ground_Summit authored launch:(0.338, 0.941, 0.000) separation=0.05006526;Ground_Summit authored launch:(0.338, 0.941, 0.000) separation=0.05006859;Ground_Summit authored launch:(0.338, 0.941, 0.000) separation=-0.007073909;Ground_Summit authored launch:(0.338, 0.941, 0.000) separation=0.01327837;Ground_Summit authored launch:(0.338, 0.941, 0.000) separation=0.01540743;Ground_Summit authored launch:(0.352, 0.936, 0.000) separation=0.04644188;"
1.695,1012.395,153.955,201.276,31.198,-29.327,10.660,-0.003,0.396,0.000,0.000,4,17.457,0.288,0.947,"Ground_Mountain_2_4:(0.348, 0.938, 0.000) separation=0.1087928;Ground_Mountain_2_4:(0.348, 0.938, 0.000) separation=0.04763405;Ground_Mountain_2_4:(0.348, 0.938, 0.000) separation=0.108776;Ground_Mountain_2_4:(0.348, 0.938, 0.000) separation=0.04764676;Ground_Mountain_2_4:(0.348, 0.938, 0.000) separation=0.05840103;Ground_Mountain_2_4:(0.348, 0.938, 0.000) separation=0.05844814;Ground_Summit authored launch:(0.345, 0.939, 0.000) separation=-0.007391959;Ground_Summit authored launch:(0.345, 0.939, 0.000) separation=0.05236385;Ground_Summit authored launch:(0.345, 0.939, 0.000) separation=0.05236563;Ground_Summit authored launch:(0.345, 0.939, 0.000) separation=-0.007390021;Ground_Summit authored launch:(0.345, 0.939, 0.000) separation=-0.0009527504;Ground_Summit authored launch:(0.345, 0.939, 0.000) separation=0.001484215;"
1.715,1011.811,154.172,201.276,31.185,-29.259,10.812,-0.003,0.401,0.000,0.000,4,17.521,0.317,0.945,"Ground_Mountain_2_4:(0.351, 0.936, 0.000) separation=0.1050691;Ground_Mountain_2_4:(0.351, 0.936, 0.000) separation=0.04588876;Ground_Mountain_2_4:(0.351, 0.936, 0.000) separation=0.105051;Ground_Mountain_2_4:(0.351, 0.936, 0.000) separation=0.04590275;Ground_Mountain_2_4:(0.351, 0.936, 0.000) separation=0.0458914;Ground_Mountain_2_4:(0.351, 0.936, 0.000) separation=0.05652449;Ground_Summit authored launch:(0.347, 0.938, 0.000) separation=-0.006251127;Ground_Summit authored launch:(0.347, 0.938, 0.000) separation=0.05155572;Ground_Summit authored launch:(0.347, 0.938, 0.000) separation=0.05155975;Ground_Summit authored launch:(0.347, 0.938, 0.000) separation=-0.006251166;Ground_Summit authored launch:(0.347, 0.938, 0.000) separation=0.01923004;Ground_Summit authored launch:(0.347, 0.938, 0.000) separation=0.02128442;Ground_Summit authored launch:(0.361, 0.933, 0.000) separation=0.04560503;"
1.735,1011.230,154.392,201.276,31.175,-29.193,10.958,-0.004,0.407,0.000,0.000,4,17.155,0.203,0.943,"Ground_Mountain_2_4:(0.351, 0.936, 0.000) separation=0.1060268;Ground_Mountain_2_4:(0.351, 0.936, 0.000) separation=0.04429206;Ground_Mountain_2_4:(0.351, 0.936, 0.000) separation=0.1060301;Ground_Mountain_2_4:(0.351, 0.936, 0.000) separation=0.04428478;Ground_Mountain_2_4:(0.351, 0.936, 0.000) separation=0.04428777;Ground_Mountain_2_4:(0.351, 0.936, 0.000) separation=0.07433122;Ground_Summit authored launch:(0.355, 0.935, 0.000) separation=-0.008799285;Ground_Summit authored launch:(0.355, 0.935, 0.000) separation=0.05355013;Ground_Summit authored launch:(0.355, 0.935, 0.000) separation=0.05355206;Ground_Summit authored launch:(0.355, 0.935, 0.000) separation=-0.008796792;Ground_Summit authored launch:(0.355, 0.935, 0.000) separation=0.004266232;Ground_Summit authored launch:(0.355, 0.935, 0.000) separation=0.006684191;"
1.755,1010.648,154.614,201.276,31.162,-29.124,11.108,-0.004,0.412,0.000,0.000,4,17.439,0.264,0.942,"Ground_Mountain_2_4:(0.351, 0.936, 0.000) separation=0.108305;Ground_Mountain_2_4:(0.351, 0.936, 0.000) separation=0.05036939;Ground_Mountain_2_4:(0.351, 0.936, 0.000) separation=0.1083072;Ground_Mountain_2_4:(0.351, 0.936, 0.000) separation=0.05036235;Ground_Mountain_2_4:(0.351, 0.936, 0.000) separation=0.05036241;Ground_Mountain_2_4:(0.351, 0.936, 0.000) separation=0.0909487;Ground_Summit authored launch:(0.355, 0.935, 0.000) separation=-0.005532831;Ground_Summit authored launch:(0.355, 0.935, 0.000) separation=0.05298017;Ground_Summit authored launch:(0.355, 0.935, 0.000) separation=0.05298495;Ground_Summit authored launch:(0.355, 0.935, 0.000) separation=-0.005532729;Ground_Summit authored launch:(0.355, 0.935, 0.000) separation=0.02455005;Ground_Summit authored launch:(0.355, 0.935, 0.000) separation=0.0265346;Ground_Summit authored launch:(0.369, 0.929, 0.000) separation=0.04473522;"
1.775,1010.070,154.840,201.276,31.152,-29.058,11.250,-0.005,0.419,0.000,0.000,4,16.932,0.239,0.940,"Ground_Mountain_2_4:(0.368, 0.930, 0.000) separation=0.1088295;Ground_Mountain_2_4:(0.368, 0.930, 0.000) separation=0.04281466;Ground_Mountain_2_4:(0.368, 0.930, 0.000) separation=0.1088368;Ground_Mountain_2_4:(0.368, 0.930, 0.000) separation=0.04280182;Ground_Mountain_2_4:(0.368, 0.930, 0.000) separation=0.04281449;Ground_Mountain_2_4:(0.368, 0.930, 0.000) separation=0.04352891;Ground_Summit authored launch:(0.364, 0.932, 0.000) separation=-0.01020855;Ground_Summit authored launch:(0.364, 0.932, 0.000) separation=0.05451637;Ground_Summit authored launch:(0.364, 0.932, 0.000) separation=0.0545187;Ground_Summit authored launch:(0.364, 0.932, 0.000) separation=-0.01020591;Ground_Summit authored launch:(0.364, 0.932, 0.000) separation=0.009161264;Ground_Summit authored launch:(0.364, 0.932, 0.000) separation=0.01155526;Ground_Summit authored launch:(0.377, 0.926, 0.000) separation=0.04408896;"
1.795,1009.492,155.069,201.276,31.141,-28.988,11.398,-0.005,0.424,0.000,0.000,4,17.306,0.307,0.938,"Ground_Mountain_2_4:(0.368, 0.930, 0.000) separation=0.1059424;Ground_Mountain_2_4:(0.368, 0.930, 0.000) separation=0.0444498;Ground_Mountain_2_4:(0.368, 0.930, 0.000) separation=0.1059475;Ground_Mountain_2_4:(0.368, 0.930, 0.000) separation=0.04443902;Ground_Mountain_2_4:(0.368, 0.930, 0.000) separation=0.0444454;Ground_Mountain_2_4:(0.368, 0.930, 0.000) separation=0.06670249;Ground_Summit authored launch:(0.369, 0.929, 0.000) separation=-0.007023692;Ground_Summit authored launch:(0.369, 0.929, 0.000) separation=0.05442529;Ground_Summit authored launch:(0.369, 0.929, 0.000) separation=0.05443069;Ground_Summit authored launch:(0.369, 0.929, 0.000) separation=-0.007020541;Ground_Summit authored launch:(0.369, 0.929, 0.000) separation=-0.004258007;Ground_Summit authored launch:(0.369, 0.929, 0.000) separation=-0.00170064;"
1.815,1008.916,155.300,201.276,31.129,-28.916,11.546,-0.006,0.430,0.000,0.001,4,17.356,0.331,0.937,"Ground_Mountain_2_4:(0.368, 0.930, 0.000) separation=0.1070673;Ground_Mountain_2_4:(0.368, 0.930, 0.000) separation=0.04715336;Ground_Mountain_2_4:(0.368, 0.930, 0.000) separation=0.1070487;Ground_Mountain_2_4:(0.368, 0.930, 0.000) separation=0.04716638;Ground_Mountain_2_4:(0.368, 0.930, 0.000) separation=0.04716387;Ground_Mountain_2_4:(0.368, 0.930, 0.000) separation=0.08414194;Ground_Summit authored launch:(0.372, 0.928, 0.000) separation=-0.007020861;Ground_Summit authored launch:(0.372, 0.928, 0.000) separation=0.05336303;Ground_Summit authored launch:(0.372, 0.928, 0.000) separation=0.05336863;Ground_Summit authored launch:(0.372, 0.928, 0.000) separation=-0.007020624;Ground_Summit authored launch:(0.372, 0.928, 0.000) separation=0.01637328;Ground_Summit authored launch:(0.372, 0.928, 0.000) separation=0.01856302;Ground_Summit authored launch:(0.386, 0.923, 0.000) separation=0.04576674;"
1.835,1008.341,155.534,201.276,31.118,-28.845,11.692,-0.006,0.436,0.000,0.000,4,17.196,0.334,0.935,"Ground_Mountain_2_4:(0.382, 0.924, 0.000) separation=0.1097133;Ground_Mountain_2_4:(0.382, 0.924, 0.000) separation=0.0460564;Ground_Mountain_2_4:(0.382, 0.924, 0.000) separation=0.1096999;Ground_Mountain_2_4:(0.382, 0.924, 0.000) separation=0.0460635;Ground_Mountain_2_4:(0.382, 0.924, 0.000) separation=0.05974239;Ground_Mountain_2_4:(0.382, 0.924, 0.000) separation=0.05979219;Ground_Summit authored launch:(0.379, 0.925, 0.000) separation=-0.007817894;Ground_Summit authored launch:(0.379, 0.925, 0.000) separation=0.05457877;Ground_Summit authored launch:(0.379, 0.925, 0.000) separation=0.05458167;Ground_Summit authored launch:(0.379, 0.925, 0.000) separation=-0.007814738;Ground_Summit authored launch:(0.379, 0.925, 0.000) separation=0.001147896;Ground_Summit authored launch:(0.379, 0.925, 0.000) separation=0.003634602;"
1.855,1007.767,155.771,201.276,31.105,-28.772,11.840,-0.006,0.441,0.000,0.000,4,17.324,0.264,0.933,"Ground_Mountain_2_4:(0.384, 0.923, 0.000) separation=0.1059806;Ground_Mountain_2_4:(0.384, 0.923, 0.000) separation=0.04497266;Ground_Mountain_2_4:(0.384, 0.923, 0.000) separation=0.1059643;Ground_Mountain_2_4:(0.384, 0.923, 0.000) separation=0.04498342;Ground_Mountain_2_4:(0.384, 0.923, 0.000) separation=0.04497501;Ground_Mountain_2_4:(0.384, 0.923, 0.000) separation=0.05775216;Ground_Summit authored launch:(0.380, 0.925, 0.000) separation=-0.006170332;Ground_Summit authored launch:(0.380, 0.925, 0.000) separation=0.05360787;Ground_Summit authored launch:(0.380, 0.925, 0.000) separation=0.05361402;Ground_Summit authored launch:(0.380, 0.925, 0.000) separation=-0.00617025;Ground_Summit authored launch:(0.380, 0.925, 0.000) separation=0.02143219;Ground_Summit authored launch:(0.380, 0.925, 0.000) separation=0.02352431;Ground_Summit authored launch:(0.394, 0.919, 0.000) separation=0.04517829;"
1.875,1007.195,156.011,201.276,31.094,-28.701,11.982,-0.007,0.448,0.000,0.001,4,16.970,0.257,0.931,"Ground_Mountain_2_4:(0.384, 0.923, 0.000) separation=0.1069046;Ground_Mountain_2_4:(0.384, 0.923, 0.000) separation=0.0434482;Ground_Mountain_2_4:(0.384, 0.923, 0.000) separation=0.1069106;Ground_Mountain_2_4:(0.384, 0.923, 0.000) separation=0.0434351;Ground_Mountain_2_4:(0.384, 0.923, 0.000) separation=0.0434401;Ground_Mountain_2_4:(0.384, 0.923, 0.000) separation=0.07544047;Ground_Summit authored launch:(0.387, 0.922, 0.000) separation=-0.009047747;Ground_Summit authored launch:(0.387, 0.922, 0.000) separation=0.05483529;Ground_Summit authored launch:(0.387, 0.922, 0.000) separation=0.05483818;Ground_Summit authored launch:(0.387, 0.922, 0.000) separation=-0.009044299;Ground_Summit authored launch:(0.387, 0.922, 0.000) separation=0.005752563;Ground_Summit authored launch:(0.387, 0.922, 0.000) separation=0.008203417;"
1.895,1006.624,156.254,201.275,31.081,-28.628,12.127,-0.007,0.453,0.000,0.000,4,17.139,0.299,0.930,"Ground_Mountain_2_4:(0.392, 0.920, 0.000) separation=0.1095254;Ground_Mountain_2_4:(0.392, 0.920, 0.000) separation=0.04846825;Ground_Mountain_2_4:(0.392, 0.920, 0.000) separation=0.1095291;Ground_Mountain_2_4:(0.392, 0.920, 0.000) separation=0.04845051;Ground_Mountain_2_4:(0.392, 0.920, 0.000) separation=0.04927973;Ground_Mountain_2_4:(0.392, 0.920, 0.000) separation=0.04934663;Ground_Summit authored launch:(0.388, 0.922, 0.000) separation=-0.006399125;Ground_Summit authored launch:(0.388, 0.922, 0.000) separation=0.0546756;Ground_Summit authored launch:(0.388, 0.922, 0.000) separation=0.05468199;Ground_Summit authored launch:(0.388, 0.922, 0.000) separation=-0.006398968;Ground_Summit authored launch:(0.388, 0.922, 0.000) separation=0.02561837;Ground_Summit authored launch:(0.388, 0.922, 0.000) separation=0.02766842;Ground_Summit authored launch:(0.402, 0.916, 0.000) separation=0.04359049;"
1.915,1006.055,156.500,201.275,31.071,-28.557,12.264,-0.007,0.459,0.000,0.001,4,16.709,0.279,0.927,"Ground_Mountain_2_4:(0.400, 0.916, 0.000) separation=0.1088183;Ground_Mountain_2_4:(0.400, 0.916, 0.000) separation=0.04173168;Ground_Mountain_2_4:(0.400, 0.916, 0.000) separation=0.1088278;Ground_Mountain_2_4:(0.400, 0.916, 0.000) separation=0.04171523;Ground_Mountain_2_4:(0.400, 0.916, 0.000) separation=0.04173124;Ground_Mountain_2_4:(0.400, 0.916, 0.000) separation=0.04339781;Ground_Summit authored launch:(0.396, 0.918, 0.000) separation=-0.01036125;Ground_Summit authored launch:(0.396, 0.918, 0.000) separation=0.0555664;Ground_Summit authored launch:(0.396, 0.918, 0.000) separation=0.05556983;Ground_Summit authored launch:(0.396, 0.918, 0.000) separation=-0.01035826;Ground_Summit authored launch:(0.396, 0.918, 0.000) separation=0.01002663;Ground_Summit authored launch:(0.396, 0.918, 0.000) separation=0.01245683;Ground_Summit authored launch:(0.410, 0.912, 0.000) separation=0.04369113;"
1.935,1005.488,156.748,201.275,31.060,-28.483,12.407,-0.007,0.464,0.000,0.000,4,17.051,0.340,0.926,"Ground_Mountain_2_4:(0.400, 0.916, 0.000) separation=0.1062998;Ground_Mountain_2_4:(0.400, 0.916, 0.000) separation=0.04377331;Ground_Mountain_2_4:(0.400, 0.916, 0.000) separation=0.1063067;Ground_Mountain_2_4:(0.400, 0.916, 0.000) separation=0.04375949;Ground_Mountain_2_4:(0.400, 0.916, 0.000) separation=0.04376751;Ground_Mountain_2_4:(0.400, 0.916, 0.000) separation=0.05239558;Ground_Summit authored launch:(0.402, 0.916, 0.000) separation=-0.006977596;Ground_Summit authored launch:(0.402, 0.916, 0.000) separation=0.05572336;Ground_Summit authored launch:(0.402, 0.916, 0.000) separation=0.05572969;Ground_Summit authored launch:(0.402, 0.916, 0.000) separation=-0.006973939;Ground_Summit authored launch:(0.402, 0.916, 0.000) separation=-0.003812075;Ground_Summit authored launch:(0.402, 0.916, 0.000) separation=-0.001224428;"
1.955,1004.921,156.999,201.275,31.047,-28.408,12.550,-0.008,0.470,0.000,0.000,4,17.034,0.355,0.924,"Ground_Mountain_2_4:(0.400, 0.916, 0.000) separation=0.1077929;Ground_Mountain_2_4:(0.400, 0.916, 0.000) separation=0.04653568;Ground_Mountain_2_4:(0.400, 0.916, 0.000) separation=0.1077535;Ground_Mountain_2_4:(0.400, 0.916, 0.000) separation=0.04656816;Ground_Mountain_2_4:(0.400, 0.916, 0.000) separation=0.04656196;Ground_Mountain_2_4:(0.400, 0.916, 0.000) separation=0.06969059;Ground_Summit authored launch:(0.403, 0.915, 0.000) separation=-0.006853867;Ground_Summit authored launch:(0.403, 0.915, 0.000) separation=0.05469352;Ground_Summit authored launch:(0.403, 0.915, 0.000) separation=0.05469942;Ground_Summit authored launch:(0.403, 0.915, 0.000) separation=-0.006853297;Ground_Summit authored launch:(0.403, 0.915, 0.000) separation=0.01693726;Ground_Summit authored launch:(0.403, 0.915, 0.000) separation=0.0191761;Ground_Summit authored launch:(0.418, 0.909, 0.000) separation=0.0459196;"
1.975,1004.356,157.254,201.275,31.037,-28.335,12.686,-0.008,0.476,0.000,0.000,4,16.697,0.338,0.922,"Ground_Mountain_2_4:(0.411, 0.912, 0.000) separation=0.1107454;Ground_Mountain_2_4:(0.411, 0.912, 0.000) separation=0.04472154;Ground_Mountain_2_4:(0.411, 0.912, 0.000) separation=0.1107557;Ground_Mountain_2_4:(0.411, 0.912, 0.000) separation=0.04470444;Ground_Mountain_2_4:(0.411, 0.912, 0.000) separation=0.05838117;Ground_Mountain_2_4:(0.411, 0.912, 0.000) separation=0.0583812;Ground_Summit authored launch:(0.411, 0.912, 0.000) separation=-0.008404239;Ground_Summit authored launch:(0.411, 0.912, 0.000) separation=0.05648962;Ground_Summit authored launch:(0.411, 0.912, 0.000) separation=0.05649287;Ground_Summit authored launch:(0.411, 0.912, 0.000) separation=-0.008401087;Ground_Summit authored launch:(0.411, 0.912, 0.000) separation=0.0003832579;Ground_Summit authored launch:(0.411, 0.912, 0.000) separation=0.002957791;"
1.995,1003.792,157.510,201.275,31.024,-28.259,12.826,-0.008,0.482,0.000,0.000,4,16.857,0.276,0.921,"Ground_Mountain_2_4:(0.416, 0.909, 0.000) separation=0.1072902;Ground_Mountain_2_4:(0.416, 0.909, 0.000) separation=0.04434275;Ground_Mountain_2_4:(0.416, 0.909, 0.000) separation=0.1072973;Ground_Mountain_2_4:(0.416, 0.909, 0.000) separation=0.04432962;Ground_Mountain_2_4:(0.416, 0.909, 0.000) separation=0.04433998;Ground_Mountain_2_4:(0.416, 0.909, 0.000) separation=0.05672407;Ground_Summit authored launch:(0.411, 0.912, 0.000) separation=-0.006156068;Ground_Summit authored launch:(0.411, 0.912, 0.000) separation=0.05570761;Ground_Summit authored launch:(0.411, 0.912, 0.000) separation=0.05571368;Ground_Summit authored launch:(0.411, 0.912, 0.000) separation=-0.006155655;Ground_Summit authored launch:(0.411, 0.912, 0.000) separation=0.02169475;Ground_Summit authored launch:(0.411, 0.912, 0.000) separation=0.02387401;Ground_Summit authored launch:(0.425, 0.905, 0.000) separation=0.04538077;"
2.015,1003.231,157.769,201.275,31.014,-28.187,12.957,-0.008,0.488,0.000,0.000,4,16.390,0.258,0.918,"Ground_Mountain_2_4:(0.416, 0.909, 0.000) separation=0.1088191;Ground_Mountain_2_4:(0.416, 0.909, 0.000) separation=0.04230157;Ground_Mountain_2_4:(0.416, 0.909, 0.000) separation=0.1087809;Ground_Mountain_2_4:(0.416, 0.909, 0.000) separation=0.04233374;Ground_Mountain_2_4:(0.416, 0.909, 0.000) separation=0.04232076;Ground_Mountain_2_4:(0.416, 0.909, 0.000) separation=0.07482567;Ground_Summit authored launch:(0.419, 0.908, 0.000) separation=-0.009255229;Ground_Summit authored launch:(0.419, 0.908, 0.000) separation=0.05747613;Ground_Summit authored launch:(0.419, 0.908, 0.000) separation=0.05747323;Ground_Summit authored launch:(0.419, 0.908, 0.000) separation=-0.009246242;Ground_Summit authored launch:(0.419, 0.908, 0.000) separation=0.004858285;Ground_Summit authored launch:(0.419, 0.908, 0.000) separation=0.00741905;"
2.035,1002.669,158.031,201.274,31.001,-28.112,13.092,-0.008,0.493,0.000,0.000,4,16.587,0.305,0.917,"Ground_Mountain_2_4:(0.416, 0.909, 0.000) separation=0.1114568;Ground_Mountain_2_4:(0.416, 0.909, 0.000) separation=0.04792029;Ground_Mountain_2_4:(0.416, 0.909, 0.000) separation=0.1114607;Ground_Mountain_2_4:(0.416, 0.909, 0.000) separation=0.04791028;Ground_Mountain_2_4:(0.416, 0.909, 0.000) separation=0.04791039;Ground_Mountain_2_4:(0.416, 0.909, 0.000) separation=0.09246683;Ground_Summit authored launch:(0.419, 0.908, 0.000) separation=-0.006270595;Ground_Summit authored launch:(0.419, 0.908, 0.000) separation=0.05746236;Ground_Summit authored launch:(0.419, 0.908, 0.000) separation=0.05746731;Ground_Summit authored launch:(0.419, 0.908, 0.000) separation=-0.006269235;Ground_Summit authored launch:(0.419, 0.908, 0.000) separation=0.02589706;Ground_Summit authored launch:(0.419, 0.908, 0.000) separation=0.02806491;Ground_Summit authored launch:(0.433, 0.901, 0.000) separation=0.04409698;"
2.055,1002.111,158.296,201.274,30.991,-28.041,13.219,-0.008,0.500,0.000,0.000,4,16.161,0.285,0.915,"Ground_Mountain_2_4:(0.427, 0.904, 0.000) separation=0.1111628;Ground_Mountain_2_4:(0.427, 0.904, 0.000) separation=0.04188231;Ground_Mountain_2_4:(0.427, 0.904, 0.000) separation=0.1111718;Ground_Mountain_2_4:(0.427, 0.904, 0.000) separation=0.04186739;Ground_Mountain_2_4:(0.427, 0.904, 0.000) separation=0.06698903;Ground_Mountain_2_4:(0.427, 0.904, 0.000) separation=0.06698906;Ground_Summit authored launch:(0.427, 0.904, 0.000) separation=-0.009645577;Ground_Summit authored launch:(0.427, 0.904, 0.000) separation=0.05861592;Ground_Summit authored launch:(0.427, 0.904, 0.000) separation=0.0586143;Ground_Summit authored launch:(0.427, 0.904, 0.000) separation=-0.00963796;Ground_Summit authored launch:(0.427, 0.904, 0.000) separation=0.009445965;Ground_Summit authored launch:(0.427, 0.904, 0.000) separation=0.01198792;Ground_Summit authored launch:(0.441, 0.898, 0.000) separation=0.04481286;"
2.075,1001.553,158.563,201.274,30.980,-27.967,13.350,-0.008,0.505,0.000,0.000,4,16.340,0.328,0.913,"Ground_Mountain_2_4:(0.432, 0.902, 0.000) separation=0.109318;Ground_Mountain_2_4:(0.432, 0.902, 0.000) separation=0.04266027;Ground_Mountain_2_4:(0.432, 0.902, 0.000) separation=0.1092815;Ground_Mountain_2_4:(0.432, 0.902, 0.000) separation=0.04268995;Ground_Mountain_2_4:(0.432, 0.902, 0.000) separation=0.04267141;Ground_Mountain_2_4:(0.432, 0.902, 0.000) separation=0.06480819;Ground_Summit authored launch:(0.433, 0.901, 0.000) separation=-0.006993787;Ground_Summit authored launch:(0.433, 0.901, 0.000) separation=0.05933923;Ground_Summit authored launch:(0.433, 0.901, 0.000) separation=0.05934393;Ground_Summit authored launch:(0.433, 0.901, 0.000) separation=-0.00698902;Ground_Summit authored launch:(0.433, 0.901, 0.000) separation=-0.006457269;Ground_Summit authored launch:(0.433, 0.901, 0.000) separation=-0.003711998;"
2.095,1000.996,158.832,201.274,30.968,-27.892,13.481,-0.008,0.510,0.000,0.000,4,16.387,0.353,0.911,"Ground_Mountain_2_4:(0.432, 0.902, 0.000) separation=0.1105324;Ground_Mountain_2_4:(0.432, 0.902, 0.000) separation=0.04551977;Ground_Mountain_2_4:(0.432, 0.902, 0.000) separation=0.1105375;Ground_Mountain_2_4:(0.432, 0.902, 0.000) separation=0.04550866;Ground_Mountain_2_4:(0.432, 0.902, 0.000) separation=0.04551131;Ground_Mountain_2_4:(0.432, 0.902, 0.000) separation=0.08399138;Ground_Summit authored launch:(0.434, 0.901, 0.000) separation=-0.006683581;Ground_Summit authored launch:(0.434, 0.901, 0.000) separation=0.05846032;Ground_Summit authored launch:(0.434, 0.901, 0.000) separation=0.05846588;Ground_Summit authored launch:(0.434, 0.901, 0.000) separation=-0.006682901;Ground_Summit authored launch:(0.434, 0.901, 0.000) separation=0.0158416;Ground_Summit authored launch:(0.434, 0.901, 0.000) separation=0.01823404;Ground_Summit authored launch:(0.448, 0.894, 0.000) separation=0.04672289;"
2.115,1000.442,159.105,201.274,30.958,-27.818,13.607,-0.008,0.516,0.000,0.000,4,16.116,0.341,0.909,"Ground_Mountain_1_4:(0.452, 0.892, 0.000) separation=0.04530274;Ground_Mountain_1_4:(0.452, 0.892, 0.000) separation=0.0453293;Ground_Mountain_1_4:(0.452, 0.892, 0.000) separation=0.05562553;Ground_Mountain_1_4:(0.452, 0.892, 0.000) separation=0.05566984;Ground_Mountain_2_4:(0.422, 0.907, 0.000) separation=0.05557096;Ground_Mountain_2_4:(0.422, 0.907, 0.000) separation=0.05561522;Ground_Mountain_2_4:(0.422, 0.907, 0.000) separation=0.1000716;Ground_Mountain_2_4:(0.422, 0.907, 0.000) separation=0.1140223;Ground_Mountain_2_4:(0.422, 0.907, 0.000) separation=0.1140555;Ground_Summit authored launch:(0.442, 0.897, 0.000) separation=-0.007388291;Ground_Summit authored launch:(0.442, 0.897, 0.000) separation=0.06042718;Ground_Summit authored launch:(0.442, 0.897, 0.000) separation=0.06043002;Ground_Summit authored launch:(0.442, 0.897, 0.000) separation=-0.007385043;Ground_Summit authored launch:(0.442, 0.897, 0.000) separation=-0.001835167;Ground_Summit authored launch:(0.442, 0.897, 0.000) separation=0.0008822381;"
2.135,999.888,159.379,201.274,30.946,-27.743,13.735,-0.008,0.521,0.000,0.000,4,16.240,0.372,0.908,"Ground_Mountain_2_4:(0.437, 0.900, 0.000) separation=0.1104983;Ground_Mountain_2_4:(0.437, 0.900, 0.000) separation=0.07730171;Ground_Mountain_2_4:(0.437, 0.900, 0.000) separation=0.07730171;Ground_Mountain_2_4:(0.437, 0.900, 0.000) separation=0.1104977;Ground_Mountain_2_4:(0.437, 0.900, 0.000) separation=0.1104895;Ground_Summit authored launch:(0.442, 0.897, 0.000) separation=-0.005799921;Ground_Summit authored launch:(0.442, 0.897, 0.000) separation=0.05957134;Ground_Summit authored launch:(0.442, 0.897, 0.000) separation=0.05957735;Ground_Summit authored launch:(0.442, 0.897, 0.000) separation=-0.005799815;Ground_Summit authored launch:(0.442, 0.897, 0.000) separation=0.02049404;Ground_Summit authored launch:(0.442, 0.897, 0.000) separation=0.02283657;Ground_Summit authored launch:(0.455, 0.890, 0.000) separation=0.04657441;Ground_Mountain_1_4:(0.452, 0.892, 0.000) separation=0.04423129;Ground_Mountain_1_4:(0.452, 0.892, 0.000) separation=0.044229;Ground_Mountain_1_4:(0.452, 0.892, 0.000) separation=0.053455;Ground_Mountain_1_4:(0.452, 0.892, 0.000) separation=0.04421582;Ground_Mountain_1_4:(0.452, 0.892, 0.000) separation=0.07734102;Ground_Mountain_1_4:(0.452, 0.892, 0.000) separation=0.07734105;"
2.155,999.337,159.657,201.273,30.936,-27.671,13.857,-0.008,0.527,0.000,0.000,4,15.851,0.348,0.905,"Ground_Mountain_2_4:(0.437, 0.900, 0.000) separation=0.1116409;Ground_Mountain_2_4:(0.437, 0.900, 0.000) separation=0.09493902;Ground_Mountain_2_4:(0.437, 0.900, 0.000) separation=0.09493899;Ground_Mountain_2_4:(0.437, 0.900, 0.000) separation=0.1116378;Ground_Mountain_2_4:(0.437, 0.900, 0.000) separation=0.1116342;Ground_Summit authored launch:(0.449, 0.893, 0.000) separation=-0.007806173;Ground_Summit authored launch:(0.449, 0.893, 0.000) separation=0.06144518;Ground_Summit authored launch:(0.449, 0.893, 0.000) separation=0.0614471;Ground_Summit authored launch:(0.449, 0.893, 0.000) separation=-0.007802173;Ground_Summit authored launch:(0.449, 0.893, 0.000) separation=0.002471328;Ground_Summit authored launch:(0.449, 0.893, 0.000) separation=0.005177319;Ground_Mountain_1_4:(0.452, 0.892, 0.000) separation=0.04242847;Ground_Mountain_1_4:(0.452, 0.892, 0.000) separation=0.04242179;Ground_Mountain_1_4:(0.452, 0.892, 0.000) separation=0.0730249;Ground_Mountain_1_4:(0.452, 0.892, 0.000) separation=0.04241585;Ground_Mountain_1_4:(0.452, 0.892, 0.000) separation=0.09498242;Ground_Mountain_1_4:(0.452, 0.892, 0.000) separation=0.09498242;"
2.175,998.786,159.936,201.273,30.924,-27.596,13.981,-0.008,0.532,0.000,0.000,4,15.984,0.285,0.904,"Ground_Mountain_2_4:(0.437, 0.900, 0.000) separation=0.1139499;Ground_Mountain_2_4:(0.437, 0.900, 0.000) separation=0.1103742;Ground_Mountain_2_4:(0.437, 0.900, 0.000) separation=0.1103742;Ground_Mountain_2_4:(0.437, 0.900, 0.000) separation=0.1139458;Ground_Mountain_2_4:(0.437, 0.900, 0.000) separation=0.113945;Ground_Summit authored launch:(0.449, 0.893, 0.000) separation=-0.005845929;Ground_Summit authored launch:(0.449, 0.893, 0.000) separation=0.06128869;Ground_Summit authored launch:(0.449, 0.893, 0.000) separation=0.06129427;Ground_Summit authored launch:(0.449, 0.893, 0.000) separation=-0.005845534;Ground_Summit authored launch:(0.449, 0.893, 0.000) separation=0.02445477;Ground_Summit authored launch:(0.449, 0.893, 0.000) separation=0.02679628;Ground_Summit authored launch:(0.463, 0.886, 0.000) separation=0.04557109;Ground_Mountain_1_4:(0.452, 0.892, 0.000) separation=0.04687196;Ground_Mountain_1_4:(0.452, 0.892, 0.000) separation=0.04686219;Ground_Mountain_1_4:(0.452, 0.892, 0.000) separation=0.09172666;Ground_Mountain_1_4:(0.452, 0.892, 0.000) separation=0.0468612;Ground_Mountain_1_4:(0.452, 0.892, 0.000) separation=0.1104147;Ground_Mountain_1_4:(0.452, 0.892, 0.000) separation=0.1104148;"
2.195,998.237,160.218,201.273,30.914,-27.524,14.100,-0.008,0.538,0.000,0.000,4,15.644,0.279,0.902,"Ground_Mountain_1_4:(0.457, 0.890, 0.000) separation=0.1147718;Ground_Mountain_1_4:(0.457, 0.890, 0.000) separation=0.04323869;Ground_Mountain_1_4:(0.457, 0.890, 0.000) separation=0.1147802;Ground_Mountain_1_4:(0.457, 0.890, 0.000) separation=0.04322519;Ground_Mountain_1_4:(0.457, 0.890, 0.000) separation=0.06363434;Ground_Mountain_1_4:(0.457, 0.890, 0.000) separation=0.06363434;Ground_Summit authored launch:(0.457, 0.890, 0.000) separation=-0.008114698;Ground_Summit authored launch:(0.457, 0.890, 0.000) separation=0.06257609;Ground_Summit authored launch:(0.457, 0.890, 0.000) separation=0.06257788;Ground_Summit authored launch:(0.457, 0.890, 0.000) separation=-0.008111044;Ground_Summit authored launch:(0.457, 0.890, 0.000) separation=0.006591141;Ground_Summit authored launch:(0.457, 0.890, 0.000) separation=0.009286553;"
2.215,997.689,160.502,201.273,30.903,-27.450,14.220,-0.008,0.543,0.000,0.000,4,15.777,0.315,0.900,"Ground_Mountain_1_4:(0.462, 0.887, 0.000) separation=0.112555;Ground_Mountain_1_4:(0.462, 0.887, 0.000) separation=0.04285395;Ground_Mountain_1_4:(0.462, 0.887, 0.000) separation=0.1125185;Ground_Mountain_1_4:(0.462, 0.887, 0.000) separation=0.04288455;Ground_Mountain_1_4:(0.462, 0.887, 0.000) separation=0.04286268;Ground_Mountain_1_4:(0.462, 0.887, 0.000) separation=0.0608415;Ground_Summit authored launch:(0.457, 0.890, 0.000) separation=-0.005852861;Ground_Summit authored launch:(0.457, 0.890, 0.000) separation=0.06296514;Ground_Summit authored launch:(0.457, 0.890, 0.000) separation=0.06297031;Ground_Summit authored launch:(0.457, 0.890, 0.000) separation=-0.005852276;Ground_Summit authored launch:(0.457, 0.890, 0.000) separation=0.02820867;Ground_Summit authored launch:(0.457, 0.890, 0.000) separation=0.03054804;Ground_Summit authored launch:(0.470, 0.883, 0.000) separation=0.0446611;"
2.235,997.143,160.789,201.273,30.893,-27.379,14.336,-0.007,0.549,0.000,0.000,4,15.482,0.307,0.898,"Ground_Mountain_1_4:(0.462, 0.887, 0.000) separation=0.1143678;Ground_Mountain_1_4:(0.462, 0.887, 0.000) separation=0.04229764;Ground_Mountain_1_4:(0.462, 0.887, 0.000) separation=0.1143294;Ground_Mountain_1_4:(0.462, 0.887, 0.000) separation=0.04233097;Ground_Mountain_1_4:(0.462, 0.887, 0.000) separation=0.04231974;Ground_Mountain_1_4:(0.462, 0.887, 0.000) separation=0.08047992;Ground_Summit authored launch:(0.464, 0.886, 0.000) separation=-0.008379333;Ground_Summit authored launch:(0.464, 0.886, 0.000) separation=0.06361502;Ground_Summit authored launch:(0.464, 0.886, 0.000) separation=0.0636172;Ground_Summit authored launch:(0.464, 0.886, 0.000) separation=-0.008376317;Ground_Summit authored launch:(0.464, 0.886, 0.000) separation=0.01048097;Ground_Summit authored launch:(0.464, 0.886, 0.000) separation=0.01316789;"
2.255,996.599,161.078,201.273,30.883,-27.305,14.454,-0.007,0.553,0.000,0.000,4,15.608,0.340,0.896,"Ground_Mountain_1_4:(0.466, 0.885, 0.000) separation=0.1177103;Ground_Mountain_1_4:(0.466, 0.885, 0.000) separation=0.04628443;Ground_Mountain_1_4:(0.466, 0.885, 0.000) separation=0.1177152;Ground_Mountain_1_4:(0.466, 0.885, 0.000) separation=0.04626805;Ground_Mountain_1_4:(0.466, 0.885, 0.000) separation=0.0491679;Ground_Mountain_1_4:(0.466, 0.885, 0.000) separation=0.0491679;Ground_Summit authored launch:(0.470, 0.883, 0.000) separation=-0.006170403;Ground_Summit authored launch:(0.470, 0.883, 0.000) separation=0.06443019;Ground_Summit authored launch:(0.470, 0.883, 0.000) separation=0.06443502;Ground_Summit authored launch:(0.470, 0.883, 0.000) separation=-0.006167329;Ground_Summit authored launch:(0.470, 0.883, 0.000) separation=-0.006168872;Ground_Summit authored launch:(0.470, 0.883, 0.000) separation=-0.00472334;"
2.275,996.055,161.369,201.273,30.872,-27.231,14.572,-0.007,0.558,0.000,0.000,4,15.652,0.363,0.894,"Ground_Mountain_1_4:(0.476, 0.880, 0.000) separation=0.1143105;Ground_Mountain_1_4:(0.476, 0.880, 0.000) separation=0.04376416;Ground_Mountain_1_4:(0.476, 0.880, 0.000) separation=0.1143183;Ground_Mountain_1_4:(0.476, 0.880, 0.000) separation=0.04375131;Ground_Mountain_1_4:(0.476, 0.880, 0.000) separation=0.04376373;Ground_Mountain_1_4:(0.476, 0.880, 0.000) separation=0.04612109;Ground_Summit authored launch:(0.471, 0.882, 0.000) separation=-0.006264877;Ground_Summit authored launch:(0.471, 0.882, 0.000) separation=0.0635294;Ground_Summit authored launch:(0.471, 0.882, 0.000) separation=0.06353413;Ground_Summit authored launch:(0.471, 0.882, 0.000) separation=-0.00626461;Ground_Summit authored launch:(0.471, 0.882, 0.000) separation=0.01560795;Ground_Summit authored launch:(0.471, 0.882, 0.000) separation=0.01818559;Ground_Summit authored launch:(0.484, 0.875, 0.000) separation=0.04756287;"
2.295,995.514,161.663,201.272,30.863,-27.157,14.687,-0.007,0.564,0.000,0.000,4,15.459,0.355,0.892,"Ground_Mountain_1_4:(0.476, 0.880, 0.000) separation=0.1139872;Ground_Mountain_1_4:(0.476, 0.880, 0.000) separation=0.04210952;Ground_Mountain_1_4:(0.476, 0.880, 0.000) separation=0.1139496;Ground_Mountain_1_4:(0.476, 0.880, 0.000) separation=0.04214203;Ground_Mountain_1_4:(0.476, 0.880, 0.000) separation=0.04212278;Ground_Mountain_1_4:(0.476, 0.880, 0.000) separation=0.06761667;Ground_Summit authored launch:(0.479, 0.878, 0.000) separation=-0.006472424;Ground_Summit authored launch:(0.479, 0.878, 0.000) separation=0.06527501;Ground_Summit authored launch:(0.479, 0.878, 0.000) separation=0.06527749;Ground_Summit authored launch:(0.479, 0.878, 0.000) separation=-0.006469982;Ground_Summit authored launch:(0.479, 0.878, 0.000) separation=-0.003842831;Ground_Summit authored launch:(0.479, 0.878, 0.000) separation=-0.0009508133;"
2.315,994.973,161.959,201.272,30.852,-27.081,14.806,-0.007,0.568,0.000,0.000,4,15.686,0.395,0.890,"Ground_Mountain_1_4:(0.476, 0.880, 0.000) separation=0.115021;Ground_Mountain_1_4:(0.476, 0.880, 0.000) separation=0.04642658;Ground_Mountain_1_4:(0.476, 0.880, 0.000) separation=0.115026;Ground_Mountain_1_4:(0.476, 0.880, 0.000) separation=0.04641661;Ground_Mountain_1_4:(0.476, 0.880, 0.000) separation=0.04641882;Ground_Mountain_1_4:(0.476, 0.880, 0.000) separation=0.08801326;Ground_Summit authored launch:(0.478, 0.878, 0.000) separation=-0.004597856;Ground_Summit authored launch:(0.478, 0.878, 0.000) separation=0.06386749;Ground_Summit authored launch:(0.478, 0.878, 0.000) separation=0.06387243;Ground_Summit authored launch:(0.478, 0.878, 0.000) separation=-0.004598113;Ground_Summit authored launch:(0.478, 0.878, 0.000) separation=0.02001396;Ground_Summit authored launch:(0.478, 0.878, 0.000) separation=0.02251121;Ground_Summit authored launch:(0.491, 0.871, 0.000) separation=0.04845768;"
2.335,994.435,162.257,201.272,30.842,-27.007,14.920,-0.007,0.574,0.000,0.000,4,15.398,0.375,0.888,"Ground_Mountain_1_4:(0.485, 0.874, 0.000) separation=0.1175377;Ground_Mountain_1_4:(0.485, 0.874, 0.000) separation=0.04575787;Ground_Mountain_1_4:(0.485, 0.874, 0.000) separation=0.1175011;Ground_Mountain_1_4:(0.485, 0.874, 0.000) separation=0.04579022;Ground_Mountain_1_4:(0.485, 0.874, 0.000) separation=0.05705944;Ground_Mountain_1_4:(0.485, 0.874, 0.000) separation=0.05710372;Ground_Summit authored launch:(0.485, 0.874, 0.000) separation=-0.005465481;Ground_Summit authored launch:(0.485, 0.874, 0.000) separation=0.0655378;Ground_Summit authored launch:(0.485, 0.874, 0.000) separation=0.06554026;Ground_Summit authored launch:(0.485, 0.874, 0.000) separation=-0.005463763;Ground_Summit authored launch:(0.485, 0.874, 0.000) separation=0.0008321404;Ground_Summit authored launch:(0.485, 0.874, 0.000) separation=0.00366351;"
2.355,993.897,162.557,201.272,30.831,-26.932,15.033,-0.006,0.579,0.000,0.000,4,15.331,0.381,0.887,"Ground_Mountain_1_4:(0.490, 0.872, 0.000) separation=0.1151396;Ground_Mountain_1_4:(0.490, 0.872, 0.000) separation=0.04368357;Ground_Mountain_1_4:(0.490, 0.872, 0.000) separation=0.115145;Ground_Mountain_1_4:(0.490, 0.872, 0.000) separation=0.04367463;Ground_Mountain_1_4:(0.490, 0.872, 0.000) separation=0.04368228;Ground_Mountain_1_4:(0.490, 0.872, 0.000) separation=0.05345014;Ground_Summit authored launch:(0.485, 0.874, 0.000) separation=-0.005187614;Ground_Summit authored launch:(0.485, 0.874, 0.000) separation=0.06557045;Ground_Summit authored launch:(0.485, 0.874, 0.000) separation=0.06557439;Ground_Summit authored launch:(0.485, 0.874, 0.000) separation=-0.005187539;Ground_Summit authored launch:(0.485, 0.874, 0.000) separation=0.02295086;Ground_Summit authored launch:(0.485, 0.874, 0.000) separation=0.02547848;Ground_Summit authored launch:(0.498, 0.867, 0.000) separation=0.0471662;"
2.375,993.361,162.860,201.272,30.822,-26.860,15.142,-0.006,0.584,0.000,0.000,4,15.088,0.371,0.885,"Ground_Mountain_1_4:(0.490, 0.872, 0.000) separation=0.1159482;Ground_Mountain_1_4:(0.490, 0.872, 0.000) separation=0.04263627;Ground_Mountain_1_4:(0.490, 0.872, 0.000) separation=0.1159086;Ground_Mountain_1_4:(0.490, 0.872, 0.000) separation=0.04267231;Ground_Mountain_1_4:(0.490, 0.872, 0.000) separation=0.04265481;Ground_Mountain_1_4:(0.490, 0.872, 0.000) separation=0.07440928;Ground_Summit authored launch:(0.492, 0.871, 0.000) separation=-0.006200512;Ground_Summit authored launch:(0.492, 0.871, 0.000) separation=0.06688908;Ground_Summit authored launch:(0.492, 0.871, 0.000) separation=0.06689104;Ground_Summit authored launch:(0.492, 0.871, 0.000) separation=-0.00619903;Ground_Summit authored launch:(0.492, 0.871, 0.000) separation=0.003648967;Ground_Summit authored launch:(0.492, 0.871, 0.000) separation=0.00650695;"
2.395,992.826,163.164,201.272,30.811,-26.787,15.252,-0.006,0.589,0.000,0.000,4,15.101,0.297,0.883,"Ground_Mountain_1_4:(0.490, 0.872, 0.000) separation=0.1187117;Ground_Mountain_1_4:(0.490, 0.872, 0.000) separation=0.0459437;Ground_Mountain_1_4:(0.490, 0.872, 0.000) separation=0.1186712;Ground_Mountain_1_4:(0.490, 0.872, 0.000) separation=0.04598071;Ground_Mountain_1_4:(0.490, 0.872, 0.000) separation=0.04597643;Ground_Mountain_1_4:(0.490, 0.872, 0.000) separation=0.09406984;Ground_Summit authored launch:(0.492, 0.871, 0.000) separation=-0.005303195;Ground_Summit authored launch:(0.492, 0.871, 0.000) separation=0.06720436;Ground_Summit authored launch:(0.492, 0.871, 0.000) separation=0.06720783;Ground_Summit authored launch:(0.492, 0.871, 0.000) separation=-0.005303504;Ground_Summit authored launch:(0.492, 0.871, 0.000) separation=0.02603734;Ground_Summit authored launch:(0.492, 0.871, 0.000) separation=0.02858269;Ground_Summit authored launch:(0.505, 0.863, 0.000) separation=0.0464201;"
2.415,992.293,163.471,201.272,30.802,-26.715,15.358,-0.005,0.594,0.000,0.000,4,14.895,0.304,0.881,"Ground_Mountain_1_4:(0.499, 0.867, 0.000) separation=0.1188947;Ground_Mountain_1_4:(0.499, 0.867, 0.000) separation=0.04377615;Ground_Mountain_1_4:(0.499, 0.867, 0.000) separation=0.1188999;Ground_Mountain_1_4:(0.499, 0.867, 0.000) separation=0.04376823;Ground_Mountain_1_4:(0.499, 0.867, 0.000) separation=0.06259987;Ground_Mountain_1_4:(0.499, 0.867, 0.000) separation=0.0625999;Ground_Summit authored launch:(0.499, 0.867, 0.000) separation=-0.00643664;Ground_Summit authored launch:(0.499, 0.867, 0.000) separation=0.06805487;Ground_Summit authored launch:(0.499, 0.867, 0.000) separation=0.06805708;Ground_Summit authored launch:(0.499, 0.867, 0.000) separation=-0.006436333;Ground_Summit authored launch:(0.499, 0.867, 0.000) separation=0.006671906;Ground_Summit authored launch:(0.499, 0.867, 0.000) separation=0.00953868;"
2.435,991.761,163.780,201.272,30.792,-26.643,15.464,-0.005,0.599,0.000,0.000,4,14.930,0.325,0.880,"Ground_Mountain_1_4:(0.503, 0.864, 0.000) separation=0.1170237;Ground_Mountain_1_4:(0.503, 0.864, 0.000) separation=0.0424391;Ground_Mountain_1_4:(0.503, 0.864, 0.000) separation=0.1169828;Ground_Mountain_1_4:(0.503, 0.864, 0.000) separation=0.04247795;Ground_Mountain_1_4:(0.503, 0.864, 0.000) separation=0.04244837;Ground_Mountain_1_4:(0.503, 0.864, 0.000) separation=0.05873126;Ground_Summit authored launch:(0.499, 0.867, 0.000) separation=-0.005294021;Ground_Summit authored launch:(0.499, 0.867, 0.000) separation=0.06865706;Ground_Summit authored launch:(0.499, 0.867, 0.000) separation=0.06865964;Ground_Summit authored launch:(0.499, 0.867, 0.000) separation=-0.005294394;Ground_Summit authored launch:(0.499, 0.867, 0.000) separation=0.0289607;Ground_Summit authored launch:(0.499, 0.867, 0.000) separation=0.03151765;Ground_Summit authored launch:(0.511, 0.859, 0.000) separation=0.04581475;"
2.455,991.231,164.091,201.271,30.783,-26.572,15.568,-0.004,0.604,0.000,0.000,4,14.761,0.330,0.878,"Ground_Mountain_1_4:(0.503, 0.864, 0.000) separation=0.1182448;Ground_Mountain_1_4:(0.503, 0.864, 0.000) separation=0.04237996;Ground_Mountain_1_4:(0.503, 0.864, 0.000) separation=0.1182467;Ground_Mountain_1_4:(0.503, 0.864, 0.000) separation=0.0423767;Ground_Mountain_1_4:(0.503, 0.864, 0.000) separation=0.04237798;Ground_Mountain_1_4:(0.503, 0.864, 0.000) separation=0.08000129;Ground_Summit authored launch:(0.506, 0.863, 0.000) separation=-0.006578741;Ground_Summit authored launch:(0.506, 0.863, 0.000) separation=0.06897802;Ground_Summit authored launch:(0.506, 0.863, 0.000) separation=0.06897963;Ground_Summit authored launch:(0.506, 0.863, 0.000) separation=-0.006578938;Ground_Summit authored launch:(0.506, 0.863, 0.000) separation=0.009504825;Ground_Summit authored launch:(0.506, 0.863, 0.000) separation=0.01237467;"
2.475,990.702,164.404,201.271,30.773,-26.499,15.673,-0.004,0.609,0.000,0.000,4,14.796,0.348,0.876,"Ground_Mountain_1_4:(0.503, 0.864, 0.000) separation=0.121528;Ground_Mountain_1_4:(0.503, 0.864, 0.000) separation=0.04610597;Ground_Mountain_1_4:(0.503, 0.864, 0.000) separation=0.1215295;Ground_Mountain_1_4:(0.503, 0.864, 0.000) separation=0.04610308;Ground_Mountain_1_4:(0.503, 0.864, 0.000) separation=0.04610315;Ground_Mountain_1_4:(0.503, 0.864, 0.000) separation=0.09948754;Ground_Summit authored launch:(0.506, 0.863, 0.000) separation=-0.005264442;Ground_Summit authored launch:(0.506, 0.863, 0.000) separation=0.06985048;Ground_Summit authored launch:(0.506, 0.863, 0.000) separation=0.06985187;Ground_Summit authored launch:(0.506, 0.863, 0.000) separation=-0.005264629;Ground_Summit authored launch:(0.506, 0.863, 0.000) separation=0.0316326;Ground_Summit authored launch:(0.506, 0.863, 0.000) separation=0.03419736;Ground_Summit authored launch:(0.518, 0.856, 0.000) separation=0.0453214;"
2.495,990.175,164.719,201.271,30.764,-26.428,15.775,-0.003,0.614,0.000,0.000,4,14.658,0.351,0.874,"Ground_Mountain_1_4:(0.512, 0.859, 0.000) separation=0.1194715;Ground_Mountain_1_4:(0.512, 0.859, 0.000) separation=0.04253082;Ground_Mountain_1_4:(0.512, 0.859, 0.000) separation=0.1194715;Ground_Mountain_1_4:(0.512, 0.859, 0.000) separation=0.04253082;Ground_Mountain_1_4:(0.512, 0.859, 0.000) separation=0.06754565;Ground_Mountain_1_4:(0.512, 0.859, 0.000) separation=0.06754568;Ground_Summit authored launch:(0.513, 0.858, 0.000) separation=-0.006645652;Ground_Summit authored launch:(0.513, 0.858, 0.000) separation=0.06974065;Ground_Summit authored launch:(0.513, 0.858, 0.000) separation=0.06974214;Ground_Summit authored launch:(0.513, 0.858, 0.000) separation=-0.00664679;Ground_Summit authored launch:(0.513, 0.858, 0.000) separation=0.01211831;Ground_Summit authored launch:(0.513, 0.858, 0.000) separation=0.01498613;"
2.515,989.649,165.037,201.271,30.755,-26.355,15.879,-0.002,0.618,0.000,0.000,4,14.778,0.376,0.872,"Ground_Mountain_1_4:(0.517, 0.856, 0.000) separation=0.1178838;Ground_Mountain_1_4:(0.517, 0.856, 0.000) separation=0.04236743;Ground_Mountain_1_4:(0.517, 0.856, 0.000) separation=0.1178838;Ground_Mountain_1_4:(0.517, 0.856, 0.000) separation=0.04236744;Ground_Mountain_1_4:(0.517, 0.856, 0.000) separation=0.04236743;Ground_Mountain_1_4:(0.517, 0.856, 0.000) separation=0.06385583;Ground_Summit authored launch:(0.512, 0.859, 0.000) separation=-0.004497476;Ground_Summit authored launch:(0.512, 0.859, 0.000) separation=0.07054536;Ground_Summit authored launch:(0.512, 0.859, 0.000) separation=0.07054608;Ground_Summit authored launch:(0.512, 0.859, 0.000) separation=-0.00449805;Ground_Summit authored launch:(0.512, 0.859, 0.000) separation=0.03429189;Ground_Summit authored launch:(0.512, 0.859, 0.000) separation=0.03683025;Ground_Summit authored launch:(0.524, 0.852, 0.000) separation=0.04561499;"
2.535,989.124,165.356,201.271,30.746,-26.282,15.981,-0.002,0.623,0.000,0.000,4,14.641,0.375,0.870,"Ground_Mountain_1_4:(0.517, 0.856, 0.000) separation=0.1195107;Ground_Mountain_1_4:(0.517, 0.856, 0.000) separation=0.0430231;Ground_Mountain_1_4:(0.517, 0.856, 0.000) separation=0.1195089;Ground_Mountain_1_4:(0.517, 0.856, 0.000) separation=0.0430263;Ground_Mountain_1_4:(0.517, 0.856, 0.000) separation=0.04302523;Ground_Mountain_1_4:(0.517, 0.856, 0.000) separation=0.0848397;Ground_Summit authored launch:(0.520, 0.854, 0.000) separation=-0.005966762;Ground_Summit authored launch:(0.520, 0.854, 0.000) separation=0.07007684;Ground_Summit authored launch:(0.520, 0.854, 0.000) separation=0.070078;Ground_Summit authored launch:(0.520, 0.854, 0.000) separation=-0.005968638;Ground_Summit authored launch:(0.520, 0.854, 0.000) separation=0.01498047;Ground_Summit authored launch:(0.520, 0.854, 0.000) separation=0.01781461;"
2.555,988.602,165.677,201.271,30.737,-26.209,16.084,-0.001,0.627,0.000,0.000,4,14.645,0.385,0.867,"Ground_Mountain_1_4:(0.525, 0.851, 0.000) separation=0.1223527;Ground_Mountain_1_4:(0.525, 0.851, 0.000) separation=0.04603007;Ground_Mountain_1_4:(0.525, 0.851, 0.000) separation=0.1223499;Ground_Mountain_1_4:(0.525, 0.851, 0.000) separation=0.04603424;Ground_Mountain_1_4:(0.525, 0.851, 0.000) separation=0.0492318;Ground_Mountain_1_4:(0.525, 0.851, 0.000) separation=0.04923183;Ground_Summit authored launch:(0.526, 0.850, 0.000) separation=-0.004579614;Ground_Summit authored launch:(0.526, 0.850, 0.000) separation=0.07128556;Ground_Summit authored launch:(0.526, 0.850, 0.000) separation=0.07128556;Ground_Summit authored launch:(0.526, 0.850, 0.000) separation=-0.004580609;Ground_Summit authored launch:(0.526, 0.850, 0.000) separation=-0.004580081;Ground_Summit authored launch:(0.526, 0.850, 0.000) separation=-0.003006518;"
2.575,988.080,166.000,201.271,30.728,-26.135,16.187,0.000,0.631,0.000,0.000,4,14.741,0.407,0.866,"Ground_Mountain_1_4:(0.530, 0.848, 0.000) separation=0.1189784;Ground_Mountain_1_4:(0.530, 0.848, 0.000) separation=0.04438706;Ground_Mountain_1_4:(0.530, 0.848, 0.000) separation=0.118976;Ground_Mountain_1_4:(0.530, 0.848, 0.000) separation=0.04439082;Ground_Mountain_1_4:(0.530, 0.848, 0.000) separation=0.04438713;Ground_Mountain_1_4:(0.530, 0.848, 0.000) separation=0.04598513;Ground_Summit authored launch:(0.526, 0.850, 0.000) separation=-0.004004562;Ground_Summit authored launch:(0.526, 0.850, 0.000) separation=0.07011884;Ground_Summit authored launch:(0.526, 0.850, 0.000) separation=0.07011809;Ground_Summit authored launch:(0.526, 0.850, 0.000) separation=-0.004005076;Ground_Summit authored launch:(0.526, 0.850, 0.000) separation=0.01843581;Ground_Summit authored launch:(0.526, 0.850, 0.000) separation=0.0211904;Ground_Summit authored launch:(0.537, 0.844, 0.000) separation=0.04987568;"
2.595,987.560,166.326,201.271,30.719,-26.061,16.289,0.000,0.636,0.000,0.000,4,14.615,0.400,0.864,"Ground_Mountain_1_4:(0.530, 0.848, 0.000) separation=0.1186269;Ground_Mountain_1_4:(0.530, 0.848, 0.000) separation=0.04333189;Ground_Mountain_1_4:(0.530, 0.848, 0.000) separation=0.1186227;Ground_Mountain_1_4:(0.530, 0.848, 0.000) separation=0.04333875;Ground_Mountain_1_4:(0.530, 0.848, 0.000) separation=0.04333448;Ground_Mountain_1_4:(0.530, 0.848, 0.000) separation=0.06865466;Ground_Summit authored launch:(0.533, 0.846, 0.000) separation=-0.003328432;Ground_Summit authored launch:(0.533, 0.846, 0.000) separation=0.07150521;Ground_Summit authored launch:(0.533, 0.846, 0.000) separation=0.07150552;Ground_Summit authored launch:(0.533, 0.846, 0.000) separation=-0.003330912;Ground_Summit authored launch:(0.533, 0.846, 0.000) separation=-0.002693355;Ground_Summit authored launch:(0.533, 0.846, 0.000) separation=0.0003460944;"
2.615,987.041,166.653,201.271,30.709,-25.988,16.389,0.001,0.641,0.000,0.000,4,14.506,0.400,0.862,"Ground_Mountain_1_4:(0.530, 0.848, 0.000) separation=0.1206856;Ground_Mountain_1_4:(0.530, 0.848, 0.000) separation=0.04511759;Ground_Mountain_1_4:(0.530, 0.848, 0.000) separation=0.1206829;Ground_Mountain_1_4:(0.530, 0.848, 0.000) separation=0.04512224;Ground_Mountain_1_4:(0.530, 0.848, 0.000) separation=0.04512098;Ground_Mountain_1_4:(0.530, 0.848, 0.000) separation=0.08943868;Ground_Summit authored launch:(0.533, 0.846, 0.000) separation=-0.0037458;Ground_Summit authored launch:(0.533, 0.846, 0.000) separation=0.07129608;Ground_Summit authored launch:(0.533, 0.846, 0.000) separation=0.07129425;Ground_Summit authored launch:(0.533, 0.846, 0.000) separation=-0.003746437;Ground_Summit authored launch:(0.533, 0.846, 0.000) separation=0.02060691;Ground_Summit authored launch:(0.533, 0.846, 0.000) separation=0.02337024;Ground_Summit authored launch:(0.543, 0.840, 0.000) separation=0.04975653;"
2.635,986.523,166.982,201.271,30.700,-25.915,16.487,0.002,0.645,0.000,0.000,4,14.396,0.398,0.860,"Ground_Mountain_1_4:(0.538, 0.843, 0.000) separation=0.1228232;Ground_Mountain_1_4:(0.538, 0.843, 0.000) separation=0.04684363;Ground_Mountain_1_4:(0.538, 0.843, 0.000) separation=0.1228163;Ground_Mountain_1_4:(0.538, 0.843, 0.000) separation=0.04685381;Ground_Mountain_1_4:(0.538, 0.843, 0.000) separation=0.05436015;Ground_Mountain_1_4:(0.538, 0.843, 0.000) separation=0.05436015;Ground_Summit authored launch:(0.539, 0.842, 0.000) separation=-0.002967135;Ground_Summit authored launch:(0.539, 0.842, 0.000) separation=0.07261343;Ground_Summit authored launch:(0.539, 0.842, 0.000) separation=0.0726135;Ground_Summit authored launch:(0.539, 0.842, 0.000) separation=-0.00297055;Ground_Summit authored launch:(0.539, 0.842, 0.000) separation=-0.0004759431;Ground_Summit authored launch:(0.539, 0.842, 0.000) separation=0.002570242;"
2.655,986.007,167.313,201.271,30.691,-25.843,16.584,0.003,0.650,0.000,0.000,4,14.266,0.395,0.858,"Ground_Mountain_1_4:(0.542, 0.840, 0.000) separation=0.1207545;Ground_Mountain_1_4:(0.542, 0.840, 0.000) separation=0.04423698;Ground_Mountain_1_4:(0.542, 0.840, 0.000) separation=0.1207459;Ground_Mountain_1_4:(0.542, 0.840, 0.000) separation=0.04425013;Ground_Mountain_1_4:(0.542, 0.840, 0.000) separation=0.04423791;Ground_Mountain_1_4:(0.542, 0.840, 0.000) separation=0.04958519;Ground_Summit authored launch:(0.539, 0.842, 0.000) separation=-0.003345668;Ground_Summit authored launch:(0.539, 0.842, 0.000) separation=0.07282972;Ground_Summit authored launch:(0.539, 0.842, 0.000) separation=0.07282998;Ground_Summit authored launch:(0.539, 0.842, 0.000) separation=-0.00335023;Ground_Summit authored launch:(0.539, 0.842, 0.000) separation=0.02277297;Ground_Summit authored launch:(0.539, 0.842, 0.000) separation=0.02555799;Ground_Summit authored launch:(0.549, 0.836, 0.000) separation=0.04983586;"
2.675,985.493,167.647,201.271,30.682,-25.772,16.678,0.004,0.654,0.000,0.000,4,14.183,0.398,0.856,"Ground_Mountain_1_4:(0.542, 0.840, 0.000) separation=0.1210749;Ground_Mountain_1_4:(0.542, 0.840, 0.000) separation=0.04400466;Ground_Mountain_1_4:(0.542, 0.840, 0.000) separation=0.1210664;Ground_Mountain_1_4:(0.542, 0.840, 0.000) separation=0.04401839;Ground_Mountain_1_4:(0.542, 0.840, 0.000) separation=0.04401055;Ground_Mountain_1_4:(0.542, 0.840, 0.000) separation=0.07273421;Ground_Summit authored launch:(0.545, 0.838, 0.000) separation=-0.002513505;Ground_Summit authored launch:(0.545, 0.838, 0.000) separation=0.07399502;Ground_Summit authored launch:(0.545, 0.838, 0.000) separation=0.07399791;Ground_Summit authored launch:(0.545, 0.838, 0.000) separation=-0.002521537;Ground_Summit authored launch:(0.545, 0.838, 0.000) separation=0.001565784;Ground_Summit authored launch:(0.545, 0.838, 0.000) separation=0.004628628;"
2.695,984.980,167.981,201.272,30.674,-25.701,16.772,0.005,0.659,0.000,-0.001,4,14.078,0.398,0.854,"Ground_Mountain_1_4:(0.542, 0.840, 0.000) separation=0.123774;Ground_Mountain_1_4:(0.542, 0.840, 0.000) separation=0.04620954;Ground_Mountain_1_4:(0.542, 0.840, 0.000) separation=0.1237659;Ground_Mountain_1_4:(0.542, 0.840, 0.000) separation=0.04622354;Ground_Mountain_1_4:(0.542, 0.840, 0.000) separation=0.04622051;Ground_Mountain_1_4:(0.542, 0.840, 0.000) separation=0.09384683;Ground_Summit authored launch:(0.544, 0.839, 0.000) separation=-0.002571214;Ground_Summit authored launch:(0.544, 0.839, 0.000) separation=0.0743978;Ground_Summit authored launch:(0.544, 0.839, 0.000) separation=0.07440067;Ground_Summit authored launch:(0.544, 0.839, 0.000) separation=-0.002580168;Ground_Summit authored launch:(0.544, 0.839, 0.000) separation=0.02499774;Ground_Summit authored launch:(0.544, 0.839, 0.000) separation=0.02779701;Ground_Summit authored launch:(0.555, 0.832, 0.000) separation=0.05035311;"
2.715,984.468,168.318,201.272,30.665,-25.631,16.864,0.006,0.663,0.000,-0.001,4,14.022,0.404,0.853,"Ground_Mountain_1_4:(0.550, 0.835, 0.000) separation=0.1247634;Ground_Mountain_1_4:(0.550, 0.835, 0.000) separation=0.047305;Ground_Mountain_1_4:(0.550, 0.835, 0.000) separation=0.1247495;Ground_Mountain_1_4:(0.550, 0.835, 0.000) separation=0.04732534;Ground_Mountain_1_4:(0.550, 0.835, 0.000) separation=0.05802444;Ground_Mountain_1_4:(0.550, 0.835, 0.000) separation=0.05802444;Ground_Summit authored launch:(0.551, 0.834, 0.000) separation=-0.001710048;Ground_Summit authored launch:(0.551, 0.834, 0.000) separation=0.07536191;Ground_Summit authored launch:(0.551, 0.834, 0.000) separation=0.07536829;Ground_Summit authored launch:(0.551, 0.834, 0.000) separation=-0.001722867;Ground_Summit authored launch:(0.551, 0.834, 0.000) separation=0.003677607;Ground_Summit authored launch:(0.551, 0.834, 0.000) separation=0.006751925;"
2.735,983.958,168.657,201.272,30.657,-25.560,16.955,0.007,0.667,0.000,-0.001,4,13.938,0.324,0.851,"Ground_Mountain_1_4:(0.554, 0.832, 0.000) separation=0.123053;Ground_Mountain_1_4:(0.554, 0.832, 0.000) separation=0.04533787;Ground_Mountain_1_4:(0.554, 0.832, 0.000) separation=0.1230407;Ground_Mountain_1_4:(0.554, 0.832, 0.000) separation=0.04535658;Ground_Mountain_1_4:(0.554, 0.832, 0.000) separation=0.04533988;Ground_Mountain_1_4:(0.554, 0.832, 0.000) separation=0.0533039;Ground_Summit authored launch:(0.550, 0.835, 0.000) separation=-0.001532599;Ground_Summit authored launch:(0.550, 0.835, 0.000) separation=0.07586355;Ground_Summit authored launch:(0.550, 0.835, 0.000) separation=0.07586996;Ground_Summit authored launch:(0.550, 0.835, 0.000) separation=-0.001545496;Ground_Summit authored launch:(0.550, 0.835, 0.000) separation=0.02716744;Ground_Summit authored launch:(0.550, 0.835, 0.000) separation=0.02997628;Ground_Summit authored launch:(0.561, 0.828, 0.000) separation=0.05116767;"
2.755,983.449,168.997,201.272,30.648,-25.490,17.046,0.007,0.672,0.000,-0.001,4,13.906,0.421,0.849,"Ground_Mountain_1_4:(0.554, 0.832, 0.000) separation=0.1235024;Ground_Mountain_1_4:(0.554, 0.832, 0.000) separation=0.04565455;Ground_Mountain_1_4:(0.554, 0.832, 0.000) separation=0.1234927;Ground_Mountain_1_4:(0.554, 0.832, 0.000) separation=0.04566992;Ground_Mountain_1_4:(0.554, 0.832, 0.000) separation=0.0456616;Ground_Mountain_1_4:(0.554, 0.832, 0.000) separation=0.076626;Ground_Summit authored launch:(0.557, 0.830, 0.000) separation=-0.0006097956;Ground_Summit authored launch:(0.557, 0.830, 0.000) separation=0.07659585;Ground_Summit authored launch:(0.557, 0.830, 0.000) separation=0.07660566;Ground_Summit authored launch:(0.557, 0.830, 0.000) separation=-0.0006257566;Ground_Summit authored launch:(0.557, 0.830, 0.000) separation=0.005789608;Ground_Summit authored launch:(0.557, 0.830, 0.000) separation=0.008867592;"
2.775,982.941,169.339,201.272,30.640,-25.420,17.136,0.008,0.676,0.000,0.000,4,13.849,0.341,0.847,"Ground_Mountain_1_4:(0.554, 0.832, 0.000) separation=0.1262958;Ground_Mountain_1_4:(0.554, 0.832, 0.000) separation=0.04826442;Ground_Mountain_1_4:(0.554, 0.832, 0.000) separation=0.1262877;Ground_Mountain_1_4:(0.554, 0.832, 0.000) separation=0.04827831;Ground_Mountain_1_4:(0.554, 0.832, 0.000) separation=0.04827565;Ground_Mountain_1_4:(0.554, 0.832, 0.000) separation=0.09768245;Ground_Summit authored launch:(0.556, 0.831, 0.000) separation=-0.0002014413;Ground_Summit authored launch:(0.556, 0.831, 0.000) separation=0.07715218;Ground_Summit authored launch:(0.556, 0.831, 0.000) separation=0.07716209;Ground_Summit authored launch:(0.556, 0.831, 0.000) separation=-0.0002169907;Ground_Summit authored launch:(0.556, 0.831, 0.000) separation=0.02924979;Ground_Summit authored launch:(0.556, 0.831, 0.000) separation=0.03205758;Ground_Summit authored launch:(0.567, 0.824, 0.000) separation=0.05233455;"
2.795,982.435,169.683,201.272,30.632,-25.349,17.225,0.008,0.680,0.000,0.000,4,13.817,0.434,0.845,"Ground_Mountain_1_4:(0.562, 0.827, 0.000) separation=0.1264163;Ground_Mountain_1_4:(0.562, 0.827, 0.000) separation=0.04917725;Ground_Mountain_1_4:(0.562, 0.827, 0.000) separation=0.1264038;Ground_Mountain_1_4:(0.562, 0.827, 0.000) separation=0.0491953;Ground_Mountain_1_4:(0.562, 0.827, 0.000) separation=0.0617488;Ground_Mountain_1_4:(0.562, 0.827, 0.000) separation=0.06174883;Ground_Summit authored launch:(0.563, 0.826, 0.000) separation=0.0008336231;Ground_Summit authored launch:(0.563, 0.826, 0.000) separation=0.07776024;Ground_Summit authored launch:(0.563, 0.826, 0.000) separation=0.07777248;Ground_Summit authored launch:(0.563, 0.826, 0.000) separation=0.0008160304;Ground_Summit authored launch:(0.563, 0.826, 0.000) separation=0.007941484;Ground_Summit authored launch:(0.563, 0.826, 0.000) separation=0.01101384;"
2.815,981.930,170.029,201.272,30.624,-25.279,17.314,0.008,0.684,0.000,0.000,4,13.769,0.353,0.843,"Ground_Mountain_1_4:(0.566, 0.824, 0.000) separation=0.1249893;Ground_Mountain_1_4:(0.566, 0.824, 0.000) separation=0.04780542;Ground_Mountain_1_4:(0.566, 0.824, 0.000) separation=0.1249784;Ground_Mountain_1_4:(0.566, 0.824, 0.000) separation=0.047822;Ground_Mountain_1_4:(0.566, 0.824, 0.000) separation=0.04780754;Ground_Mountain_1_4:(0.566, 0.824, 0.000) separation=0.05716869;Ground_Summit authored launch:(0.562, 0.827, 0.000) separation=0.001486175;Ground_Summit authored launch:(0.562, 0.827, 0.000) separation=0.0784325;Ground_Summit authored launch:(0.562, 0.827, 0.000) separation=0.07844378;Ground_Summit authored launch:(0.562, 0.827, 0.000) separation=0.001469549;Ground_Summit authored launch:(0.562, 0.827, 0.000) separation=0.03135002;Ground_Summit authored launch:(0.562, 0.827, 0.000) separation=0.03414503;Ground_Summit authored launch:(0.573, 0.820, 0.000) separation=0.05390623;"
2.835,981.427,170.376,201.273,30.616,-25.208,17.402,0.008,0.688,0.000,0.000,4,13.733,0.443,0.841,"Ground_Mountain_1_4:(0.566, 0.824, 0.000) separation=0.1256618;Ground_Mountain_1_4:(0.566, 0.824, 0.000) separation=0.04859026;Ground_Mountain_1_4:(0.566, 0.824, 0.000) separation=0.1256524;Ground_Mountain_1_4:(0.566, 0.824, 0.000) separation=0.04860535;Ground_Mountain_1_4:(0.566, 0.824, 0.000) separation=0.0485974;Ground_Mountain_1_4:(0.566, 0.824, 0.000) separation=0.08035764;Ground_Summit authored launch:(0.568, 0.823, 0.000) separation=0.002654888;Ground_Summit authored launch:(0.568, 0.823, 0.000) separation=0.07899474;Ground_Summit authored launch:(0.568, 0.823, 0.000) separation=0.07900754;Ground_Summit authored launch:(0.568, 0.823, 0.000) separation=0.002636649;Ground_Summit authored launch:(0.568, 0.823, 0.000) separation=0.01017204;Ground_Summit authored launch:(0.568, 0.823, 0.000) separation=0.013228;"
2.855,980.925,170.726,201.273,30.608,-25.137,17.490,0.008,0.692,0.000,0.000,4,13.689,0.360,0.839,"Ground_Mountain_1_4:(0.566, 0.824, 0.000) separation=0.1286823;Ground_Mountain_1_4:(0.566, 0.824, 0.000) separation=0.05155168;Ground_Mountain_1_4:(0.566, 0.824, 0.000) separation=0.1286744;Ground_Mountain_1_4:(0.566, 0.824, 0.000) separation=0.05156532;Ground_Mountain_1_4:(0.566, 0.824, 0.000) separation=0.05156285;Ground_Mountain_1_4:(0.566, 0.824, 0.000) separation=0.1012305;Ground_Summit authored launch:(0.568, 0.823, 0.000) separation=0.003517881;Ground_Summit authored launch:(0.568, 0.823, 0.000) separation=0.07980223;Ground_Summit authored launch:(0.568, 0.823, 0.000) separation=0.07981356;Ground_Summit authored launch:(0.568, 0.823, 0.000) separation=0.003500868;Ground_Summit authored launch:(0.568, 0.823, 0.000) separation=0.03347892;Ground_Summit authored launch:(0.568, 0.823, 0.000) separation=0.0362556;Ground_Summit authored launch:(0.578, 0.816, 0.000) separation=0.05590078;"
2.875,980.425,171.077,201.273,30.600,-25.067,17.577,0.008,0.696,0.000,0.000,4,13.647,0.448,0.837,"Ground_Mountain_1_4:(0.574, 0.819, 0.000) separation=0.12844;Ground_Mountain_1_4:(0.574, 0.819, 0.000) separation=0.05266635;Ground_Mountain_1_4:(0.574, 0.819, 0.000) separation=0.1284266;Ground_Mountain_1_4:(0.574, 0.819, 0.000) separation=0.05268598;Ground_Mountain_1_4:(0.574, 0.819, 0.000) separation=0.06577766;Ground_Mountain_1_4:(0.574, 0.819, 0.000) separation=0.06577769;Ground_Summit authored launch:(0.574, 0.819, 0.000) separation=0.004829873;Ground_Summit authored launch:(0.574, 0.819, 0.000) separation=0.0803727;Ground_Summit authored launch:(0.574, 0.819, 0.000) separation=0.0803853;Ground_Summit authored launch:(0.574, 0.819, 0.000) separation=0.004811333;Ground_Summit authored launch:(0.574, 0.819, 0.000) separation=0.01246664;Ground_Summit authored launch:(0.574, 0.819, 0.000) separation=0.01550007;"
2.895,979.926,171.429,201.273,30.592,-24.996,17.663,0.009,0.700,0.000,0.000,4,13.595,0.364,0.835,"Ground_Mountain_1_4:(0.578, 0.816, 0.000) separation=0.127238;Ground_Mountain_1_4:(0.578, 0.816, 0.000) separation=0.05166687;Ground_Mountain_1_4:(0.578, 0.816, 0.000) separation=0.1272249;Ground_Mountain_1_4:(0.578, 0.816, 0.000) separation=0.05168669;Ground_Mountain_1_4:(0.578, 0.816, 0.000) separation=0.05166948;Ground_Mountain_1_4:(0.578, 0.816, 0.000) separation=0.06122679;Ground_Summit authored launch:(0.574, 0.819, 0.000) separation=0.005850594;Ground_Summit authored launch:(0.574, 0.819, 0.000) separation=0.0812817;Ground_Summit authored launch:(0.574, 0.819, 0.000) separation=0.08129266;Ground_Summit authored launch:(0.574, 0.819, 0.000) separation=0.005833335;Ground_Summit authored launch:(0.574, 0.819, 0.000) separation=0.03561643;Ground_Summit authored launch:(0.574, 0.819, 0.000) separation=0.03837091;Ground_Summit authored launch:(0.584, 0.812, 0.000) separation=0.05822065;"
2.915,979.428,171.784,201.273,30.583,-24.926,17.748,0.009,0.704,0.000,-0.001,4,13.545,0.449,0.833,"Ground_Mountain_1_4:(0.578, 0.816, 0.000) separation=0.1281375;Ground_Mountain_1_4:(0.578, 0.816, 0.000) separation=0.05272307;Ground_Mountain_1_4:(0.578, 0.816, 0.000) separation=0.1281273;Ground_Mountain_1_4:(0.578, 0.816, 0.000) separation=0.05273944;Ground_Mountain_1_4:(0.578, 0.816, 0.000) separation=0.0527308;Ground_Mountain_1_4:(0.578, 0.816, 0.000) separation=0.08409625;Ground_Summit authored launch:(0.579, 0.815, 0.000) separation=0.007364542;Ground_Summit authored launch:(0.579, 0.815, 0.000) separation=0.08194096;Ground_Summit authored launch:(0.579, 0.815, 0.000) separation=0.08195305;Ground_Summit authored launch:(0.579, 0.815, 0.000) separation=0.007345822;Ground_Summit authored launch:(0.579, 0.815, 0.000) separation=0.01484698;Ground_Summit authored launch:(0.579, 0.815, 0.000) separation=0.01785597;"
2.935,978.932,172.140,201.273,30.576,-24.855,17.833,0.009,0.708,0.000,-0.001,4,13.487,0.365,0.831,"Ground_Mountain_1_4:(0.578, 0.816, 0.000) separation=0.1314737;Ground_Mountain_1_4:(0.578, 0.816, 0.000) separation=0.05616444;Ground_Mountain_1_4:(0.578, 0.816, 0.000) separation=0.1314642;Ground_Mountain_1_4:(0.578, 0.816, 0.000) separation=0.05618067;Ground_Mountain_1_4:(0.578, 0.816, 0.000) separation=0.05617771;Ground_Mountain_1_4:(0.578, 0.816, 0.000) separation=0.1048208;Ground_Summit authored launch:(0.579, 0.815, 0.000) separation=0.008614525;Ground_Summit authored launch:(0.579, 0.815, 0.000) separation=0.08306196;Ground_Summit authored launch:(0.579, 0.815, 0.000) separation=0.08307244;Ground_Summit authored launch:(0.579, 0.815, 0.000) separation=0.008597448;Ground_Summit authored launch:(0.579, 0.815, 0.000) separation=0.03793672;Ground_Summit authored launch:(0.579, 0.815, 0.000) separation=0.04066834;Ground_Summit authored launch:(0.590, 0.808, 0.000) separation=0.06099823;"
2.955,978.437,172.498,201.274,30.568,-24.785,17.917,0.009,0.712,0.000,-0.001,4,13.427,0.448,0.829,"Ground_Mountain_1_4:(0.585, 0.811, 0.000) separation=0.131462;Ground_Mountain_1_4:(0.585, 0.811, 0.000) separation=0.05779639;Ground_Mountain_1_4:(0.585, 0.811, 0.000) separation=0.1314488;Ground_Mountain_1_4:(0.585, 0.811, 0.000) separation=0.05781555;Ground_Mountain_1_4:(0.585, 0.811, 0.000) separation=0.07023355;Ground_Mountain_1_4:(0.585, 0.811, 0.000) separation=0.07023358;Ground_Summit authored launch:(0.585, 0.811, 0.000) separation=0.0103096;Ground_Summit authored launch:(0.585, 0.811, 0.000) separation=0.08381826;Ground_Summit authored launch:(0.585, 0.811, 0.000) separation=0.08383069;Ground_Summit authored launch:(0.585, 0.811, 0.000) separation=0.01029103;Ground_Summit authored launch:(0.585, 0.811, 0.000) separation=0.01737028;Ground_Summit authored launch:(0.585, 0.811, 0.000) separation=0.02035502;"
2.975,977.943,172.857,201.274,30.560,-24.715,17.999,0.009,0.716,0.000,0.000,4,13.358,0.363,0.827,"Ground_Mountain_1_4:(0.589, 0.808, 0.000) separation=0.1305896;Ground_Mountain_1_4:(0.589, 0.808, 0.000) separation=0.05715659;Ground_Mountain_1_4:(0.589, 0.808, 0.000) separation=0.1305792;Ground_Mountain_1_4:(0.589, 0.808, 0.000) separation=0.05717238;Ground_Mountain_1_4:(0.589, 0.808, 0.000) separation=0.05715847;Ground_Mountain_1_4:(0.589, 0.808, 0.000) separation=0.06582415;Ground_Summit authored launch:(0.585, 0.811, 0.000) separation=0.01170418;Ground_Summit authored launch:(0.585, 0.811, 0.000) separation=0.08508674;Ground_Summit authored launch:(0.585, 0.811, 0.000) separation=0.08509805;Ground_Summit authored launch:(0.585, 0.811, 0.000) separation=0.01168741;Ground_Summit authored launch:(0.585, 0.811, 0.000) separation=0.04033446;Ground_Summit authored launch:(0.585, 0.811, 0.000) separation=0.04304311;Ground_Summit authored launch:(0.595, 0.804, 0.000) separation=0.06416109;"
2.995,977.451,173.218,201.274,30.552,-24.646,18.081,0.009,0.720,0.000,0.000,4,13.295,0.445,0.824,"Ground_Mountain_1_4:(0.589, 0.808, 0.000) separation=0.1318254;Ground_Mountain_1_4:(0.589, 0.808, 0.000) separation=0.05851855;Ground_Mountain_1_4:(0.589, 0.808, 0.000) separation=0.1318175;Ground_Mountain_1_4:(0.589, 0.808, 0.000) separation=0.05853132;Ground_Mountain_1_4:(0.589, 0.808, 0.000) separation=0.05852443;Ground_Mountain_1_4:(0.589, 0.808, 0.000) separation=0.08847824;Ground_Summit authored launch:(0.591, 0.807, 0.000) separation=0.01368281;Ground_Summit authored launch:(0.591, 0.807, 0.000) separation=0.08605948;Ground_Summit authored launch:(0.591, 0.807, 0.000) separation=0.0860717;Ground_Summit authored launch:(0.591, 0.807, 0.000) separation=0.01366564;Ground_Summit authored launch:(0.591, 0.807, 0.000) separation=0.02006701;Ground_Summit authored launch:(0.591, 0.807, 0.000) separation=0.02302819;"
3.015,976.960,173.581,201.274,30.544,-24.576,18.162,0.009,0.724,0.000,0.000,4,13.216,0.360,0.822,"Ground_Mountain_1_4:(0.589, 0.808, 0.000) separation=0.1353765;Ground_Mountain_1_4:(0.589, 0.808, 0.000) separation=0.06215234;Ground_Mountain_1_4:(0.589, 0.808, 0.000) separation=0.1353256;Ground_Mountain_1_4:(0.589, 0.808, 0.000) separation=0.06220806;Ground_Mountain_1_4:(0.589, 0.808, 0.000) separation=0.06219697;Ground_Mountain_1_4:(0.589, 0.808, 0.000) separation=0.1089588;Ground_Summit authored launch:(0.591, 0.807, 0.000) separation=0.01519436;Ground_Summit authored launch:(0.591, 0.807, 0.000) separation=0.08745903;Ground_Summit authored launch:(0.591, 0.807, 0.000) separation=0.0874697;Ground_Summit authored launch:(0.591, 0.807, 0.000) separation=0.015179;Ground_Summit authored launch:(0.591, 0.807, 0.000) separation=0.04292127;Ground_Summit authored launch:(0.591, 0.807, 0.000) separation=0.0456084;Ground_Summit authored launch:(0.600, 0.800, 0.000) separation=0.06778309;"
3.035,976.471,173.945,201.274,30.536,-24.508,18.241,0.008,0.728,0.000,0.000,4,13.148,0.440,0.820,"Ground_Mountain_1_4:(0.596, 0.803, 0.000) separation=0.1357462;Ground_Mountain_1_4:(0.596, 0.803, 0.000) separation=0.06447466;Ground_Mountain_1_4:(0.596, 0.803, 0.000) separation=0.135736;Ground_Mountain_1_4:(0.596, 0.803, 0.000) separation=0.0644896;Ground_Mountain_1_4:(0.596, 0.803, 0.000) separation=0.07511681;Ground_Mountain_1_4:(0.596, 0.803, 0.000) separation=0.07511684;Ground_Summit authored launch:(0.596, 0.803, 0.000) separation=0.01737661;Ground_Summit authored launch:(0.596, 0.803, 0.000) separation=0.08858557;Ground_Summit authored launch:(0.596, 0.803, 0.000) separation=0.08859705;Ground_Summit authored launch:(0.596, 0.803, 0.000) separation=0.01736066;Ground_Summit authored launch:(0.596, 0.803, 0.000) separation=0.02283722;Ground_Summit authored launch:(0.596, 0.803, 0.000) separation=0.02577567;"
3.055,975.983,174.311,201.274,30.528,-24.439,18.319,0.008,0.732,0.000,0.000,4,13.060,0.355,0.818,"Ground_Mountain_1_4:(0.599, 0.800, 0.000) separation=0.1352205;Ground_Mountain_1_4:(0.599, 0.800, 0.000) separation=0.06410525;Ground_Mountain_1_4:(0.599, 0.800, 0.000) separation=0.1352127;Ground_Mountain_1_4:(0.599, 0.800, 0.000) separation=0.06411725;Ground_Mountain_1_4:(0.599, 0.800, 0.000) separation=0.0641064;Ground_Mountain_1_4:(0.599, 0.800, 0.000) separation=0.0708777;Ground_Summit authored launch:(0.596, 0.803, 0.000) separation=0.01898824;Ground_Summit authored launch:(0.596, 0.803, 0.000) separation=0.09010462;Ground_Summit authored launch:(0.596, 0.803, 0.000) separation=0.09011456;Ground_Summit authored launch:(0.596, 0.803, 0.000) separation=0.01897391;Ground_Summit authored launch:(0.596, 0.803, 0.000) separation=0.04559597;Ground_Summit authored launch:(0.596, 0.803, 0.000) separation=0.04826236;"
3.075,975.497,174.678,201.275,30.520,-24.371,18.397,0.008,0.736,0.000,0.000,4,12.994,0.433,0.816,"Ground_Mountain_1_4:(0.599, 0.800, 0.000) separation=0.1367474;Ground_Mountain_1_4:(0.599, 0.800, 0.000) separation=0.06579619;Ground_Mountain_1_4:(0.599, 0.800, 0.000) separation=0.1367397;Ground_Mountain_1_4:(0.599, 0.800, 0.000) separation=0.06580864;Ground_Mountain_1_4:(0.599, 0.800, 0.000) separation=0.06580156;Ground_Mountain_1_4:(0.599, 0.800, 0.000) separation=0.09345418;Ground_Summit authored launch:(0.601, 0.799, 0.000) separation=0.02145311;Ground_Summit authored launch:(0.601, 0.799, 0.000) separation=0.09146433;Ground_Summit authored launch:(0.601, 0.799, 0.000) separation=0.0914748;Ground_Summit authored launch:(0.601, 0.799, 0.000) separation=0.0214383;Ground_Summit authored launch:(0.601, 0.799, 0.000) separation=0.02575153;Ground_Summit authored launch:(0.601, 0.799, 0.000) separation=0.028669;"
3.095,975.011,175.047,201.275,30.513,-24.304,18.473,0.008,0.740,0.000,0.000,4,12.900,0.349,0.814,"Ground_Mountain_1_4:(0.599, 0.800, 0.000) separation=0.1402826;Ground_Mountain_1_4:(0.599, 0.800, 0.000) separation=0.06937397;Ground_Mountain_1_4:(0.599, 0.800, 0.000) separation=0.1402769;Ground_Mountain_1_4:(0.599, 0.800, 0.000) separation=0.06938378;Ground_Mountain_1_4:(0.599, 0.800, 0.000) separation=0.06938145;Ground_Mountain_1_4:(0.599, 0.800, 0.000) separation=0.1136279;Ground_Summit authored launch:(0.601, 0.799, 0.000) separation=0.02306699;Ground_Summit authored launch:(0.601, 0.799, 0.000) separation=0.0930101;Ground_Summit authored launch:(0.601, 0.799, 0.000) separation=0.09301925;Ground_Summit authored launch:(0.601, 0.799, 0.000) separation=0.02305351;Ground_Summit authored launch:(0.601, 0.799, 0.000) separation=0.04836193;Ground_Summit authored launch:(0.601, 0.799, 0.000) separation=0.05101028;"
3.115,974.527,175.417,201.275,30.505,-24.237,18.547,0.007,0.744,0.000,0.000,4,12.842,0.426,0.812,"Ground_Mountain_1_4:(0.607, 0.795, 0.000) separation=0.1413514;Ground_Mountain_1_4:(0.607, 0.795, 0.000) separation=0.07255806;Ground_Mountain_1_4:(0.607, 0.795, 0.000) separation=0.1413414;Ground_Mountain_1_4:(0.607, 0.795, 0.000) separation=0.07257268;Ground_Mountain_1_4:(0.607, 0.795, 0.000) separation=0.08036649;Ground_Mountain_1_4:(0.607, 0.795, 0.000) separation=0.08036652;Ground_Summit authored launch:(0.607, 0.795, 0.000) separation=0.02574104;Ground_Summit authored launch:(0.607, 0.795, 0.000) separation=0.09454363;Ground_Summit authored launch:(0.607, 0.795, 0.000) separation=0.09455363;Ground_Summit authored launch:(0.607, 0.795, 0.000) separation=0.02572671;Ground_Summit authored launch:(0.607, 0.795, 0.000) separation=0.02864215;Ground_Summit authored launch:(0.607, 0.795, 0.000) separation=0.03154117;"
3.135,974.045,175.789,201.275,30.497,-24.170,18.621,0.007,0.747,0.000,0.000,4,12.740,0.342,0.810,"Ground_Mountain_1_4:(0.610, 0.792, 0.000) separation=0.1409501;Ground_Mountain_1_4:(0.610, 0.792, 0.000) separation=0.0722363;Ground_Mountain_1_4:(0.610, 0.792, 0.000) separation=0.1409424;Ground_Mountain_1_4:(0.610, 0.792, 0.000) separation=0.07224801;Ground_Mountain_1_4:(0.610, 0.792, 0.000) separation=0.07223693;Ground_Mountain_1_4:(0.610, 0.792, 0.000) separation=0.07617265;Ground_Summit authored launch:(0.607, 0.794, 0.000) separation=0.02734494;Ground_Summit authored launch:(0.607, 0.794, 0.000) separation=0.09610906;Ground_Summit authored launch:(0.607, 0.794, 0.000) separation=0.09611756;Ground_Summit authored launch:(0.607, 0.794, 0.000) separation=0.02733212;Ground_Summit authored launch:(0.607, 0.794, 0.000) separation=0.04178157;Ground_Summit authored launch:(0.607, 0.794, 0.000) separation=0.05113149;"
3.155,973.563,176.163,201.275,30.490,-24.104,18.694,0.007,0.751,0.000,0.000,4,12.690,0.418,0.808,"Ground_Mountain_1_4:(0.610, 0.792, 0.000) separation=0.1423488;Ground_Mountain_1_4:(0.610, 0.792, 0.000) separation=0.07372515;Ground_Mountain_1_4:(0.610, 0.792, 0.000) separation=0.1423413;Ground_Mountain_1_4:(0.610, 0.792, 0.000) separation=0.07373734;Ground_Mountain_1_4:(0.610, 0.792, 0.000) separation=0.0737299;Ground_Mountain_1_4:(0.610, 0.792, 0.000) separation=0.09833452;Ground_Summit authored launch:(0.613, 0.790, 0.000) separation=0.03020969;Ground_Summit authored launch:(0.613, 0.790, 0.000) separation=0.09779608;Ground_Summit authored launch:(0.613, 0.790, 0.000) separation=0.09780522;Ground_Summit authored launch:(0.613, 0.790, 0.000) separation=0.03019621;Ground_Summit authored launch:(0.613, 0.790, 0.000) separation=0.03148407;Ground_Summit authored launch:(0.613, 0.790, 0.000) separation=0.03432579;"
3.175,973.083,176.537,201.275,30.482,-24.039,18.765,0.007,0.755,0.000,0.000,4,12.587,0.407,0.806,"Ground_Mountain_1_4:(0.610, 0.792, 0.000) separation=0.145976;Ground_Mountain_1_4:(0.610, 0.792, 0.000) separation=0.07733424;Ground_Mountain_1_4:(0.610, 0.792, 0.000) separation=0.1459704;Ground_Mountain_1_4:(0.610, 0.792, 0.000) separation=0.07734385;Ground_Mountain_1_4:(0.610, 0.792, 0.000) separation=0.07734117;Ground_Mountain_1_4:(0.610, 0.792, 0.000) separation=0.118461;Ground_Summit authored launch:(0.613, 0.790, 0.000) separation=0.031764;Ground_Summit authored launch:(0.613, 0.790, 0.000) separation=0.09933293;Ground_Summit authored launch:(0.613, 0.790, 0.000) separation=0.09934076;Ground_Summit authored launch:(0.613, 0.790, 0.000) separation=0.03175176;Ground_Summit authored launch:(0.613, 0.790, 0.000) separation=0.05384266;Ground_Summit authored launch:(0.613, 0.790, 0.000) separation=0.05640608;"
3.195,972.605,176.913,201.276,30.475,-23.974,18.836,0.007,0.759,0.000,0.000,4,12.540,0.400,0.804,"Ground_Mountain_1_4:(0.619, 0.786, 0.000) separation=0.1477362;Ground_Mountain_1_4:(0.619, 0.786, 0.000) separation=0.08143596;Ground_Mountain_1_4:(0.619, 0.786, 0.000) separation=0.1477264;Ground_Mountain_1_4:(0.619, 0.786, 0.000) separation=0.08145029;Ground_Mountain_1_4:(0.619, 0.786, 0.000) separation=0.08533036;Ground_Mountain_1_4:(0.619, 0.786, 0.000) separation=0.08543313;Ground_Summit authored launch:(0.618, 0.786, 0.000) separation=0.03476891;Ground_Summit authored launch:(0.618, 0.786, 0.000) separation=0.101183;Ground_Summit authored launch:(0.618, 0.786, 0.000) separation=0.1011912;Ground_Summit authored launch:(0.618, 0.786, 0.000) separation=0.03475631;Ground_Summit authored launch:(0.618, 0.786, 0.000) separation=0.03475884;Ground_Summit authored launch:(0.618, 0.786, 0.000) separation=0.03701564;"
3.215,972.127,177.291,201.276,30.467,-23.910,18.905,0.007,0.763,0.000,0.000,4,12.437,0.391,0.802,"Ground_Mountain_1_4:(0.620, 0.784, 0.000) separation=0.147312;Ground_Mountain_1_4:(0.620, 0.784, 0.000) separation=0.080972;Ground_Mountain_1_4:(0.620, 0.784, 0.000) separation=0.1473045;Ground_Mountain_1_4:(0.620, 0.784, 0.000) separation=0.08098352;Ground_Mountain_1_4:(0.620, 0.784, 0.000) separation=0.08097202;Ground_Mountain_1_4:(0.620, 0.784, 0.000) separation=0.08115053;Ground_Summit authored launch:(0.618, 0.786, 0.000) separation=0.03614724;Ground_Summit authored launch:(0.618, 0.786, 0.000) separation=0.1026269;Ground_Summit authored launch:(0.618, 0.786, 0.000) separation=0.1026335;Ground_Summit authored launch:(0.618, 0.786, 0.000) separation=0.03613622;Ground_Summit authored launch:(0.618, 0.786, 0.000) separation=0.05636963;Ground_Summit authored launch:(0.618, 0.786, 0.000) separation=0.05892276;"
3.235,971.651,177.670,201.276,30.460,-23.845,18.973,0.007,0.766,0.000,0.000,4,12.394,0.385,0.801,"Ground_Mountain_1_4:(0.620, 0.784, 0.000) separation=0.1485152;Ground_Mountain_1_4:(0.620, 0.784, 0.000) separation=0.08208016;Ground_Mountain_1_4:(0.620, 0.784, 0.000) separation=0.1485078;Ground_Mountain_1_4:(0.620, 0.784, 0.000) separation=0.08209214;Ground_Mountain_1_4:(0.620, 0.784, 0.000) separation=0.08208412;Ground_Mountain_1_4:(0.620, 0.784, 0.000) separation=0.1029148;Ground_Summit authored launch:(0.623, 0.782, 0.000) separation=0.039323;Ground_Summit authored launch:(0.623, 0.782, 0.000) separation=0.1046521;Ground_Summit authored launch:(0.623, 0.782, 0.000) separation=0.1046598;Ground_Summit authored launch:(0.623, 0.782, 0.000) separation=0.03931105;Ground_Summit authored launch:(0.623, 0.782, 0.000) separation=0.03932217;Ground_Summit authored launch:(0.623, 0.782, 0.000) separation=0.03947099;"
3.255,971.176,178.050,201.276,30.452,-23.782,19.040,0.007,0.770,0.000,0.000,4,12.293,0.377,0.799,"Ground_Mountain_1_4:(0.620, 0.784, 0.000) separation=0.151779;Ground_Mountain_1_4:(0.620, 0.784, 0.000) separation=0.08519603;Ground_Mountain_1_4:(0.620, 0.784, 0.000) separation=0.1517727;Ground_Mountain_1_4:(0.620, 0.784, 0.000) separation=0.08520684;Ground_Mountain_1_4:(0.620, 0.784, 0.000) separation=0.08520314;Ground_Mountain_1_4:(0.620, 0.784, 0.000) separation=0.1227155;Ground_Summit authored launch:(0.623, 0.782, 0.000) separation=0.04050598;Ground_Summit authored launch:(0.623, 0.782, 0.000) separation=0.1059476;Ground_Summit authored launch:(0.623, 0.782, 0.000) separation=0.1059534;Ground_Summit authored launch:(0.623, 0.782, 0.000) separation=0.04049573;Ground_Summit authored launch:(0.623, 0.782, 0.000) separation=0.05868313;Ground_Summit authored launch:(0.623, 0.782, 0.000) separation=0.06122983;"
3.275,970.702,178.432,201.276,30.445,-23.719,19.107,0.007,0.774,0.000,0.000,4,12.252,0.371,0.797,"Ground_Mountain_1_4:(0.624, 0.782, 0.000) separation=0.09025896;Ground_Mountain_1_4:(0.624, 0.782, 0.000) separation=0.09026852;Ground_Mountain_1_4:(0.624, 0.782, 0.000) separation=0.1404546;Ground_Mountain_1_4:(0.624, 0.782, 0.000) separation=0.1545685;Ground_Mountain_1_4:(0.624, 0.782, 0.000) separation=0.1545782;Ground_Mountain_1_4:(0.624, 0.782, 0.000) separation=0.09026865;Ground_Summit authored launch:(0.624, 0.781, 0.000) separation=0.04349524;Ground_Summit authored launch:(0.624, 0.781, 0.000) separation=0.1081358;Ground_Summit authored launch:(0.624, 0.781, 0.000) separation=0.1081428;Ground_Summit authored launch:(0.624, 0.781, 0.000) separation=0.04348647;Ground_Summit authored launch:(0.624, 0.781, 0.000) separation=0.07855612;Ground_Summit authored launch:(0.624, 0.781, 0.000) separation=0.08084605;"
3.295,970.227,178.813,201.276,30.435,-23.766,19.032,0.007,0.778,0.000,0.000,4,5.871,9.145,0.798,"Ground_Mountain_1_4:(0.624, 0.782, 0.000) separation=0.1536846;Ground_Mountain_1_4:(0.624, 0.782, 0.000) separation=0.1110638;Ground_Mountain_1_4:(0.624, 0.782, 0.000) separation=0.1111287;Ground_Mountain_1_4:(0.624, 0.782, 0.000) separation=0.153685;Ground_Mountain_1_4:(0.624, 0.782, 0.000) separation=0.1536921;Ground_Summit authored launch:(0.624, 0.781, 0.000) separation=0.06333544;Ground_Summit authored launch:(0.624, 0.781, 0.000) separation=0.1092571;Ground_Summit authored launch:(0.624, 0.781, 0.000) separation=0.1092629;Ground_Summit authored launch:(0.624, 0.781, 0.000) separation=0.0633837;Ground_Summit authored launch:(0.624, 0.781, 0.000) separation=0.09632915;Ground_Summit authored launch:(0.624, 0.781, 0.000) separation=0.09837172;"
3.315,969.750,179.193,201.276,30.423,-23.792,18.983,0.007,0.782,0.000,0.000,2,4.942,1.364,0.800,"Ground_Mountain_1_4:(-0.133, 0.991, 0.000) separation=0.0902957;Ground_Mountain_1_4:(-0.133, 0.991, 0.000) separation=0.1788701;Ground_Mountain_1_4:(0.624, 0.782, 0.000) separation=0.1576898;Ground_Mountain_1_4:(0.624, 0.782, 0.000) separation=0.1270427;Ground_Mountain_1_4:(0.624, 0.782, 0.000) separation=0.1271322;Ground_Mountain_1_4:(0.624, 0.782, 0.000) separation=0.1576929;Ground_Mountain_1_4:(0.624, 0.782, 0.000) separation=0.157698;Ground_Summit authored launch:(0.626, 0.780, 0.000) separation=0.1145733;Ground_Summit authored launch:(0.626, 0.780, 0.000) separation=0.07918567;Ground_Summit authored launch:(0.626, 0.780, 0.000) separation=0.1145795;Ground_Summit authored launch:(0.626, 0.780, 0.000) separation=0.07925853;"
3.335,969.273,179.572,201.276,30.412,-23.823,18.928,0.007,0.788,0.000,0.000,2,4.529,1.761,0.803,"Ground_Mountain_1_4:(-0.133, 0.991, 0.000) separation=0.1037484;Ground_Mountain_1_4:(-0.133, 0.991, 0.000) separation=0.2041097;Ground_Mountain_1_4:(0.624, 0.782, 0.000) separation=0.1618427;Ground_Mountain_1_4:(0.624, 0.782, 0.000) separation=0.1454546;Ground_Mountain_1_4:(0.624, 0.782, 0.000) separation=0.1455854;Ground_Mountain_1_4:(0.624, 0.782, 0.000) separation=0.1618493;Ground_Mountain_1_4:(0.624, 0.782, 0.000) separation=0.161852;Ground_Summit authored launch:(0.626, 0.780, 0.000) separation=0.1167915;Ground_Summit authored launch:(0.626, 0.780, 0.000) separation=0.09746228;Ground_Summit authored launch:(0.626, 0.780, 0.000) separation=0.116796;Ground_Summit authored launch:(0.626, 0.780, 0.000) separation=0.09757477;"
3.355,968.795,179.948,201.277,30.278,-23.814,18.725,0.007,0.794,0.000,0.000,0,0.000,2.134,0.806,"Ground_Mountain_1_4:(-0.133, 0.991, 0.000) separation=0.1201186;Ground_Mountain_1_4:(-0.133, 0.991, 0.000) separation=0.2344026;"
3.375,968.318,180.319,201.277,30.144,-23.804,18.521,0.007,0.861,0.000,0.000,0,0.000,2.073,0.809,"Ground_Mountain_1_4:(-0.133, 0.991, 0.000) separation=0.6015301;Ground_Mountain_1_4:(-0.133, 0.991, 0.000) separation=0.6013138;"
3.395,967.840,180.687,201.277,30.011,-23.795,18.318,0.007,0.928,0.000,0.000,0,0.000,2.011,0.813,""
3.415,967.363,181.050,201.277,29.877,-23.785,18.114,0.007,0.995,0.000,0.000,0,0.000,1.948,0.817,""
3.435,966.886,181.410,201.277,29.744,-23.776,17.911,0.007,1.000,0.000,0.000,0,0.000,1.884,0.822,""
3.455,966.408,181.765,201.277,29.610,-23.766,17.707,0.007,1.000,0.000,0.000,0,0.000,1.818,0.827,""
3.475,965.931,182.117,201.277,29.476,-23.757,17.504,0.007,1.000,0.000,0.000,0,0.000,1.752,0.832,""
3.495,965.454,182.464,201.278,29.342,-23.747,17.301,0.007,1.000,0.000,0.000,0,0.000,1.685,0.838,""
3.515,964.976,182.808,201.278,29.207,-23.738,17.098,0.007,1.000,0.000,0.000,0,0.000,1.618,0.843,""
3.535,964.499,183.147,201.278,29.071,-23.728,16.895,0.007,1.000,0.000,0.000,0,0.000,1.550,0.849,""
3.555,964.022,183.483,201.278,28.934,-23.719,16.692,0.007,1.000,0.000,0.000,0,0.000,1.481,0.856,""
3.575,963.545,183.814,201.278,28.796,-23.709,16.489,0.007,1.000,0.000,0.000,0,0.000,1.411,0.862,""
3.595,963.068,184.142,201.278,28.657,-23.700,16.287,0.007,1.000,0.000,0.000,0,0.000,1.342,0.868,""
3.615,962.591,184.466,201.278,28.516,-23.690,16.084,0.007,1.000,0.000,0.000,0,0.000,1.272,0.875,""
3.635,962.114,184.785,201.279,28.374,-23.681,15.881,0.007,1.000,0.000,0.000,0,0.000,1.201,0.881,""
3.655,961.637,185.100,201.279,28.230,-23.671,15.679,0.007,1.000,0.000,0.000,0,0.000,1.131,0.888,""
3.675,961.160,185.412,201.279,28.084,-23.662,15.477,0.007,1.000,0.000,0.000,0,0.000,1.060,0.895,""
3.695,960.683,185.719,201.279,27.936,-23.652,15.274,0.007,1.000,0.000,0.000,0,0.000,0.989,0.901,""
3.715,960.206,186.022,201.279,27.787,-23.643,15.072,0.007,1.000,0.000,0.000,0,0.000,0.918,0.908,""
3.735,959.730,186.322,201.279,27.635,-23.634,14.870,0.007,1.000,0.000,0.000,0,0.000,0.848,0.914,""
3.755,959.253,186.617,201.279,27.481,-23.624,14.668,0.007,1.000,0.000,0.000,0,0.000,0.777,0.920,""
3.775,958.777,186.908,201.280,27.326,-23.615,14.466,0.007,1.000,0.000,0.000,0,0.000,0.707,0.926,""
3.795,958.301,187.195,201.280,27.168,-23.605,14.264,0.007,1.000,0.000,0.000,0,0.000,0.637,0.932,""
3.815,957.825,187.477,201.280,27.009,-23.596,14.062,0.007,1.000,0.000,0.000,0,0.000,0.568,0.938,""
3.835,957.348,187.756,201.280,26.848,-23.586,13.860,0.007,1.000,0.000,0.000,0,0.000,0.499,0.943,""
3.855,956.873,188.031,201.280,26.685,-23.577,13.659,0.007,1.000,0.000,0.000,0,0.000,0.431,0.949,""
3.875,956.397,188.301,201.280,26.521,-23.567,13.457,0.007,1.000,0.000,-0.001,0,0.000,0.364,0.954,""
3.895,955.921,188.568,201.280,26.356,-23.558,13.256,0.007,1.000,0.000,-0.001,0,0.000,0.297,0.959,""
3.915,955.446,188.830,201.280,26.189,-23.549,13.054,0.007,1.000,0.000,-0.001,0,0.000,0.232,0.963,""
3.935,954.971,189.089,201.281,26.022,-23.539,12.853,0.007,1.000,0.000,-0.001,0,0.000,0.167,0.968,""
3.955,954.495,189.343,201.281,25.854,-23.530,12.652,0.007,1.000,0.000,-0.001,0,0.000,0.104,0.972,""
3.975,954.021,189.593,201.281,25.686,-23.520,12.450,0.007,1.000,0.000,-0.001,0,0.000,0.042,0.975,""
3.995,953.546,189.839,201.281,25.518,-23.511,12.249,0.007,1.000,0.000,-0.001,0,0.000,0.019,0.979,""
4.015,953.071,190.081,201.281,25.350,-23.502,12.048,0.007,1.000,0.000,-0.001,0,0.000,0.079,0.982,""
4.035,952.597,190.318,201.281,25.182,-23.492,11.847,0.007,1.000,0.000,-0.001,0,0.000,0.137,0.985,""
4.055,952.123,190.552,201.281,25.016,-23.483,11.646,0.007,1.000,0.000,-0.001,0,0.000,0.194,0.988,""
4.075,951.649,190.782,201.282,24.850,-23.473,11.446,0.007,1.000,0.000,-0.001,0,0.000,0.249,0.990,""
4.095,951.175,191.007,201.282,24.686,-23.464,11.245,0.007,1.000,0.000,-0.001,0,0.000,0.303,0.992,""
4.115,950.702,191.228,201.282,24.524,-23.455,11.044,0.007,1.000,0.000,-0.001,0,0.000,0.355,0.994,""
4.135,950.229,191.446,201.282,24.364,-23.445,10.844,0.007,1.000,0.000,-0.001,0,0.000,0.405,0.996,""
4.155,949.756,191.659,201.282,24.207,-23.436,10.643,0.007,1.000,0.000,-0.001,0,0.000,0.453,0.997,""
4.175,949.283,191.868,201.282,24.053,-23.426,10.443,0.007,1.000,0.000,-0.001,0,0.000,0.499,0.998,""
4.195,948.811,192.073,201.282,23.901,-23.417,10.243,0.007,1.000,0.000,-0.001,0,0.000,0.544,0.999,""
4.215,948.339,192.274,201.283,23.753,-23.408,10.042,0.007,1.000,0.000,-0.001,0,0.000,0.586,0.999,""
4.235,947.867,192.471,201.283,23.609,-23.398,9.842,0.007,1.000,0.000,0.000,0,0.000,0.627,1.000,""
4.255,947.395,192.664,201.283,23.469,-23.389,9.642,0.007,1.000,0.000,0.000,0,0.000,0.666,1.000,""
4.275,946.924,192.853,201.283,23.333,-23.380,9.442,0.007,1.000,0.000,-0.001,0,0.000,0.702,1.000,""
4.295,946.453,193.038,201.283,23.202,-23.370,9.242,0.007,1.000,0.000,-0.001,0,0.000,0.737,1.000,""
4.315,945.982,193.219,201.283,23.075,-23.361,9.043,0.007,1.000,0.000,-0.001,0,0.000,0.769,1.000,""
4.335,945.512,193.395,201.283,22.953,-23.352,8.843,0.007,1.000,0.000,-0.001,0,0.000,0.800,0.999,""
4.355,945.041,193.568,201.283,22.837,-23.342,8.643,0.007,1.000,0.000,0.000,0,0.000,0.828,0.999,""
4.375,944.572,193.737,201.284,22.726,-23.333,8.444,0.007,1.000,0.000,0.000,0,0.000,0.854,0.998,""
4.395,944.102,193.901,201.284,22.621,-23.324,8.244,0.007,1.000,0.000,-0.001,0,0.000,0.879,0.997,""
4.415,943.633,194.062,201.284,22.521,-23.314,8.045,0.007,1.000,0.000,0.000,0,0.000,0.901,0.996,""
4.435,943.164,194.219,201.284,22.427,-23.305,7.845,0.007,1.000,0.000,0.000,0,0.000,0.921,0.995,""
4.455,942.695,194.371,201.284,22.339,-23.296,7.646,0.007,1.000,0.000,0.000,0,0.000,0.939,0.994,""
4.475,942.227,194.520,201.284,22.257,-23.286,7.447,0.007,1.000,0.000,-0.001,0,0.000,0.956,0.993,""
4.495,941.759,194.665,201.284,22.181,-23.277,7.248,0.007,1.000,0.000,0.000,0,0.000,0.970,0.992,""
4.515,941.291,194.805,201.285,22.112,-23.268,7.049,0.007,1.000,0.000,0.000,0,0.000,0.982,0.991,""
4.535,940.824,194.942,201.285,22.048,-23.258,6.850,0.007,1.000,0.000,0.000,0,0.000,0.993,0.990,""
4.555,940.357,195.075,201.285,21.990,-23.249,6.651,0.007,1.000,0.000,0.000,0,0.000,1.001,0.989,""
4.575,939.890,195.203,201.285,21.939,-23.240,6.452,0.007,1.000,0.000,-0.001,0,0.000,1.008,0.988,""
4.595,939.423,195.328,201.285,21.893,-23.230,6.254,0.007,1.000,0.000,-0.001,0,0.000,1.013,0.987,""
4.615,938.957,195.449,201.285,21.854,-23.221,6.055,0.007,1.000,0.000,0.000,0,0.000,1.017,0.985,""
4.635,938.491,195.566,201.285,21.820,-23.212,5.856,0.007,1.000,0.000,0.000,0,0.000,1.018,0.984,""
4.655,938.026,195.679,201.286,21.792,-23.203,5.658,0.007,1.000,0.000,0.000,0,0.000,1.018,0.983,""
4.675,937.560,195.788,201.286,21.770,-23.193,5.459,0.007,1.000,0.000,0.000,0,0.000,1.016,0.982,""
4.695,937.096,195.893,201.286,21.753,-23.184,5.261,0.007,1.000,0.000,0.000,0,0.000,1.013,0.982,""
4.715,936.631,195.994,201.286,21.742,-23.175,5.063,0.007,1.000,0.000,0.000,0,0.000,1.009,0.981,""
4.735,936.166,196.091,201.286,21.736,-23.165,4.865,0.007,1.000,0.000,0.000,0,0.000,1.002,0.980,""
4.755,935.702,196.184,201.286,21.734,-23.156,4.667,0.007,1.000,0.000,0.000,0,0.000,0.995,0.979,""
4.775,935.239,196.273,201.286,21.738,-23.147,4.469,0.007,1.000,0.000,0.000,0,0.000,0.986,0.979,""
4.795,934.775,196.358,201.286,21.746,-23.138,4.271,0.007,1.000,0.000,0.000,0,0.000,0.976,0.978,""
4.815,934.312,196.440,201.287,21.758,-23.128,4.073,0.007,1.000,0.000,0.000,0,0.000,0.964,0.978,""
4.835,933.849,196.517,201.287,21.775,-23.119,3.875,0.007,1.000,0.000,0.000,0,0.000,0.951,0.977,""
4.855,933.386,196.590,201.287,21.795,-23.110,3.678,0.007,1.000,0.000,0.000,0,0.000,0.938,0.977,""
4.875,932.924,196.660,201.287,21.819,-23.101,3.480,0.007,1.000,0.000,0.000,0,0.000,0.923,0.977,""
4.895,932.462,196.726,201.287,21.847,-23.091,3.282,0.007,1.000,0.000,0.000,0,0.000,0.907,0.977,""
4.915,932.000,196.787,201.287,21.877,-23.082,3.085,0.007,1.000,0.000,0.000,0,0.000,0.890,0.977,""
4.935,931.539,196.845,201.287,21.911,-23.073,2.888,0.007,1.000,0.000,0.000,0,0.000,0.872,0.977,""
4.955,931.078,196.899,201.288,21.946,-23.064,2.690,0.007,1.000,0.000,0.000,0,0.000,0.853,0.977,""
4.975,930.617,196.949,201.288,21.985,-23.055,2.493,0.007,1.000,0.000,0.000,0,0.000,0.833,0.977,""
4.995,930.156,196.995,201.288,22.025,-23.045,2.296,0.007,1.000,0.000,0.000,0,0.000,0.813,0.977,""
5.015,929.696,197.037,201.288,22.067,-23.036,2.099,0.007,1.000,0.000,0.000,0,0.000,0.792,0.977,""
5.035,929.236,197.075,201.288,22.110,-23.027,1.902,0.007,1.000,0.000,0.000,0,0.000,0.770,0.978,""
5.055,928.776,197.109,201.288,22.155,-23.018,1.705,0.007,1.000,0.000,0.000,0,0.000,0.748,0.978,""
5.075,928.316,197.139,201.288,22.201,-23.008,1.508,0.007,1.000,0.000,0.000,0,0.000,0.725,0.978,""
5.095,927.857,197.166,201.289,22.247,-22.999,1.312,0.007,1.000,0.000,0.000,0,0.000,0.701,0.979,""
5.115,927.398,197.188,201.289,22.294,-22.990,1.115,0.007,1.000,0.000,0.000,0,0.000,0.677,0.979,""
5.135,926.939,197.207,201.289,22.340,-22.981,0.918,0.007,1.000,0.000,0.000,0,0.000,0.652,0.980,""
5.155,926.481,197.221,201.289,22.387,-22.972,0.722,0.007,1.000,0.000,0.000,0,0.000,0.628,0.981,""
5.175,926.022,197.232,201.289,22.433,-22.962,0.526,0.007,1.000,0.000,0.000,0,0.000,0.602,0.981,""
5.195,925.564,197.239,201.289,22.479,-22.953,0.329,0.007,1.000,0.000,0.000,0,0.000,0.577,0.982,""
5.215,925.106,197.242,201.289,22.524,-22.944,0.133,0.007,1.000,0.000,0.000,0,0.000,0.551,0.983,""
5.235,924.649,197.241,201.290,22.568,-22.935,-0.063,0.007,1.000,0.000,0.000,0,0.000,0.525,0.984,""
5.255,924.192,197.236,201.290,22.611,-22.926,-0.259,0.007,1.000,0.000,0.000,0,0.000,0.499,0.984,""
5.275,923.734,197.227,201.290,22.652,-22.917,-0.455,0.007,1.000,0.000,0.000,0,0.000,0.473,0.985,""
5.295,923.278,197.214,201.290,22.691,-22.907,-0.651,0.007,1.000,0.000,0.000,0,0.000,0.446,0.986,""
5.315,922.821,197.197,201.290,22.729,-22.898,-0.847,0.007,1.000,0.000,0.000,0,0.000,0.420,0.987,""
5.335,922.365,197.177,201.290,22.765,-22.889,-1.043,0.007,1.000,0.000,0.000,0,0.000,0.394,0.987,""
5.355,921.908,197.152,201.290,22.798,-22.880,-1.239,0.007,1.000,0.000,0.000,0,0.000,0.367,0.988,""
5.375,921.452,197.124,201.290,22.830,-22.871,-1.434,0.007,1.000,0.000,0.000,0,0.000,0.341,0.989,""
5.395,920.997,197.091,201.291,22.859,-22.862,-1.630,0.007,1.000,0.000,0.000,0,0.000,0.315,0.990,""
5.415,920.541,197.055,201.291,22.885,-22.852,-1.825,0.007,1.000,0.000,0.000,0,0.000,0.289,0.990,""
5.435,920.086,197.015,201.291,22.909,-22.843,-2.021,0.007,1.000,0.000,0.000,0,0.000,0.263,0.991,""
5.455,919.630,196.971,201.291,22.930,-22.834,-2.216,0.007,1.000,0.000,0.000,0,0.000,0.238,0.992,""
5.475,919.175,196.923,201.291,22.949,-22.825,-2.411,0.007,1.000,0.000,0.000,0,0.000,0.212,0.993,""
5.495,918.721,196.871,201.291,22.964,-22.816,-2.606,0.007,1.000,0.000,0.000,0,0.000,0.187,0.993,""
5.515,918.266,196.815,201.291,22.977,-22.807,-2.801,0.007,1.000,0.000,0.000,0,0.000,0.163,0.994,""
5.535,917.812,196.755,201.292,22.987,-22.798,-2.996,0.007,1.000,0.000,0.000,0,0.000,0.139,0.994,""
5.555,917.358,196.691,201.292,22.993,-22.789,-3.191,0.007,1.000,0.000,0.000,0,0.000,0.115,0.995,""
5.575,916.904,196.624,201.292,22.997,-22.779,-3.386,0.007,1.000,0.000,0.000,0,0.000,0.091,0.996,""
5.595,916.450,196.552,201.292,22.998,-22.770,-3.581,0.007,1.000,0.000,0.000,0,0.000,0.068,0.996,""
5.615,915.996,196.477,201.292,22.996,-22.761,-3.776,0.007,1.000,0.000,0.000,0,0.000,0.046,0.997,""
5.635,915.543,196.398,201.292,22.991,-22.752,-3.970,0.006,1.000,0.000,0.000,0,0.000,0.023,0.997,""
5.655,915.090,196.315,201.292,22.983,-22.743,-4.165,0.006,1.000,0.000,0.000,0,0.000,0.002,0.997,""
5.675,914.636,196.227,201.293,22.973,-22.734,-4.359,0.006,1.000,0.000,0.000,0,0.000,0.019,0.998,""
5.695,914.184,196.136,201.293,22.959,-22.725,-4.554,0.006,1.000,0.000,0.000,0,0.000,0.040,0.998,""
5.715,913.731,196.042,201.293,22.943,-22.716,-4.748,0.006,1.000,0.000,0.000,0,0.000,0.059,0.998,""
5.735,913.278,195.943,201.293,22.924,-22.707,-4.942,0.006,1.000,0.000,0.000,0,0.000,0.079,0.999,""
5.755,912.826,195.840,201.293,22.903,-22.698,-5.136,0.006,1.000,0.000,0.000,0,0.000,0.097,0.999,""
5.775,912.373,195.734,201.293,22.879,-22.688,-5.330,0.006,1.000,0.000,0.000,0,0.000,0.115,0.999,""
5.795,911.921,195.623,201.293,22.853,-22.679,-5.524,0.006,1.000,0.000,0.000,0,0.000,0.133,0.999,""
5.815,911.469,195.509,201.293,22.825,-22.670,-5.718,0.006,1.000,0.000,0.000,0,0.000,0.150,1.000,""
5.835,911.017,195.391,201.294,22.794,-22.661,-5.912,0.006,1.000,0.000,0.000,0,0.000,0.166,1.000,""
5.855,910.566,195.269,201.294,22.762,-22.652,-6.106,0.006,1.000,0.000,0.000,0,0.000,0.181,1.000,""
5.875,910.114,195.143,201.294,22.727,-22.643,-6.300,0.006,1.000,0.000,0.000,0,0.000,0.196,1.000,""
5.895,909.663,195.013,201.294,22.691,-22.634,-6.493,0.006,1.000,0.000,0.000,0,0.000,0.210,1.000,""
5.915,909.212,194.879,201.294,22.653,-22.625,-6.687,0.006,1.000,0.000,0.000,0,0.000,0.223,1.000,""
5.935,908.761,194.741,201.294,22.614,-22.616,-6.880,0.006,1.000,0.000,0.000,0,0.000,0.236,1.000,""
5.955,908.310,194.600,201.294,22.573,-22.607,-7.073,0.006,1.000,0.000,0.000,0,0.000,0.248,1.000,""
5.975,907.859,194.455,201.294,22.531,-22.598,-7.267,0.006,1.000,0.000,0.000,0,0.000,0.259,1.000,""
5.995,907.408,194.305,201.295,22.487,-22.589,-7.460,0.006,1.000,0.000,0.000,0,0.000,0.270,1.000,""
6.015,906.958,194.152,201.295,22.443,-22.580,-7.653,0.006,1.000,0.000,0.000,0,0.000,0.280,1.000,""
6.035,906.508,193.995,201.295,22.398,-22.571,-7.846,0.006,1.000,0.000,0.000,0,0.000,0.289,1.000,""
6.055,906.057,193.835,201.295,22.352,-22.562,-8.039,0.006,1.000,0.000,0.000,0,0.000,0.298,1.000,""
6.075,905.607,193.670,201.295,22.306,-22.553,-8.232,0.006,1.000,0.000,0.000,0,0.000,0.305,1.000,""
6.095,905.158,193.501,201.295,22.259,-22.544,-8.425,0.006,1.000,0.000,0.000,0,0.000,0.313,0.999,""
6.115,904.708,193.329,201.295,22.212,-22.535,-8.618,0.006,1.000,0.000,0.000,0,0.000,0.319,0.999,""
6.135,904.258,193.153,201.295,22.165,-22.526,-8.810,0.006,1.000,0.000,0.000,0,0.000,0.325,0.999,""
6.155,903.809,192.973,201.296,22.117,-22.517,-9.003,0.006,1.000,0.000,0.000,0,0.000,0.330,0.999,""
6.175,903.359,192.789,201.296,22.070,-22.508,-9.195,0.006,1.000,0.000,0.000,0,0.000,0.335,0.999,""
6.195,902.910,192.601,201.296,22.023,-22.499,-9.388,0.006,1.000,0.000,0.000,0,0.000,0.338,0.999,""
6.215,902.461,192.409,201.296,21.977,-22.490,-9.580,0.006,1.000,0.000,0.000,0,0.000,0.342,0.999,""
6.235,902.012,192.214,201.296,21.930,-22.481,-9.773,0.006,1.000,0.000,0.000,0,0.000,0.344,0.999,""
6.255,901.564,192.014,201.296,21.885,-22.472,-9.965,0.006,1.000,0.000,0.000,0,0.000,0.346,0.998,""
6.275,901.115,191.811,201.296,21.840,-22.463,-10.157,0.006,1.000,0.000,0.000,0,0.000,0.348,0.998,""
6.295,900.666,191.604,201.296,21.795,-22.454,-10.349,0.006,1.000,0.000,0.000,0,0.000,0.348,0.998,""
6.315,900.218,191.393,201.296,21.752,-22.445,-10.541,0.006,1.000,0.000,0.000,0,0.000,0.349,0.998,""
6.335,899.770,191.179,201.297,21.710,-22.436,-10.733,0.006,1.000,0.000,0.000,0,0.000,0.348,0.998,""
6.355,899.322,190.960,201.297,21.668,-22.427,-10.925,0.006,1.000,0.000,0.000,0,0.000,0.347,0.998,""
6.375,898.874,190.738,201.297,21.628,-22.418,-11.116,0.006,1.000,0.000,0.000,0,0.000,0.346,0.998,""
6.395,898.426,190.512,201.297,21.589,-22.409,-11.308,0.006,1.000,0.000,0.000,0,0.000,0.344,0.998,""
6.415,897.978,190.282,201.297,21.552,-22.400,-11.500,0.006,1.000,0.000,0.000,0,0.000,0.342,0.998,""
6.435,897.531,190.048,201.297,21.515,-22.391,-11.691,0.006,1.000,0.000,0.000,0,0.000,0.339,0.998,""
6.455,897.083,189.810,201.297,21.481,-22.382,-11.883,0.006,1.000,0.000,0.000,0,0.000,0.335,0.997,""
6.475,896.636,189.569,201.297,21.447,-22.373,-12.074,0.006,1.000,0.000,0.000,0,0.000,0.332,0.997,""
6.495,896.189,189.323,201.298,21.415,-22.364,-12.265,0.006,1.000,0.000,0.000,0,0.000,0.327,0.997,""
6.515,895.742,189.074,201.298,21.385,-22.355,-12.457,0.006,1.000,0.000,0.000,0,0.000,0.323,0.997,""
6.535,895.295,188.821,201.298,21.357,-22.346,-12.648,0.006,1.000,0.000,0.000,0,0.000,0.318,0.997,""
6.555,894.849,188.564,201.298,21.330,-22.337,-12.839,0.006,1.000,0.000,0.000,0,0.000,0.312,0.997,""
6.575,894.402,188.304,201.298,21.305,-22.328,-13.030,0.006,1.000,0.000,0.000,0,0.000,0.307,0.997,""
6.595,893.956,188.039,201.298,21.281,-22.319,-13.221,0.006,1.000,0.000,0.000,0,0.000,0.301,0.997,""
6.615,893.510,187.771,201.298,21.259,-22.310,-13.411,0.006,1.000,0.000,0.000,0,0.000,0.294,0.997,""
6.635,893.063,187.499,201.298,21.239,-22.302,-13.602,0.006,1.000,0.000,0.000,0,0.000,0.288,0.997,""
6.655,892.617,187.223,201.299,21.221,-22.293,-13.793,0.006,1.000,0.000,0.000,0,0.000,0.281,0.997,""
6.675,892.172,186.944,201.299,21.205,-22.284,-13.983,0.006,1.000,0.000,0.000,0,0.000,0.273,0.997,""
6.695,891.726,186.660,201.299,21.191,-22.275,-14.174,0.006,1.000,0.000,0.000,0,0.000,0.266,0.997,""
6.715,891.281,186.373,201.299,21.178,-22.266,-14.364,0.006,1.000,0.000,0.000,0,0.000,0.258,0.997,""
6.735,890.835,186.082,201.299,21.167,-22.257,-14.555,0.006,1.000,0.000,0.000,0,0.000,0.250,0.997,""
6.755,890.390,185.787,201.299,21.158,-22.248,-14.745,0.006,1.000,0.000,0.000,0,0.000,0.242,0.998,""
6.775,889.945,185.488,201.299,21.150,-22.239,-14.935,0.006,1.000,0.000,0.000,0,0.000,0.234,0.998,""
6.795,889.500,185.186,201.299,21.145,-22.230,-15.126,0.006,1.000,0.000,0.000,0,0.000,0.226,0.998,""
6.815,889.055,184.879,201.300,21.141,-22.221,-15.316,0.006,1.000,0.000,0.000,0,0.000,0.217,0.998,""
6.835,888.611,184.569,201.300,21.139,-22.212,-15.506,0.006,1.000,0.000,0.000,0,0.000,0.208,0.998,""
6.855,888.166,184.255,201.300,21.139,-22.204,-15.696,0.006,1.000,0.000,0.000,0,0.000,0.199,0.998,""
6.875,887.722,183.938,201.300,21.140,-22.195,-15.885,0.006,1.000,0.000,0.000,0,0.000,0.191,0.998,""
6.895,887.278,183.616,201.300,21.143,-22.186,-16.075,0.006,1.000,0.000,0.000,0,0.000,0.182,0.998,""
6.915,886.834,183.291,201.300,21.147,-22.177,-16.265,0.006,1.000,0.000,0.000,0,0.000,0.173,0.998,""
6.935,886.390,182.962,201.300,21.153,-22.168,-16.454,0.006,1.000,0.000,0.000,0,0.000,0.163,0.998,""
6.955,885.947,182.629,201.300,21.161,-22.159,-16.644,0.006,1.000,0.000,0.000,0,0.000,0.154,0.998,""
6.975,885.503,182.292,201.301,21.170,-22.150,-16.833,0.006,1.000,0.000,0.000,0,0.000,0.145,0.998,""
6.995,885.060,181.952,201.301,21.181,-22.141,-17.023,0.006,1.000,0.000,0.000,0,0.000,0.136,0.999,""
7.015,884.617,181.608,201.301,21.192,-22.133,-17.212,0.006,1.000,0.000,0.000,0,0.000,0.127,0.999,""
7.035,884.174,181.260,201.301,21.206,-22.124,-17.401,0.006,1.000,0.000,0.000,0,0.000,0.118,0.999,""
7.055,883.731,180.908,201.301,21.220,-22.115,-17.591,0.006,1.000,0.000,0.000,0,0.000,0.109,0.999,""
7.075,883.288,180.552,201.301,21.236,-22.106,-17.780,0.006,1.000,0.000,0.000,0,0.000,0.100,0.999,""
7.095,882.846,180.193,201.301,21.253,-22.097,-17.969,0.006,1.000,0.000,0.000,0,0.000,0.091,0.999,""
7.115,882.404,179.830,201.301,21.271,-22.088,-18.158,0.006,1.000,0.000,0.000,0,0.000,0.082,0.999,""
7.135,881.962,179.463,201.302,21.290,-22.080,-18.346,0.006,1.000,0.000,0.000,0,0.000,0.074,0.999,""
7.155,881.520,179.092,201.302,21.310,-22.071,-18.535,0.006,1.000,0.000,0.000,0,0.000,0.065,0.999,""
7.175,881.078,178.718,201.302,21.331,-22.062,-18.724,0.006,1.000,0.000,0.000,0,0.000,0.057,0.999,""
7.195,880.636,178.340,201.302,21.352,-22.053,-18.913,0.006,1.000,0.000,0.000,0,0.000,0.048,0.999,""
7.215,880.195,177.958,201.302,21.375,-22.044,-19.101,0.006,1.000,0.000,0.000,0,0.000,0.040,0.999,""
7.235,879.754,177.572,201.302,21.398,-22.035,-19.290,0.006,1.000,0.000,0.000,0,0.000,0.032,0.999,""
7.255,879.313,177.182,201.302,21.423,-22.027,-19.478,0.006,1.000,0.000,0.000,0,0.000,0.024,1.000,""
7.275,878.872,176.789,201.302,21.447,-22.018,-19.666,0.006,1.000,0.000,0.000,0,0.000,0.016,1.000,""
7.295,878.431,176.392,201.302,21.473,-22.009,-19.855,0.006,1.000,0.000,0.000,0,0.000,0.009,1.000,""
7.315,877.990,175.991,201.303,21.498,-22.000,-20.043,0.006,1.000,0.000,0.000,0,0.000,0.001,1.000,""
7.335,877.550,175.587,201.303,21.525,-21.991,-20.231,0.006,1.000,0.000,0.000,0,0.000,0.006,1.000,""
7.355,877.110,175.178,201.303,21.551,-21.983,-20.419,0.006,1.000,0.000,0.000,0,0.000,0.013,1.000,""
7.375,876.670,174.766,201.303,21.578,-21.974,-20.607,0.006,1.000,0.000,0.000,0,0.000,0.020,1.000,""
7.395,876.230,174.350,201.303,21.605,-21.965,-20.795,0.006,1.000,0.000,0.000,0,0.000,0.026,1.000,""
7.415,875.790,173.931,201.303,21.633,-21.956,-20.982,0.006,1.000,0.000,0.000,0,0.000,0.033,1.000,""
7.435,875.351,173.507,201.303,21.660,-21.947,-21.170,0.006,1.000,0.000,0.000,0,0.000,0.039,1.000,""
7.455,874.912,173.080,201.303,21.688,-21.939,-21.358,0.006,1.000,0.000,0.000,0,0.000,0.045,1.000,""
7.475,874.473,172.649,201.304,21.715,-21.930,-21.545,0.006,1.000,0.000,0.000,0,0.000,0.051,1.000,""
7.495,874.034,172.214,201.304,21.743,-21.921,-21.733,0.006,1.000,0.000,0.000,0,0.000,0.056,1.000,""
7.515,873.595,171.776,201.304,21.770,-21.912,-21.920,0.006,1.000,0.000,0.000,0,0.000,0.062,1.000,""
7.535,873.156,171.334,201.304,21.797,-21.904,-22.108,0.006,1.000,0.000,0.000,0,0.000,0.067,1.000,""
7.555,872.718,170.888,201.304,21.825,-21.895,-22.295,0.006,1.000,0.000,0.000,0,0.000,0.071,1.000,""
7.575,872.280,170.438,201.304,21.851,-21.886,-22.482,0.006,1.000,0.000,0.000,0,0.000,0.076,1.000,""
7.595,871.842,169.985,201.304,21.878,-21.877,-22.669,0.006,1.000,0.000,0.000,0,0.000,0.080,1.000,""
7.615,871.404,169.528,201.304,21.904,-21.869,-22.856,0.006,1.000,0.000,0.000,0,0.000,0.085,1.000,""
7.635,870.966,169.067,201.305,21.929,-21.860,-23.043,0.006,1.000,0.000,0.000,0,0.000,0.088,1.000,""
7.655,870.529,168.602,201.305,21.955,-21.851,-23.230,0.006,1.000,0.000,0.000,0,0.000,0.092,1.000,""
7.675,870.092,168.134,201.305,21.979,-21.842,-23.417,0.006,1.000,0.000,0.000,0,0.000,0.095,1.000,""
7.695,869.655,167.662,201.305,22.003,-21.834,-23.604,0.006,1.000,0.000,0.000,0,0.000,0.099,1.000,""
7.715,869.218,167.186,201.305,22.027,-21.825,-23.791,0.006,1.000,0.000,0.000,0,0.000,0.102,1.000,""
7.735,868.781,166.707,201.305,22.050,-21.816,-23.977,0.006,1.000,0.000,0.000,0,0.000,0.104,1.000,""
7.755,868.345,166.223,201.305,22.072,-21.807,-24.164,0.006,1.000,0.000,0.000,0,0.000,0.107,1.000,""
7.775,867.908,165.736,201.305,22.093,-21.799,-24.350,0.006,1.000,0.000,0.000,0,0.000,0.109,1.000,""
7.795,867.472,165.246,201.306,22.114,-21.790,-24.537,0.006,1.000,0.000,0.000,0,0.000,0.111,1.000,""
7.815,867.036,164.751,201.306,22.133,-21.781,-24.723,0.006,1.000,0.000,0.000,0,0.000,0.113,1.000,""
7.835,866.601,164.253,201.306,22.152,-21.773,-24.909,0.006,1.000,0.000,0.000,0,0.000,0.114,1.000,""
7.855,866.165,163.751,201.306,22.170,-21.764,-25.095,0.006,1.000,0.000,0.000,0,0.000,0.116,1.000,""
7.875,865.730,163.245,201.306,22.188,-21.755,-25.281,0.006,1.000,0.000,0.000,0,0.000,0.117,1.000,""
7.895,865.295,162.736,201.306,22.204,-21.746,-25.467,0.006,1.000,0.000,0.000,0,0.000,0.118,1.000,""
7.915,864.860,162.223,201.306,22.219,-21.738,-25.653,0.006,1.000,0.000,0.000,0,0.000,0.118,1.000,""
7.935,864.425,161.706,201.306,22.233,-21.729,-25.839,0.006,1.000,0.000,0.000,0,0.000,0.119,1.000,""
7.955,863.990,161.186,201.307,22.246,-21.720,-26.025,0.006,1.000,0.000,0.000,0,0.000,0.119,1.000,""
7.975,863.556,160.662,201.307,22.258,-21.712,-26.211,0.006,1.000,0.000,0.000,0,0.000,0.119,1.000,""
7.995,863.122,160.134,201.307,22.270,-21.703,-26.396,0.006,1.000,0.000,0.000,0,0.000,0.119,1.000,""
8.015,862.688,159.602,201.307,22.280,-21.694,-26.582,0.006,1.000,0.000,0.000,0,0.000,0.119,1.000,""
8.035,862.254,159.067,201.307,22.289,-21.686,-26.767,0.006,1.000,0.000,0.000,0,0.000,0.118,1.000,""
8.055,861.820,158.528,201.307,22.296,-21.677,-26.953,0.006,1.000,0.000,0.000,0,0.000,0.118,1.000,""
8.075,861.387,157.985,201.307,22.303,-21.668,-27.138,0.006,1.000,0.000,0.000,0,0.000,0.117,1.000,""
8.095,860.953,157.438,201.307,22.309,-21.660,-27.323,0.006,1.000,0.000,0.000,0,0.000,0.116,1.000,""
8.115,860.520,156.888,201.307,22.313,-21.651,-27.508,0.006,1.000,0.000,0.000,0,0.000,0.115,1.000,""
8.135,860.087,156.334,201.308,22.316,-21.642,-27.694,0.006,1.000,0.000,0.000,0,0.000,0.114,1.000,""
8.155,859.654,155.777,201.308,22.318,-21.634,-27.879,0.006,1.000,0.000,0.000,0,0.000,0.112,1.000,""
8.175,859.222,155.215,201.308,22.319,-21.625,-28.064,0.006,1.000,0.000,0.000,0,0.000,0.111,1.000,""
8.195,858.790,154.650,201.308,22.319,-21.616,-28.249,0.006,1.000,0.000,0.000,0,0.000,0.109,1.000,""
8.215,858.357,154.082,201.308,22.318,-21.608,-28.433,0.006,1.000,0.000,0.000,0,0.000,0.107,1.000,""
8.235,857.925,153.509,201.308,22.315,-21.599,-28.618,0.006,1.000,0.000,0.000,0,0.000,0.105,1.000,""
8.255,857.494,152.933,201.308,22.312,-21.590,-28.803,0.006,1.000,0.000,0.000,0,0.000,0.103,1.000,""
8.275,857.062,152.354,201.308,22.307,-21.582,-28.987,0.006,1.000,0.000,0.000,0,0.000,0.101,1.000,"Ground_Mountain_0_4:(-0.302, 0.953, 0.000) separation=0.6608325;Ground_Mountain_0_4:(-0.302, 0.953, 0.000) separation=0.6608205;Ground_Mountain_0_4:(-0.302, 0.953, 0.000) separation=0.6603438;Ground_Mountain_0_4:(-0.302, 0.953, 0.000) separation=0.6605257;"
8.295,856.588,151.980,201.309,24.281,-22.852,-18.619,-0.002,1.000,0.000,0.000,2,22.500,2.521,0.997,"Ground_Mountain_0_4:(-0.302, 0.953, 0.000) separation=0.2385653;Ground_Mountain_0_4:(-0.302, 0.953, 0.000) separation=0.3340129;Ground_Mountain_0_4:(-0.302, 0.953, 0.000) separation=0.2380541;Ground_Mountain_0_4:(-0.302, 0.953, 0.000) separation=0.3340473;Ground_Mountain_0_4:(-0.302, 0.953, 0.000) separation=0.2384421;Ground_Mountain_0_4:(-0.302, 0.953, 0.000) separation=0.2385532;Ground_Mountain_0_4:(-0.139, 0.990, 0.000) separation=0.3230028;Ground_Mountain_0_4:(-0.139, 0.990, 0.000) separation=0.5551248;Ground_Mountain_0_4:(-0.139, 0.990, 0.000) separation=0.3229696;Ground_Mountain_0_4:(-0.139, 0.990, 0.000) separation=0.5551579;Ground_Mountain_0_4:(-0.139, 0.990, 0.000) separation=0.3187902;Ground_Mountain_0_4:(-0.139, 0.990, 0.000) separation=0.3187902;Ground_Mountain_0_4:(0.000, 1.000, 0.000) separation=0.5517024;Ground_Mountain_0_4:(0.000, 1.000, 0.000) separation=0.5490178;Ground_Mountain_0_4:(0.000, 1.000, 0.000) separation=0.5516694;Ground_Mountain_0_4:(0.000, 1.000, 0.000) separation=0.5490072;Ground_Mountain_0_4:(0.000, 1.000, 0.000) separation=0.5490075;Ground_Mountain_0_4:(0.000, 1.000, 0.000) separation=0.5508913;"
8.315,856.115,151.881,201.311,24.140,-23.862,-4.960,-0.009,1.000,0.000,0.001,4,45.000,16.972,0.998,"Ground_Mountain_0_4:(-0.139, 0.990, 0.000) separation=0.04890462;Ground_Mountain_0_4:(-0.139, 0.990, 0.000) separation=0.1577923;Ground_Mountain_0_4:(-0.139, 0.990, 0.000) separation=0.05135094;Ground_Mountain_0_4:(-0.139, 0.990, 0.000) separation=0.1551992;Ground_Mountain_0_4:(-0.139, 0.990, 0.000) separation=0.04896414;Ground_Mountain_0_4:(-0.139, 0.990, 0.000) separation=0.07359484;Ground_Mountain_0_4:(0.000, 1.000, 0.000) separation=0.1554385;Ground_Mountain_0_4:(0.000, 1.000, 0.000) separation=0.1126328;Ground_Mountain_0_4:(0.000, 1.000, 0.000) separation=0.1580357;Ground_Mountain_0_4:(0.000, 1.000, 0.000) separation=0.1098633;Ground_Mountain_0_4:(0.000, 1.000, 0.000) separation=0.1099233;Ground_Mountain_0_4:(0.000, 1.000, 0.000) separation=0.1528174;Ground_Mountain_0_4:(-0.302, 0.953, 0.000) separation=0.13276;Ground_Mountain_0_4:(-0.302, 0.953, 0.000) separation=0.13276;"
8.335,855.644,151.836,201.308,23.913,-23.831,-2.296,-0.041,1.000,0.000,0.014,4,44.090,4.730,0.999,"Ground_Mountain_0_4:(-0.139, 0.990, 0.000) separation=-0.003638901;Ground_Mountain_0_4:(-0.139, 0.990, 0.000) separation=0.1040847;Ground_Mountain_0_4:(-0.139, 0.990, 0.000) separation=0.007580474;Ground_Mountain_0_4:(-0.139, 0.990, 0.000) separation=0.0920718;Ground_Mountain_0_4:(-0.139, 0.990, 0.000) separation=-0.003319353;Ground_Mountain_0_4:(-0.139, 0.990, 0.000) separation=-0.003319293;Ground_Mountain_0_4:(0.000, 1.000, 0.000) separation=0.09203443;Ground_Mountain_0_4:(0.000, 1.000, 0.000) separation=0.03467201;Ground_Mountain_0_4:(0.000, 1.000, 0.000) separation=0.1040424;Ground_Mountain_0_4:(0.000, 1.000, 0.000) separation=0.02204573;Ground_Mountain_0_4:(0.000, 1.000, 0.000) separation=0.0222638;Ground_Mountain_0_4:(0.000, 1.000, 0.000) separation=0.03064579;"
8.355,855.170,151.804,201.306,24.032,-24.001,-1.642,-0.071,1.000,0.000,0.015,4,31.883,6.803,1.000,"Ground_Mountain_0_4:(-0.139, 0.990, 0.000) separation=-0.0001664609;Ground_Mountain_0_4:(-0.139, 0.990, 0.000) separation=0.07917491;Ground_Mountain_0_4:(-0.139, 0.990, 0.000) separation=0.001117177;Ground_Mountain_0_4:(-0.139, 0.990, 0.000) separation=0.0769307;Ground_Mountain_0_4:(-0.139, 0.990, 0.000) separation=-0.0001305044;Ground_Mountain_0_4:(-0.139, 0.990, 0.000) separation=-0.0001305044;Ground_Mountain_0_4:(0.000, 1.000, 0.000) separation=0.07669002;Ground_Mountain_0_4:(0.000, 1.000, 0.000) separation=0.007116282;Ground_Mountain_0_4:(0.000, 1.000, 0.000) separation=0.07892725;Ground_Mountain_0_4:(0.000, 1.000, 0.000) separation=0.004399115;Ground_Mountain_0_4:(0.000, 1.000, 0.000) separation=0.004444212;Ground_Mountain_0_4:(0.000, 1.000, 0.000) separation=0.005346566;"
8.375,854.692,151.781,201.304,24.189,-24.184,-1.147,-0.100,1.000,0.000,0.015,4,31.169,7.484,1.000,"Ground_Mountain_0_4:(0.000, 1.000, 0.000) separation=0.04777744;Ground_Mountain_0_4:(0.000, 1.000, 0.000) separation=0.001449377;Ground_Mountain_0_4:(0.000, 1.000, 0.000) separation=0.04808733;Ground_Mountain_0_4:(0.000, 1.000, 0.000) separation=0.0009015506;Ground_Mountain_0_4:(0.000, 1.000, 0.000) separation=0.00090909;Ground_Mountain_0_4:(0.000, 1.000, 0.000) separation=0.0009101033;Ground_Mountain_0_4:(-0.139, 0.990, 0.000) separation=0.007108144;Ground_Mountain_0_4:(-0.139, 0.990, 0.000) separation=0.04840109;Ground_Mountain_0_4:(-0.139, 0.990, 0.000) separation=0.006234661;Ground_Mountain_0_4:(-0.139, 0.990, 0.000) separation=0.04808927;Ground_Mountain_0_4:(-0.139, 0.990, 0.000) separation=0.006873518;Ground_Mountain_0_4:(-0.139, 0.990, 0.000) separation=0.006873548;"
8.395,854.207,151.776,201.302,24.278,-24.277,-0.230,-0.115,1.000,0.000,0.015,4,32.270,5.514,1.000,"Ground_Mountain_0_4:(0.000, 1.000, 0.000) separation=0.01119624;Ground_Mountain_0_4:(0.000, 1.000, 0.000) separation=0.0003164127;Ground_Mountain_0_4:(0.000, 1.000, 0.000) separation=0.01130951;Ground_Mountain_0_4:(0.000, 1.000, 0.000) separation=0.0002029394;Ground_Mountain_0_4:(0.000, 1.000, 0.000) separation=0.0002044141;Ground_Mountain_0_4:(0.000, 1.000, 0.000) separation=0.002370894;Ground_Mountain_0_4:(-0.139, 0.990, 0.000) separation=0.07839257;Ground_Mountain_0_4:(-0.139, 0.990, 0.000) separation=0.07839257;"
8.415,853.719,151.778,201.299,24.461,-24.460,0.093,-0.128,1.000,0.000,0.015,4,25.962,1.102,1.000,"Ground_Mountain_0_4:(0.000, 1.000, 0.000) separation=0.002220258;Ground_Mountain_0_4:(0.000, 1.000, 0.000) separation=4.662719E-05;Ground_Mountain_0_4:(0.000, 1.000, 0.000) separation=0.002251585;Ground_Mountain_0_4:(0.000, 1.000, 0.000) separation=1.517532E-05;Ground_Mountain_0_4:(0.000, 1.000, 0.000) separation=1.54376E-05;Ground_Mountain_0_4:(0.000, 1.000, 0.000) separation=3.796816E-05;"
8.435,853.227,151.785,201.296,24.643,-24.641,0.373,-0.137,1.000,0.000,0.015,4,23.823,0.913,1.000,"Ground_Mountain_0_4:(0.000, 1.000, 0.000) separation=0.0007121573;Ground_Mountain_0_4:(0.000, 1.000, 0.000) separation=0.005267436;Ground_Mountain_0_4:(0.000, 1.000, 0.000) separation=0.0006601429;Ground_Mountain_0_4:(0.000, 1.000, 0.000) separation=0.00531945;Ground_Mountain_0_4:(0.000, 1.000, 0.000) separation=0.0006788969;Ground_Mountain_0_4:(0.000, 1.000, 0.000) separation=0.0007110238;"
8.455,852.731,151.798,201.294,24.823,-24.820,0.607,-0.140,1.000,0.000,0.013,4,21.528,0.743,1.000,"Ground_Mountain_0_4:(0.000, 1.000, 0.000) separation=0.005634996;Ground_Mountain_0_4:(0.000, 1.000, 0.000) separation=0.0152521;Ground_Mountain_0_4:(0.000, 1.000, 0.000) separation=0.005532289;Ground_Mountain_0_4:(0.000, 1.000, 0.000) separation=0.01535463;Ground_Mountain_0_4:(0.000, 1.000, 0.000) separation=0.005604595;Ground_Mountain_0_4:(0.000, 1.000, 0.000) separation=0.005632788;"
8.475,852.231,151.814,201.291,25.002,-24.997,0.794,-0.139,1.000,0.000,0.012,4,19.181,0.594,1.000,"Ground_Mountain_0_4:(0.000, 1.000, 0.000) separation=0.01596128;Ground_Mountain_0_4:(0.000, 1.000, 0.000) separation=0.02919565;Ground_Mountain_0_4:(0.000, 1.000, 0.000) separation=0.01581821;Ground_Mountain_0_4:(0.000, 1.000, 0.000) separation=0.02933868;Ground_Mountain_0_4:(0.000, 1.000, 0.000) separation=0.01595864;Ground_Mountain_0_4:(0.000, 1.000, 0.000) separation=0.01855224;"
8.495,851.728,151.832,201.288,25.179,-25.173,0.935,-0.133,1.000,0.000,0.010,4,16.870,0.463,1.000,"Ground_Mountain_0_4:(0.000, 1.000, 0.000) separation=0.03063895;Ground_Mountain_0_4:(0.000, 1.000, 0.000) separation=0.04631141;Ground_Mountain_0_4:(0.000, 1.000, 0.000) separation=0.03045257;Ground_Mountain_0_4:(0.000, 1.000, 0.000) separation=0.04649782;Ground_Mountain_0_4:(0.000, 1.000, 0.000) separation=0.03045529;Ground_Mountain_0_4:(0.000, 1.000, 0.000) separation=0.0306364;"
8.515,851.221,151.853,201.286,25.355,-25.348,1.032,-0.124,1.000,0.000,0.008,4,14.664,0.350,1.000,"Ground_Mountain_0_4:(0.000, 1.000, 0.000) separation=0.04860894;Ground_Mountain_0_4:(0.000, 1.000, 0.000) separation=0.06573109;Ground_Mountain_0_4:(0.000, 1.000, 0.000) separation=0.04840579;Ground_Mountain_0_4:(0.000, 1.000, 0.000) separation=0.0659342;Ground_Mountain_0_4:(0.000, 1.000, 0.000) separation=0.04848021;Ground_Mountain_0_4:(0.000, 1.000, 0.000) separation=0.04860651;"
8.535,850.711,151.875,201.283,25.529,-25.522,1.087,-0.111,1.000,0.000,0.006,4,12.618,0.255,1.000,"Ground_Mountain_0_4:(0.000, 1.000, 0.000) separation=0.06891315;Ground_Mountain_0_4:(0.000, 1.000, 0.000) separation=0.08669628;Ground_Mountain_0_4:(0.000, 1.000, 0.000) separation=0.06869637;Ground_Mountain_0_4:(0.000, 1.000, 0.000) separation=0.08691309;Ground_Mountain_0_4:(0.000, 1.000, 0.000) separation=0.06885242;Ground_Mountain_0_4:(0.000, 1.000, 0.000) separation=0.06891119;"
8.555,850.197,151.897,201.281,25.702,-25.695,1.106,-0.097,1.000,0.000,0.004,4,10.773,0.175,1.000,"Ground_Mountain_0_4:(0.000, 1.000, 0.000) separation=0.09062818;Ground_Mountain_0_4:(0.000, 1.000, 0.000) separation=0.1084489;Ground_Mountain_0_4:(0.000, 1.000, 0.000) separation=0.09040936;Ground_Mountain_0_4:(0.000, 1.000, 0.000) separation=0.1086678;Ground_Mountain_0_4:(0.000, 1.000, 0.000) separation=0.09062657;Ground_Mountain_0_4:(0.000, 1.000, 0.000) separation=0.09381974;"
8.575,849.679,151.919,201.280,25.874,-25.867,1.093,-0.082,1.000,0.000,0.002,4,9.157,0.108,1.000,"Ground_Mountain_0_4:(0.000, 1.000, 0.000) separation=0.1129759;Ground_Mountain_0_4:(0.000, 1.000, 0.000) separation=0.1303602;Ground_Mountain_0_4:(0.000, 1.000, 0.000) separation=0.1127542;Ground_Mountain_0_4:(0.000, 1.000, 0.000) separation=0.130582;Ground_Mountain_0_4:(0.000, 1.000, 0.000) separation=0.1127652;Ground_Mountain_0_4:(0.000, 1.000, 0.000) separation=0.1129748;"
8.595,849.158,151.940,201.279,26.045,-26.038,1.052,-0.067,1.000,0.000,0.000,4,7.784,0.055,1.000,"Ground_Mountain_0_4:(0.000, 1.000, 0.000) separation=0.1352224;Ground_Mountain_0_4:(0.000, 1.000, 0.000) separation=0.1518183;Ground_Mountain_0_4:(0.000, 1.000, 0.000) separation=0.1350189;Ground_Mountain_0_4:(0.000, 1.000, 0.000) separation=0.1520219;Ground_Mountain_0_4:(0.000, 1.000, 0.000) separation=0.135102;Ground_Mountain_0_4:(0.000, 1.000, 0.000) separation=0.1352216;"
8.615,848.634,151.959,201.278,26.214,-26.209,0.988,-0.052,1.000,0.000,0.000,4,6.661,0.012,1.000,"Ground_Mountain_0_4:(0.000, 1.000, 0.000) separation=0.1567768;Ground_Mountain_0_4:(0.000, 1.000, 0.000) separation=0.1723087;Ground_Mountain_0_4:(0.000, 1.000, 0.000) separation=0.156567;Ground_Mountain_0_4:(0.000, 1.000, 0.000) separation=0.1725186;Ground_Mountain_0_4:(0.000, 1.000, 0.000) separation=0.1567284;Ground_Mountain_0_4:(0.000, 1.000, 0.000) separation=0.1567763;"
8.635,848.106,151.977,201.277,26.383,-26.379,0.907,-0.038,1.000,0.000,-0.001,4,5.783,0.021,1.000,"Ground_Mountain_0_4:(0.000, 1.000, 0.000) separation=0.177167;Ground_Mountain_0_4:(0.000, 1.000, 0.000) separation=0.1914766;Ground_Mountain_0_4:(0.000, 1.000, 0.000) separation=0.1769717;Ground_Mountain_0_4:(0.000, 1.000, 0.000) separation=0.1916722;Ground_Mountain_0_4:(0.000, 1.000, 0.000) separation=0.1791891;Ground_Mountain_0_4:(0.000, 1.000, 0.000) separation=0.1881258;"
8.655,847.575,151.994,201.276,26.551,-26.547,0.814,-0.026,1.000,0.000,-0.002,4,5.140,0.046,1.000,"Ground_Mountain_0_4:(0.000, 1.000, 0.000) separation=0.1959469;Ground_Mountain_0_4:(0.000, 1.000, 0.000) separation=0.2089422;Ground_Mountain_0_4:(0.000, 1.000, 0.000) separation=0.1957641;Ground_Mountain_0_4:(0.000, 1.000, 0.000) separation=0.2091251;Ground_Mountain_0_4:(0.000, 1.000, 0.000) separation=0.1957855;Ground_Mountain_0_4:(0.000, 1.000, 0.000) separation=0.2029373;"
8.675,847.041,152.008,201.276,26.718,-26.715,0.711,-0.015,1.000,0.000,-0.002,4,4.717,0.064,1.000,"Ground_Mountain_0_4:(0.000, 1.000, 0.000) separation=0.2128915;Ground_Mountain_0_4:(0.000, 1.000, 0.000) separation=0.2245359;Ground_Mountain_0_4:(0.000, 1.000, 0.000) separation=0.2127206;Ground_Mountain_0_4:(0.000, 1.000, 0.000) separation=0.2247066;Ground_Mountain_0_4:(0.000, 1.000, 0.000) separation=0.2128032;Ground_Mountain_0_4:(0.000, 1.000, 0.000) separation=0.2164823;"
