Eastbound Gully Flight start=(850.00, 110.00, -275.00) lip=(1070.00, 131.60, -275.00) end=(1350.00, 99.16, -275.00) direction=(1.00, 0.00, 0.00) stations=227.3742..734.7695
227.3742 (850.01, 110.00, -274.95)
247.3742 (870.00, 110.00, -275.00)
267.3742 (890.00, 110.00, -275.00)
287.3742 (910.00, 110.00, -275.00)
307.3742 (930.00, 110.00, -275.00)
327.3742 (950.00, 110.00, -275.00)
347.3742 (970.00, 110.00, -275.00)
367.3742 (990.00, 110.00, -275.00)
387.3742 (1010.00, 110.00, -275.00)
407.3742 (1029.82, 112.36, -275.00)
427.3742 (1048.66, 118.97, -275.00)
447.3742 (1066.03, 128.84, -275.00)
467.3742 (1085.19, 130.45, -275.00)
487.3742 (1105.13, 128.93, -275.00)
507.3742 (1125.07, 127.41, -275.00)
527.3742 (1145.02, 125.90, -275.00)
547.3742 (1164.96, 124.38, -275.00)
567.3742 (1184.37, 119.87, -275.00)
587.3742 (1203.74, 114.90, -275.00)
607.3742 (1223.27, 110.57, -275.00)
627.3742 (1242.93, 106.91, -275.00)
647.3742 (1262.70, 103.92, -275.00)
667.3742 (1282.57, 101.63, -275.00)
687.3742 (1302.51, 100.05, -275.00)
707.3742 (1322.49, 99.18, -275.00)
727.3742 (1342.49, 99.03, -275.00)
747.3742 (1356.89, 99.58, -264.28)
767.3742 (1367.96, 100.17, -247.63)
787.3742 (1377.89, 101.09, -230.30)
807.3742 (1384.71, 102.79, -211.65)
827.3742 (1386.54, 105.84, -191.99)
Homeward Summit Flight start=(1192.02, 152.00, 207.35) lip=(980.38, 177.92, 147.27) end=(730.26, 96.75, 76.27) direction=(-0.96, 0.00, -0.27) stations=1850.953..2360.101
1850.953 (1191.96, 152.00, 206.86)
1870.953 (1172.69, 152.00, 201.86)
1890.953 (1153.45, 152.00, 196.40)
1910.953 (1134.21, 152.00, 190.94)
1930.953 (1114.97, 152.00, 185.47)
1950.953 (1095.73, 152.00, 180.01)
1970.953 (1076.49, 152.00, 174.55)
1990.953 (1057.25, 152.00, 169.09)
2010.953 (1038.01, 152.04, 163.63)
2030.953 (1019.02, 154.90, 158.24)
2050.953 (1001.32, 162.63, 153.21)
2070.953 (985.39, 173.80, 148.69)
2090.953 (967.45, 177.90, 143.60)
2110.953 (948.21, 177.87, 138.14)
2130.953 (928.97, 177.85, 132.67)
2150.953 (909.73, 177.82, 127.21)
2170.953 (890.49, 177.79, 121.75)
2190.953 (871.25, 177.77, 116.29)
2210.953 (853.58, 172.64, 111.27)
2230.953 (838.19, 160.64, 106.90)
2250.953 (822.79, 148.64, 102.53)
2270.953 (807.26, 136.84, 98.13)
2290.953 (791.21, 125.82, 93.57)
2310.953 (774.52, 115.87, 88.83)
2330.953 (757.21, 107.17, 83.92)
2350.953 (739.31, 99.85, 78.84)
2370.953 (720.80, 94.67, 82.05)
2390.953 (703.44, 91.53, 91.42)
2410.953 (694.83, 90.51, 101.71)
2430.953 (714.29, 93.59, 98.38)
2450.953 (733.55, 96.81, 94.06)
