time=3.399999 position=(727.12, 78.88, -10.52) hit=Ground_CR110 main supported trail impulse=0 contacts=(727.53, 78.40, -11.48) normal=(0.00, 1.00, 0.02);(726.69, 78.35, -9.29) normal=(0.00, 1.00, 0.02);(726.88, 78.40, -11.53) normal=(0.00, 1.00, 0.02);(727.34, 78.35, -9.24) normal=(0.00, 1.00, 0.02);(727.50, 78.39, -11.13) normal=(0.00, 1.00, 0.02);(726.85, 78.39, -11.10) normal=(0.00, 1.00, 0.02)
time=3.639999 position=(727.31, 78.92, -12.68) hit=Ground_720_320 impulse=0 contacts=(727.71, 78.36, -13.57) normal=(0.00, 1.00, 0.02);(726.87, 78.31, -11.38) normal=(0.00, 1.00, 0.02);(727.06, 78.36, -13.62) normal=(0.00, 1.00, 0.02);(727.52, 78.31, -11.33) normal=(0.00, 1.00, 0.02);(727.58, 78.36, -13.58) normal=(0.00, 1.00, 0.02);(727.01, 78.35, -13.01) normal=(0.00, 1.00, 0.02)
time=5.079998 position=(727.33, 79.54, -41.08) hit=Ground_CR117 rounded start turn impulse=0 contacts=(727.56, 79.02, -41.70) normal=(0.00, 1.00, 0.01);(726.92, 79.02, -41.61) normal=(0.00, 1.00, 0.01);(727.59, 79.02, -41.52) normal=(0.00, 1.00, 0.01);(726.95, 79.02, -41.39) normal=(0.00, 1.00, 0.01)
time=7.279997 position=(722.06, 82.52, -103.34) hit=Ground_CR110 main supported trail impulse=3.170288 contacts=(721.76, 82.41, -104.29) normal=(-0.10, 0.99, 0.05)
time=7.759997 position=(725.94, 84.17, -112.17) hit=Ground_CR110 main supported trail impulse=0 contacts=(726.32, 83.27, -112.84) normal=(-0.10, 0.99, 0.04);(726.33, 83.27, -112.84) normal=(-0.10, 0.99, 0.04)
time=7.759997 position=(725.94, 84.17, -112.17) hit=Ground_CR117 rounded start turn impulse=0 contacts=(726.31, 83.29, -112.84) normal=(-0.07, 1.00, 0.04);(726.21, 83.27, -112.72) normal=(-0.07, 1.00, 0.04);(726.24, 83.27, -112.68) normal=(-0.19, 0.97, 0.14)
time=7.799997 position=(726.27, 84.18, -112.92) hit=Ground_720_240 impulse=0 contacts=(726.69, 83.26, -113.55) normal=(-0.10, 0.99, 0.06)
time=8.099998 position=(729.26, 84.64, -117.81) hit=EMBER impulse=0 contacts=(729.81, 84.84, -118.50) normal=(0.14, -0.01, 0.99)
time=9.479997 position=(741.79, 85.89, -121.03) hit=Ground_720_240 impulse=0 contacts=(742.74, 85.47, -121.62) normal=(-0.34, 0.91, 0.25)
time=9.639997 position=(743.05, 86.28, -121.28) hit=Ground_CR117 gully approach impulse=19.66644 contacts=(744.12, 86.15, -121.39) normal=(-0.01, 0.99, 0.11);(742.03, 86.04, -120.63) normal=(-0.01, 0.99, 0.11);(742.61, 86.14, -121.47) normal=(-0.01, 0.99, 0.11);(742.38, 86.05, -120.72) normal=(-0.01, 0.99, 0.11);(741.99, 86.05, -120.75) normal=(-0.01, 0.99, 0.11);(742.08, 86.04, -120.62) normal=(-0.01, 0.99, 0.11)
time=10.7 position=(745.16, 86.73, -121.96) hit=Ground_CR117 gully approach impulse=0 contacts=(746.21, 86.27, -122.21) normal=(-0.01, 0.99, 0.11);(743.92, 86.19, -121.72) normal=(-0.01, 0.99, 0.11);(745.90, 86.33, -122.77) normal=(-0.01, 0.99, 0.11);(744.23, 86.13, -121.15) normal=(-0.01, 0.99, 0.11);(744.30, 86.22, -121.93) normal=(-0.01, 0.99, 0.11);(744.31, 86.22, -121.93) normal=(-0.01, 0.99, 0.11)
time=10.94 position=(746.77, 86.86, -122.93) hit=Ground_720_240 impulse=0 contacts=(747.27, 86.29, -123.00) normal=(-0.04, 0.99, 0.11);(745.91, 86.17, -122.00) normal=(-0.04, 0.99, 0.11);(746.26, 86.28, -123.00) normal=(-0.04, 0.99, 0.11);(745.99, 86.16, -121.92) normal=(-0.04, 0.99, 0.11);(746.00, 86.17, -122.00) normal=(-0.04, 0.99, 0.11);(746.07, 86.17, -122.00) normal=(-0.04, 0.99, 0.11)
time=11.18 position=(748.45, 87.04, -124.53) hit=Ground_CR110 main supported trail impulse=0 contacts=(749.28, 86.52, -125.15) normal=(-0.14, 0.99, 0.03)
time=16.71999 position=(799.85, 110.04, -262.58) hit=Ground_Mountain_0_0 impulse=0 contacts=(800.46, 109.39, -262.61) normal=(-0.05, 1.00, 0.05);(800.07, 109.39, -263.13) normal=(-0.05, 1.00, 0.05);(800.00, 109.36, -262.27) normal=(-0.05, 1.00, 0.05);(800.00, 109.39, -263.08) normal=(-0.05, 1.00, 0.05)
time=17.13999 position=(811.02, 110.64, -269.61) hit=Ground_CR117 outer ravine impulse=0 contacts=(811.40, 109.94, -270.09) normal=(-0.04, 1.00, 0.03);(811.46, 109.95, -270.00) normal=(-0.04, 1.00, 0.03);(811.14, 109.94, -270.00) normal=(-0.04, 1.00, 0.03)
time=18.29999 position=(850.17, 110.51, -277.24) hit=Ground_CR117 gully takeoff impulse=0 contacts=(850.51, 110.04, -277.57) normal=(0.01, 1.00, 0.00);(850.00, 110.04, -276.90) normal=(0.01, 1.00, 0.00);(850.00, 110.04, -277.55) normal=(0.01, 1.00, 0.00);(850.54, 110.04, -276.92) normal=(0.01, 1.00, 0.00);(850.50, 110.04, -277.57) normal=(0.01, 1.00, 0.00);(850.50, 110.04, -276.92) normal=(0.01, 1.00, 0.00)
time=30.75999 position=(1138.29, 67.34, -274.98) hit=Ground_CR117 outer ravine impulse=0 contacts=(1136.93, 67.40, -274.08) normal=(0.00, 0.36, -0.93);(1139.02, 67.55, -274.02) normal=(0.00, 0.36, -0.93);(1139.17, 67.56, -274.02) normal=(0.00, 0.36, -0.93)
