t,station,x,y,z,speed,vx,vy,vz,throttle,brake,steering,grounded,suspension,alignment,up,contacts
0.020,278.115,941.580,124.782,-76.528,23.784,-23.698,0.047,-2.025,0.000,0.000,0.000,2,9.867,4.127,1.000,"Ground_Mountain_1_1:(-0.220, 0.975, -0.018);Ground_Mountain_1_1:(-0.220, 0.975, -0.018);Ground_Mountain_1_1:(-0.220, 0.975, -0.018);Ground_Mountain_1_1:(-0.220, 0.975, -0.018);Ground_Mountain_1_1:(-0.220, 0.975, -0.018);Ground_Mountain_1_1:(-0.220, 0.975, -0.018);"
0.040,277.658,941.103,124.781,-76.569,23.798,-23.713,-0.058,-2.027,0.108,0.000,0.000,2,4.812,2.571,1.000,"Ground_Mountain_1_1:(-0.218, 0.976, -0.018);Ground_Mountain_1_1:(-0.218, 0.976, -0.018);Ground_Mountain_1_1:(-0.218, 0.976, -0.018);Ground_Mountain_1_1:(-0.218, 0.976, -0.018);Ground_Mountain_1_1:(-0.218, 0.976, -0.018);Ground_Mountain_1_1:(-0.218, 0.976, -0.018);"
0.060,277.192,940.626,124.776,-76.610,23.812,-23.725,-0.250,-2.028,0.101,0.000,0.000,2,0.483,1.856,1.000,"Ground_Mountain_1_1:(-0.218, 0.976, -0.018);Ground_Mountain_1_1:(-0.218, 0.976, -0.018);Ground_Mountain_1_1:(-0.218, 0.976, -0.018);Ground_Mountain_1_1:(-0.218, 0.976, -0.018);Ground_Mountain_1_1:(-0.218, 0.976, -0.018);Ground_Mountain_1_1:(-0.218, 0.976, -0.018);"
0.080,276.725,940.150,124.767,-76.650,23.805,-23.716,-0.446,-2.027,0.094,0.000,0.000,0,0.000,0.290,1.000,"Ground_Mountain_1_1:(-0.227, 0.974, -0.018);Ground_Mountain_1_1:(-0.227, 0.974, -0.018);Ground_Mountain_1_1:(-0.227, 0.974, -0.018);"
0.100,276.257,939.673,124.754,-76.691,23.800,-23.706,-0.642,-2.026,0.097,0.000,0.000,0,0.000,0.301,0.999,"Ground_Mountain_1_1:(-0.227, 0.974, -0.018);Ground_Mountain_1_1:(-0.227, 0.974, -0.018);Ground_Mountain_1_1:(-0.227, 0.974, -0.018);"
0.120,275.789,939.197,124.737,-76.732,23.797,-23.697,-0.838,-2.025,0.100,0.000,0.000,0,0.000,0.311,0.999,"Ground_Mountain_1_1:(-0.227, 0.974, -0.018);Ground_Mountain_1_1:(-0.227, 0.974, -0.018);Ground_Mountain_1_1:(-0.227, 0.974, -0.018);"
0.140,275.332,938.721,124.716,-76.772,23.795,-23.687,-1.033,-2.024,0.102,0.000,0.000,0,0.000,0.322,0.999,""
0.160,274.863,938.246,124.692,-76.813,23.795,-23.678,-1.229,-2.024,0.102,0.000,0.000,0,0.000,0.332,0.998,""
0.180,274.394,937.770,124.663,-76.854,23.797,-23.668,-1.425,-2.023,0.103,0.000,0.000,0,0.000,0.341,0.998,""
0.200,273.924,937.295,124.631,-76.894,23.800,-23.659,-1.620,-2.022,0.102,0.000,0.000,0,0.000,0.350,0.997,""
0.220,273.453,936.820,124.594,-76.935,23.805,-23.649,-1.816,-2.021,0.100,0.000,0.000,0,0.000,0.359,0.997,""
0.240,272.995,936.345,124.554,-76.976,23.811,-23.640,-2.011,-2.020,0.098,0.000,-0.001,0,0.000,0.367,0.996,""
0.260,272.524,935.871,124.509,-77.016,23.819,-23.630,-2.207,-2.020,0.095,0.000,-0.001,0,0.000,0.375,0.995,""
0.280,272.051,935.397,124.461,-77.057,23.828,-23.621,-2.402,-2.019,0.091,0.000,-0.001,0,0.000,0.382,0.995,""
0.300,271.578,934.923,124.409,-77.097,23.839,-23.612,-2.597,-2.018,0.086,0.000,-0.001,0,0.000,0.389,0.994,""
0.320,271.105,934.449,124.353,-77.138,23.852,-23.602,-2.792,-2.017,0.080,0.000,-0.001,0,0.000,0.396,0.993,""
0.340,270.644,933.976,124.293,-77.178,23.866,-23.593,-2.987,-2.016,0.074,0.000,-0.001,0,0.000,0.402,0.993,""
0.360,270.169,933.502,124.229,-77.219,23.881,-23.583,-3.182,-2.015,0.067,0.000,-0.001,0,0.000,0.407,0.992,""
0.380,269.693,933.029,124.161,-77.259,23.898,-23.574,-3.377,-2.015,0.059,0.000,-0.002,0,0.000,0.413,0.991,""
0.400,269.217,932.556,124.090,-77.299,23.916,-23.564,-3.572,-2.014,0.051,0.000,-0.002,0,0.000,0.418,0.991,""
0.420,268.740,932.084,124.014,-77.340,23.936,-23.555,-3.766,-2.013,0.042,0.000,-0.002,0,0.000,0.422,0.990,""
0.440,268.274,931.612,123.935,-77.380,23.957,-23.545,-3.961,-2.012,0.032,0.000,-0.002,0,0.000,0.426,0.989,""
0.460,267.795,931.140,123.852,-77.420,23.979,-23.536,-4.155,-2.011,0.022,0.000,-0.002,0,0.000,0.430,0.988,""
0.480,267.316,930.668,123.764,-77.461,24.002,-23.527,-4.350,-2.011,0.011,0.000,-0.003,0,0.000,0.433,0.988,""
0.500,266.836,930.196,123.673,-77.501,24.026,-23.517,-4.544,-2.010,0.000,0.000,-0.003,0,0.000,0.436,0.987,""
0.520,266.356,929.725,123.578,-77.541,24.052,-23.508,-4.739,-2.009,0.000,0.000,-0.003,0,0.000,0.439,0.986,""
0.540,265.883,929.254,123.479,-77.582,24.078,-23.498,-4.933,-2.008,0.000,0.000,-0.004,0,0.000,0.441,0.986,""
0.560,265.401,928.783,123.377,-77.622,24.106,-23.489,-5.127,-2.007,0.000,0.000,-0.004,0,0.000,0.443,0.985,""
0.580,264.918,928.312,123.270,-77.662,24.134,-23.480,-5.321,-2.007,0.000,0.000,-0.004,0,0.000,0.445,0.984,""
0.600,264.434,927.842,123.160,-77.702,24.164,-23.470,-5.515,-2.006,0.000,0.000,-0.005,0,0.000,0.446,0.984,""
0.620,263.949,927.372,123.045,-77.742,24.194,-23.461,-5.709,-2.005,0.000,0.000,-0.005,0,0.000,0.446,0.983,""
0.640,263.469,926.902,122.927,-77.783,24.224,-23.451,-5.903,-2.004,0.000,0.000,-0.005,0,0.000,0.447,0.983,""
0.660,262.983,926.432,122.805,-77.823,24.256,-23.442,-6.096,-2.003,0.000,0.000,-0.006,0,0.000,0.447,0.982,""
0.680,262.496,925.963,122.679,-77.863,24.288,-23.433,-6.290,-2.003,0.000,0.000,-0.006,0,0.000,0.447,0.981,""
0.700,262.008,925.494,122.549,-77.903,24.320,-23.423,-6.484,-2.002,0.000,0.000,-0.006,0,0.000,0.446,0.981,""
0.720,261.521,925.025,122.416,-77.943,24.353,-23.414,-6.677,-2.001,0.000,0.000,-0.007,0,0.000,0.445,0.981,""
0.740,261.032,924.556,122.278,-77.983,24.386,-23.405,-6.871,-2.000,0.000,0.000,-0.007,0,0.000,0.444,0.980,""
0.760,260.542,924.088,122.137,-78.023,24.420,-23.395,-7.064,-1.999,0.000,0.000,-0.008,0,0.000,0.442,0.980,""
0.780,260.051,923.619,121.991,-78.063,24.454,-23.386,-7.257,-1.999,0.000,0.000,-0.008,0,0.000,0.440,0.979,""
0.800,259.559,923.151,121.842,-78.103,24.488,-23.377,-7.451,-1.998,0.000,0.000,-0.009,0,0.000,0.438,0.979,""
0.820,259.063,922.684,121.689,-78.143,24.522,-23.367,-7.644,-1.997,0.000,0.000,-0.009,0,0.000,0.436,0.979,""
0.840,258.570,922.216,121.533,-78.183,24.556,-23.358,-7.837,-1.996,0.000,0.000,-0.010,0,0.000,0.433,0.978,""
0.860,258.076,921.749,121.372,-78.223,24.590,-23.349,-8.030,-1.995,0.000,0.000,-0.011,0,0.000,0.430,0.978,""
0.880,257.582,921.282,121.207,-78.263,24.624,-23.339,-8.223,-1.995,0.000,0.000,-0.011,0,0.000,0.427,0.978,""
0.900,257.079,920.815,121.039,-78.303,24.657,-23.330,-8.416,-1.994,0.000,0.000,-0.012,0,0.000,0.423,0.978,""
0.920,256.583,920.348,120.867,-78.343,24.690,-23.320,-8.608,-1.993,0.000,0.000,-0.013,0,0.000,0.420,0.978,""
0.940,256.086,919.882,120.691,-78.382,24.723,-23.311,-8.801,-1.992,0.000,0.000,-0.013,0,0.000,0.415,0.978,""
0.960,255.588,919.416,120.511,-78.422,24.755,-23.302,-8.994,-1.991,0.000,0.000,-0.014,0,0.000,0.411,0.978,""
0.980,255.090,918.950,120.327,-78.462,24.787,-23.293,-9.186,-1.991,0.000,0.000,-0.015,0,0.000,0.407,0.978,""
1.000,254.581,918.485,120.140,-78.502,24.818,-23.283,-9.379,-1.990,0.000,0.000,-0.016,0,0.000,0.402,0.978,""
1.020,254.081,918.019,119.948,-78.542,24.848,-23.274,-9.571,-1.989,0.000,0.000,-0.016,0,0.000,0.397,0.978,""
1.040,253.581,917.554,119.753,-78.581,24.877,-23.265,-9.763,-1.988,0.000,0.000,-0.017,0,0.000,0.392,0.978,""
1.060,253.079,917.089,119.554,-78.621,24.906,-23.255,-9.955,-1.987,0.000,0.000,-0.018,0,0.000,0.386,0.978,""
1.080,252.567,916.624,119.351,-78.661,24.933,-23.246,-10.148,-1.987,0.000,0.000,-0.019,0,0.000,0.381,0.978,""
1.100,252.064,916.160,119.144,-78.701,24.960,-23.237,-10.340,-1.986,0.000,0.000,-0.020,0,0.000,0.375,0.978,""
1.120,251.561,915.696,118.934,-78.740,24.985,-23.227,-10.532,-1.985,0.000,0.000,-0.021,0,0.000,0.369,0.978,""
1.140,251.057,915.232,118.719,-78.780,25.009,-23.218,-10.724,-1.984,0.000,0.000,-0.022,0,0.000,0.363,0.979,""
1.160,250.552,914.768,118.501,-78.820,25.032,-23.209,-10.915,-1.983,0.000,0.200,-0.023,0,0.000,0.356,0.979,""
1.180,250.037,914.304,118.279,-78.859,25.053,-23.200,-11.107,-1.983,0.000,0.200,-0.024,0,0.000,0.350,0.979,""
1.200,249.531,913.841,118.053,-78.899,25.073,-23.190,-11.299,-1.982,0.000,0.200,-0.025,0,0.000,0.343,0.980,""
1.220,249.025,913.378,117.823,-78.938,25.092,-23.181,-11.490,-1.981,0.000,0.200,-0.027,0,0.000,0.337,0.980,""
1.240,248.518,912.915,117.590,-78.978,25.109,-23.172,-11.682,-1.980,0.000,0.200,-0.028,0,0.000,0.330,0.980,""
1.260,248.003,912.452,117.352,-79.017,25.124,-23.162,-11.873,-1.980,0.000,0.200,-0.029,0,0.000,0.322,0.981,""
1.280,247.495,911.989,117.111,-79.057,25.138,-23.153,-12.065,-1.979,0.000,0.200,-0.030,0,0.000,0.315,0.981,"Ground_Mountain_1_1:(-0.234, 0.972, -0.025);Ground_Mountain_1_1:(-0.234, 0.972, -0.025);Ground_Mountain_1_1:(-0.234, 0.972, -0.025);Ground_Mountain_1_1:(-0.234, 0.972, -0.025);Ground_Mountain_1_1:(-0.234, 0.972, -0.025);Ground_Mountain_1_1:(-0.234, 0.972, -0.025);"
1.300,246.988,911.527,116.866,-79.097,25.150,-23.144,-12.256,-1.978,0.000,0.200,-0.032,0,0.000,0.308,0.981,"Ground_Mountain_1_1:(-0.234, 0.972, -0.025);Ground_Mountain_1_1:(-0.234, 0.972, -0.025);Ground_Mountain_1_1:(-0.234, 0.972, -0.025);Ground_Mountain_1_1:(-0.234, 0.972, -0.025);Ground_Mountain_1_1:(-0.234, 0.972, -0.025);Ground_Mountain_1_1:(-0.234, 0.972, -0.025);"
1.320,246.479,911.063,116.636,-79.136,25.059,-23.203,-11.539,-1.971,0.000,0.200,-0.033,4,45.000,1.456,0.982,"Ground_Mountain_1_1:(-0.234, 0.972, -0.025);Ground_Mountain_1_1:(-0.234, 0.972, -0.025);Ground_Mountain_1_1:(-0.234, 0.972, -0.025);Ground_Mountain_1_1:(-0.234, 0.972, -0.025);Ground_Mountain_1_1:(-0.234, 0.972, -0.025);Ground_Mountain_1_1:(-0.234, 0.972, -0.025);"
1.340,245.968,910.591,116.428,-79.177,25.095,-23.372,-10.351,-1.983,0.000,0.200,-0.034,4,45.000,1.219,0.978,"Ground_Mountain_1_1:(-0.231, 0.973, -0.025);Ground_Mountain_1_1:(-0.231, 0.973, -0.025);Ground_Mountain_1_1:(-0.231, 0.973, -0.025);Ground_Mountain_1_1:(-0.231, 0.973, -0.025);Ground_Mountain_1_1:(-0.231, 0.973, -0.025);Ground_Mountain_1_1:(-0.231, 0.973, -0.025);"
1.360,245.460,910.117,116.283,-79.218,24.608,-23.517,-7.176,-2.004,0.000,0.200,-0.035,4,45.000,5.073,0.975,"Ground_Mountain_1_1:(-0.224, 0.974, -0.025);Ground_Mountain_1_1:(-0.224, 0.974, -0.025);Ground_Mountain_1_1:(-0.224, 0.974, -0.025);Ground_Mountain_1_1:(-0.224, 0.974, -0.025);Ground_Mountain_1_1:(-0.224, 0.974, -0.025);Ground_Mountain_1_1:(-0.224, 0.974, -0.025);"
1.380,244.963,909.647,116.168,-79.258,24.240,-23.465,-5.747,-2.013,0.000,0.000,-0.037,4,32.819,4.675,0.975,"Ground_Mountain_1_1:(-0.224, 0.974, -0.025);Ground_Mountain_1_1:(-0.224, 0.974, -0.025);Ground_Mountain_1_1:(-0.224, 0.974, -0.025);Ground_Mountain_1_1:(-0.224, 0.974, -0.025);Ground_Mountain_1_1:(-0.224, 0.974, -0.025);Ground_Mountain_1_1:(-0.224, 0.974, -0.025);"
1.400,244.478,909.181,116.061,-79.298,24.038,-23.344,-5.370,-2.007,0.000,0.000,-0.038,4,21.900,0.486,0.975,"Ground_Mountain_1_1:(-0.220, 0.975, -0.025);Ground_Mountain_1_1:(-0.220, 0.975, -0.025);Ground_Mountain_1_1:(-0.220, 0.975, -0.025);Ground_Mountain_1_1:(-0.220, 0.975, -0.025);Ground_Mountain_1_1:(-0.220, 0.975, -0.025);Ground_Mountain_1_1:(-0.220, 0.975, -0.025);"
1.420,243.995,908.716,115.959,-79.338,23.856,-23.211,-5.136,-1.998,0.000,0.000,-0.040,4,19.435,0.218,0.975,"Ground_Mountain_1_1:(-0.221, 0.975, -0.025);Ground_Mountain_1_1:(-0.221, 0.975, -0.025);Ground_Mountain_1_1:(-0.221, 0.975, -0.025);Ground_Mountain_1_1:(-0.221, 0.975, -0.025);Ground_Mountain_1_1:(-0.221, 0.975, -0.025);Ground_Mountain_1_1:(-0.221, 0.975, -0.025);Ground_Mountain_1_1:(-0.205, 0.979, -0.025);"
1.440,243.518,908.251,115.860,-79.379,23.906,-23.295,-4.986,-2.012,0.072,0.000,-0.041,4,17.848,0.087,0.975,"Ground_Mountain_1_1:(-0.209, 0.978, -0.025);Ground_Mountain_1_1:(-0.209, 0.978, -0.025);Ground_Mountain_1_1:(-0.209, 0.978, -0.025);Ground_Mountain_1_1:(-0.209, 0.978, -0.025);Ground_Mountain_1_1:(-0.209, 0.978, -0.025);Ground_Mountain_1_1:(-0.209, 0.978, -0.025);"
1.460,243.041,907.788,115.763,-79.419,23.735,-23.159,-4.812,-2.013,0.047,0.000,-0.042,4,16.667,0.059,0.975,"Ground_Mountain_1_1:(-0.209, 0.978, -0.025);Ground_Mountain_1_1:(-0.209, 0.978, -0.025);Ground_Mountain_1_1:(-0.209, 0.978, -0.025);Ground_Mountain_1_1:(-0.209, 0.978, -0.025);Ground_Mountain_1_1:(-0.209, 0.978, -0.025);Ground_Mountain_1_1:(-0.209, 0.978, -0.025);"
1.480,242.566,907.323,115.669,-79.460,23.798,-23.243,-4.713,-2.043,0.133,0.000,-0.043,4,15.363,0.058,0.976,"Ground_Mountain_1_1:(-0.209, 0.978, -0.025);Ground_Mountain_1_1:(-0.209, 0.978, -0.025);Ground_Mountain_1_1:(-0.209, 0.978, -0.025);Ground_Mountain_1_1:(-0.209, 0.978, -0.025);Ground_Mountain_1_1:(-0.209, 0.978, -0.025);Ground_Mountain_1_1:(-0.209, 0.978, -0.025);"
1.500,242.091,906.857,115.577,-79.501,23.854,-23.314,-4.636,-2.082,0.101,0.000,-0.043,4,14.119,0.079,0.976,"Ground_Mountain_1_1:(-0.209, 0.978, -0.025);Ground_Mountain_1_1:(-0.209, 0.978, -0.025);Ground_Mountain_1_1:(-0.209, 0.978, -0.025);Ground_Mountain_1_1:(-0.209, 0.978, -0.025);Ground_Mountain_1_1:(-0.209, 0.978, -0.025);Ground_Mountain_1_1:(-0.209, 0.978, -0.025);Ground_Mountain_1_1:(-0.191, 0.981, -0.024);"
1.520,241.611,906.390,115.485,-79.544,23.903,-23.373,-4.579,-2.129,0.073,0.000,-0.043,4,13.082,0.061,0.976,"Ground_Mountain_1_1:(-0.200, 0.980, -0.025);Ground_Mountain_1_1:(-0.200, 0.980, -0.025);Ground_Mountain_1_1:(-0.200, 0.980, -0.025);Ground_Mountain_1_1:(-0.200, 0.980, -0.025);Ground_Mountain_1_1:(-0.200, 0.980, -0.025);Ground_Mountain_1_1:(-0.200, 0.980, -0.025);"
1.540,241.133,905.926,115.395,-79.587,23.732,-23.213,-4.491,-2.163,0.049,0.000,-0.043,4,12.380,0.102,0.976,"Ground_Mountain_1_1:(-0.196, 0.980, -0.025);Ground_Mountain_1_1:(-0.196, 0.980, -0.025);Ground_Mountain_1_1:(-0.196, 0.980, -0.025);Ground_Mountain_1_1:(-0.196, 0.980, -0.025);Ground_Mountain_1_1:(-0.196, 0.980, -0.025);Ground_Mountain_1_1:(-0.196, 0.980, -0.025);"
1.560,240.659,905.461,115.306,-79.632,23.794,-23.278,-4.460,-2.228,0.134,0.000,-0.043,4,11.857,0.058,0.977,"Ground_Mountain_1_1:(-0.196, 0.980, -0.025);Ground_Mountain_1_1:(-0.196, 0.980, -0.025);Ground_Mountain_1_1:(-0.196, 0.980, -0.025);Ground_Mountain_1_1:(-0.196, 0.980, -0.025);Ground_Mountain_1_1:(-0.196, 0.980, -0.025);Ground_Mountain_1_1:(-0.196, 0.980, -0.025);"
1.580,240.183,904.995,115.217,-79.678,23.849,-23.332,-4.437,-2.300,0.103,0.000,-0.043,4,11.363,0.093,0.977,"Ground_Mountain_1_1:(-0.196, 0.980, -0.025);Ground_Mountain_1_1:(-0.196, 0.980, -0.025);Ground_Mountain_1_1:(-0.196, 0.980, -0.025);Ground_Mountain_1_1:(-0.196, 0.980, -0.025);Ground_Mountain_1_1:(-0.196, 0.980, -0.025);Ground_Mountain_1_1:(-0.196, 0.980, -0.025);"
1.600,239.703,904.527,115.129,-79.725,23.898,-23.377,-4.420,-2.378,0.075,0.000,-0.043,4,10.992,0.075,0.977,"Ground_Mountain_1_1:(-0.194, 0.981, -0.024);Ground_Mountain_1_1:(-0.194, 0.981, -0.024);Ground_Mountain_1_1:(-0.194, 0.981, -0.024);Ground_Mountain_1_1:(-0.194, 0.981, -0.024);Ground_Mountain_1_1:(-0.194, 0.981, -0.024);Ground_Mountain_1_1:(-0.194, 0.981, -0.024);"
1.620,239.225,904.060,115.041,-79.774,23.941,-23.416,-4.404,-2.461,0.051,0.000,-0.043,4,10.910,0.074,0.978,"Ground_Mountain_1_1:(-0.184, 0.983, -0.024);Ground_Mountain_1_1:(-0.184, 0.983, -0.024);Ground_Mountain_1_1:(-0.184, 0.983, -0.024);Ground_Mountain_1_1:(-0.184, 0.983, -0.024);Ground_Mountain_1_1:(-0.184, 0.983, -0.024);Ground_Mountain_1_1:(-0.184, 0.983, -0.024);"
1.640,238.747,903.595,114.954,-79.825,23.764,-23.238,-4.345,-2.523,0.029,0.000,-0.043,4,10.948,0.129,0.978,"Ground_Mountain_1_1:(-0.184, 0.983, -0.024);Ground_Mountain_1_1:(-0.184, 0.983, -0.024);Ground_Mountain_1_1:(-0.184, 0.983, -0.024);Ground_Mountain_1_1:(-0.184, 0.983, -0.024);Ground_Mountain_1_1:(-0.184, 0.983, -0.024);Ground_Mountain_1_1:(-0.184, 0.983, -0.024);"
1.660,238.272,903.130,114.868,-79.877,23.821,-23.289,-4.329,-2.617,0.118,0.000,-0.043,4,11.012,0.202,0.978,"Ground_Mountain_1_1:(-0.184, 0.983, -0.024);Ground_Mountain_1_1:(-0.184, 0.983, -0.024);Ground_Mountain_1_1:(-0.184, 0.983, -0.024);Ground_Mountain_1_1:(-0.184, 0.983, -0.024);Ground_Mountain_1_1:(-0.184, 0.983, -0.024);Ground_Mountain_1_1:(-0.184, 0.983, -0.024);"
1.680,237.795,902.664,114.782,-79.931,23.871,-23.332,-4.312,-2.713,0.090,0.000,-0.042,4,11.011,0.227,0.979,"Ground_Mountain_1_1:(-0.184, 0.983, -0.024);Ground_Mountain_1_1:(-0.184, 0.983, -0.024);Ground_Mountain_1_1:(-0.184, 0.983, -0.024);Ground_Mountain_1_1:(-0.184, 0.983, -0.024);Ground_Mountain_1_1:(-0.184, 0.983, -0.024);Ground_Mountain_1_1:(-0.184, 0.983, -0.024);"
1.700,237.318,902.197,114.696,-79.987,23.916,-23.370,-4.291,-2.812,0.064,0.000,-0.042,4,11.160,0.225,0.979,"Ground_Mountain_1_1:(-0.179, 0.984, -0.025);Ground_Mountain_1_1:(-0.179, 0.984, -0.025);Ground_Mountain_1_1:(-0.179, 0.984, -0.025);Ground_Mountain_1_1:(-0.179, 0.984, -0.025);Ground_Mountain_1_1:(-0.179, 0.984, -0.025);Ground_Mountain_1_1:(-0.179, 0.984, -0.025);"
1.720,236.840,901.734,114.612,-80.045,23.739,-23.192,-4.226,-2.884,0.042,0.000,-0.042,4,11.296,0.292,0.980,"Ground_Mountain_1_1:(-0.179, 0.984, -0.025);Ground_Mountain_1_1:(-0.179, 0.984, -0.025);Ground_Mountain_1_1:(-0.179, 0.984, -0.025);Ground_Mountain_1_1:(-0.179, 0.984, -0.025);Ground_Mountain_1_1:(-0.179, 0.984, -0.025);Ground_Mountain_1_1:(-0.179, 0.984, -0.025);"
1.740,236.366,901.270,114.528,-80.105,23.797,-23.242,-4.203,-2.989,0.130,0.000,-0.042,4,11.403,0.333,0.980,"Ground_Mountain_1_1:(-0.179, 0.984, -0.025);Ground_Mountain_1_1:(-0.179, 0.984, -0.025);Ground_Mountain_1_1:(-0.179, 0.984, -0.025);Ground_Mountain_1_1:(-0.179, 0.984, -0.025);Ground_Mountain_1_1:(-0.179, 0.984, -0.025);Ground_Mountain_1_1:(-0.179, 0.984, -0.025);"
1.760,235.894,900.805,114.444,-80.167,23.848,-23.284,-4.177,-3.095,0.101,0.000,-0.041,4,11.401,0.358,0.981,"Ground_Mountain_1_1:(-0.179, 0.983, -0.025);Ground_Mountain_1_1:(-0.179, 0.983, -0.025);Ground_Mountain_1_1:(-0.179, 0.983, -0.025);Ground_Mountain_1_1:(-0.179, 0.983, -0.025);Ground_Mountain_1_1:(-0.179, 0.983, -0.025);Ground_Mountain_1_1:(-0.179, 0.983, -0.025);"
1.780,235.417,900.339,114.361,-80.231,23.893,-23.320,-4.152,-3.201,0.076,0.000,-0.041,4,11.358,0.370,0.981,"Ground_Mountain_0_1:(-0.178, 0.984, -0.026);Ground_Mountain_0_1:(-0.178, 0.984, -0.026);Ground_Mountain_0_1:(-0.178, 0.984, -0.026);Ground_Mountain_0_1:(-0.178, 0.984, -0.026);Ground_Mountain_0_1:(-0.178, 0.984, -0.026);Ground_Mountain_0_1:(-0.178, 0.984, -0.026);Ground_Mountain_1_1:(-0.182, 0.983, -0.025);Ground_Mountain_1_1:(-0.182, 0.983, -0.025);Ground_Mountain_1_1:(-0.182, 0.983, -0.025);Ground_Mountain_1_1:(-0.182, 0.983, -0.025);Ground_Mountain_1_1:(-0.182, 0.983, -0.025);Ground_Mountain_1_1:(-0.182, 0.983, -0.025);"
1.800,234.940,899.873,114.279,-80.297,23.932,-23.349,-4.127,-3.307,0.054,0.000,-0.040,4,11.268,0.364,0.981,"Ground_Mountain_1_1:(-0.183, 0.983, -0.024);Ground_Mountain_1_1:(-0.183, 0.983, -0.024);Ground_Mountain_1_1:(-0.183, 0.983, -0.024);Ground_Mountain_1_1:(-0.183, 0.983, -0.024);Ground_Mountain_1_1:(-0.183, 0.983, -0.024);Ground_Mountain_1_1:(-0.183, 0.983, -0.024);Ground_Mountain_0_1:(-0.178, 0.984, -0.026);Ground_Mountain_0_1:(-0.178, 0.984, -0.026);Ground_Mountain_0_1:(-0.178, 0.984, -0.026);Ground_Mountain_0_1:(-0.178, 0.984, -0.026);Ground_Mountain_0_1:(-0.178, 0.984, -0.026);Ground_Mountain_0_1:(-0.178, 0.984, -0.026);"
1.820,234.462,899.410,114.198,-80.364,23.751,-23.164,-4.066,-3.380,0.034,0.000,-0.040,4,11.128,0.358,0.982,"Ground_Mountain_1_1:(-0.183, 0.983, -0.024);Ground_Mountain_1_1:(-0.183, 0.983, -0.024);Ground_Mountain_1_1:(-0.183, 0.983, -0.024);Ground_Mountain_1_1:(-0.183, 0.983, -0.024);Ground_Mountain_1_1:(-0.183, 0.983, -0.024);Ground_Mountain_1_1:(-0.183, 0.983, -0.024);Ground_Mountain_0_1:(-0.178, 0.984, -0.026);Ground_Mountain_0_1:(-0.178, 0.984, -0.026);Ground_Mountain_0_1:(-0.178, 0.984, -0.026);Ground_Mountain_0_1:(-0.178, 0.984, -0.026);Ground_Mountain_0_1:(-0.178, 0.984, -0.026);Ground_Mountain_0_1:(-0.178, 0.984, -0.026);"
1.840,233.991,898.946,114.117,-80.434,23.805,-23.206,-4.049,-3.489,0.124,0.000,-0.040,4,10.961,0.350,0.982,"Ground_Mountain_1_1:(-0.182, 0.983, -0.024);Ground_Mountain_1_1:(-0.182, 0.983, -0.024);Ground_Mountain_1_1:(-0.182, 0.983, -0.024);Ground_Mountain_1_1:(-0.182, 0.983, -0.024);Ground_Mountain_1_1:(-0.182, 0.983, -0.024);Ground_Mountain_1_1:(-0.182, 0.983, -0.024);Ground_Mountain_0_1:(-0.179, 0.984, -0.026);Ground_Mountain_0_1:(-0.179, 0.984, -0.026);Ground_Mountain_0_1:(-0.179, 0.984, -0.026);Ground_Mountain_0_1:(-0.179, 0.984, -0.026);Ground_Mountain_0_1:(-0.179, 0.984, -0.026);Ground_Mountain_0_1:(-0.179, 0.984, -0.026);"
1.860,233.515,898.482,114.036,-80.506,23.853,-23.240,-4.037,-3.597,0.097,0.000,-0.039,4,10.706,0.344,0.982,"Ground_Mountain_1_1:(-0.182, 0.983, -0.024);Ground_Mountain_1_1:(-0.182, 0.983, -0.024);Ground_Mountain_1_1:(-0.182, 0.983, -0.024);Ground_Mountain_1_1:(-0.182, 0.983, -0.024);Ground_Mountain_1_1:(-0.182, 0.983, -0.024);Ground_Mountain_1_1:(-0.182, 0.983, -0.024);Ground_Mountain_0_1:(-0.182, 0.983, -0.026);Ground_Mountain_0_1:(-0.182, 0.983, -0.026);Ground_Mountain_0_1:(-0.182, 0.983, -0.026);Ground_Mountain_0_1:(-0.182, 0.983, -0.026);Ground_Mountain_0_1:(-0.182, 0.983, -0.026);Ground_Mountain_0_1:(-0.182, 0.983, -0.026);"
1.880,233.038,898.017,113.956,-80.580,23.895,-23.268,-4.029,-3.705,0.074,0.000,-0.039,4,10.440,0.305,0.983,"Ground_Mountain_0_1:(-0.180, 0.983, -0.026);Ground_Mountain_0_1:(-0.180, 0.983, -0.026);Ground_Mountain_0_1:(-0.180, 0.983, -0.026);Ground_Mountain_0_1:(-0.180, 0.983, -0.026);Ground_Mountain_0_1:(-0.180, 0.983, -0.026);Ground_Mountain_0_1:(-0.180, 0.983, -0.026);"
1.900,232.560,897.551,113.875,-80.656,23.932,-23.289,-4.025,-3.811,0.053,0.000,-0.038,4,10.174,0.276,0.983,"Ground_Mountain_0_1:(-0.180, 0.983, -0.025);Ground_Mountain_0_1:(-0.180, 0.983, -0.025);Ground_Mountain_0_1:(-0.180, 0.983, -0.025);Ground_Mountain_0_1:(-0.180, 0.983, -0.025);Ground_Mountain_0_1:(-0.180, 0.983, -0.025);Ground_Mountain_0_1:(-0.180, 0.983, -0.025);"
1.920,232.086,897.090,113.796,-80.734,23.749,-23.097,-3.987,-3.877,0.034,0.000,-0.037,4,9.904,0.242,0.983,"Ground_Mountain_0_1:(-0.179, 0.983, -0.025);Ground_Mountain_0_1:(-0.179, 0.983, -0.025);Ground_Mountain_0_1:(-0.179, 0.983, -0.025);Ground_Mountain_0_1:(-0.179, 0.983, -0.025);Ground_Mountain_0_1:(-0.179, 0.983, -0.025);Ground_Mountain_0_1:(-0.179, 0.983, -0.025);"
1.940,231.611,896.627,113.716,-80.814,23.802,-23.131,-3.996,-3.985,0.125,0.000,-0.037,4,9.659,0.197,0.983,"Ground_Mountain_0_1:(-0.179, 0.984, -0.026);Ground_Mountain_0_1:(-0.179, 0.984, -0.026);Ground_Mountain_0_1:(-0.179, 0.984, -0.026);Ground_Mountain_0_1:(-0.179, 0.984, -0.026);Ground_Mountain_0_1:(-0.179, 0.984, -0.026);Ground_Mountain_0_1:(-0.179, 0.984, -0.026);"
1.960,231.135,896.164,113.636,-80.896,23.849,-23.158,-4.003,-4.091,0.099,0.000,-0.036,4,9.665,0.556,0.983,"Ground_Mountain_0_1:(-0.152, 0.988, -0.026);Ground_Mountain_0_1:(-0.152, 0.988, -0.026);Ground_Mountain_0_1:(-0.152, 0.988, -0.026);Ground_Mountain_0_1:(-0.152, 0.988, -0.026);Ground_Mountain_0_1:(-0.152, 0.988, -0.026);Ground_Mountain_0_1:(-0.152, 0.988, -0.026);"
1.980,230.659,895.702,113.558,-80.979,23.882,-23.193,-3.887,-4.197,0.076,0.000,-0.036,4,10.672,0.456,0.984,"Ground_Mountain_0_1:(-0.083, 0.997, -0.007);Ground_Mountain_0_1:(-0.083, 0.997, -0.007);Ground_Mountain_0_1:(-0.083, 0.997, -0.007);Ground_Mountain_0_1:(-0.083, 0.997, -0.007);Ground_Mountain_0_1:(-0.083, 0.997, -0.007);Ground_Mountain_0_1:(-0.083, 0.997, -0.007);Ground_Mountain_0_1:(-0.178, 0.984, -0.026);Ground_Mountain_0_1:(-0.178, 0.984, -0.026);Ground_Mountain_0_1:(-0.178, 0.984, -0.026);Ground_Mountain_0_1:(-0.178, 0.984, -0.026);Ground_Mountain_0_1:(-0.178, 0.984, -0.026);Ground_Mountain_0_1:(-0.178, 0.984, -0.026);"
2.000,230.144,895.245,113.494,-81.056,23.801,-23.183,-3.402,-4.203,0.059,0.000,-0.035,4,11.694,0.373,0.988,"Ground_Mountain_0_1:(-0.083, 0.997, -0.007);Ground_Mountain_0_1:(-0.083, 0.997, -0.007);Ground_Mountain_0_1:(-0.083, 0.997, -0.007);Ground_Mountain_0_1:(-0.083, 0.997, -0.007);Ground_Mountain_0_1:(-0.083, 0.997, -0.007);Ground_Mountain_0_1:(-0.083, 0.997, -0.007);Ground_Mountain_0_1:(-0.177, 0.984, -0.025);Ground_Mountain_0_1:(-0.177, 0.984, -0.025);Ground_Mountain_0_1:(-0.177, 0.984, -0.025);Ground_Mountain_0_1:(-0.177, 0.984, -0.025);Ground_Mountain_0_1:(-0.177, 0.984, -0.025);Ground_Mountain_0_1:(-0.177, 0.984, -0.025);"
2.020,229.676,894.791,113.438,-81.138,23.799,-23.205,-3.169,-4.270,0.100,0.000,-0.041,4,13.838,7.316,0.993,"Ground_Mountain_0_1:(-0.073, 0.997, 0.002);Ground_Mountain_0_1:(-0.073, 0.997, 0.002);Ground_Mountain_0_1:(-0.073, 0.997, 0.002);Ground_Mountain_0_1:(-0.073, 0.997, 0.002);Ground_Mountain_0_1:(-0.073, 0.997, 0.002);Ground_Mountain_0_1:(-0.073, 0.997, 0.002);Ground_Mountain_0_1:(-0.177, 0.984, -0.025);Ground_Mountain_0_1:(-0.177, 0.984, -0.025);Ground_Mountain_0_1:(-0.177, 0.984, -0.025);Ground_Mountain_0_1:(-0.177, 0.984, -0.025);"
2.040,229.212,894.406,113.486,-81.214,22.074,-21.702,1.083,-3.958,0.101,0.000,-0.043,4,19.939,6.001,1.000,"Ground_Mountain_0_1:(0.231, 0.973, 0.029);Ground_Mountain_0_1:(0.231, 0.973, 0.029);Ground_Mountain_0_1:(0.231, 0.973, 0.029);Ground_Mountain_0_1:(0.231, 0.973, 0.029);Ground_Mountain_0_1:(-0.073, 0.997, 0.002);Ground_Mountain_0_1:(-0.073, 0.997, 0.002);Ground_Mountain_0_1:(-0.073, 0.997, 0.002);Ground_Mountain_0_1:(-0.073, 0.997, 0.002);Ground_Mountain_0_1:(-0.073, 0.997, 0.002);Ground_Mountain_0_1:(-0.073, 0.997, 0.002);Ground_Mountain_0_1:(-0.177, 0.984, -0.025);Ground_Mountain_0_1:(-0.177, 0.984, -0.025);Ground_Mountain_0_1:(-0.177, 0.984, -0.025);Ground_Mountain_0_1:(0.014, 0.999, 0.044);Ground_Mountain_0_1:(0.286, 0.957, 0.043);"
2.060,228.826,893.993,113.520,-81.295,22.269,-21.843,1.566,-4.138,0.963,0.000,-0.033,4,22.500,31.536,0.994,"Ground_Mountain_0_1:(0.240, 0.970, 0.038);Ground_Mountain_0_1:(0.240, 0.970, 0.038);Ground_Mountain_0_1:(0.240, 0.970, 0.038);Ground_Mountain_0_1:(0.240, 0.970, 0.038);Ground_Mountain_0_1:(0.240, 0.970, 0.038);Ground_Mountain_0_1:(0.240, 0.970, 0.038);Ground_Mountain_0_1:(-0.073, 0.997, 0.002);Ground_Mountain_0_1:(-0.073, 0.997, 0.002);Ground_Mountain_0_1:(-0.073, 0.997, 0.002);Ground_Mountain_0_1:(-0.073, 0.997, 0.002);Ground_Mountain_0_1:(-0.073, 0.997, 0.002);Ground_Mountain_0_1:(-0.073, 0.997, 0.002);"
2.080,228.225,893.580,113.567,-81.371,22.242,-21.821,2.195,-4.183,0.865,0.000,-0.031,4,22.500,23.583,0.983,"Ground_Mountain_0_1:(0.258, 0.964, 0.058);Ground_Mountain_0_1:(0.258, 0.964, 0.058);Ground_Mountain_0_1:(0.258, 0.964, 0.058);Ground_Mountain_0_1:(0.258, 0.964, 0.058);Ground_Mountain_0_1:(0.258, 0.964, 0.058);Ground_Mountain_0_1:(0.258, 0.964, 0.058);Ground_Mountain_0_1:(-0.064, 0.998, 0.011);Ground_Mountain_0_1:(-0.064, 0.998, 0.011);Ground_Mountain_0_1:(-0.064, 0.998, 0.011);Ground_Mountain_0_1:(-0.064, 0.998, 0.011);Ground_Mountain_0_1:(-0.064, 0.998, 0.011);Ground_Mountain_0_1:(-0.064, 0.998, 0.011);"
2.100,227.807,893.163,113.620,-81.449,22.221,-21.847,2.667,-4.256,0.879,0.000,-0.034,4,27.630,22.027,0.969,"Ground_Mountain_0_1:(0.258, 0.964, 0.058);Ground_Mountain_0_1:(0.258, 0.964, 0.058);Ground_Mountain_0_1:(0.258, 0.964, 0.058);Ground_Mountain_0_1:(0.258, 0.964, 0.058);Ground_Mountain_0_1:(0.258, 0.964, 0.058);Ground_Mountain_0_1:(0.258, 0.964, 0.058);Ground_Mountain_0_1:(-0.046, 0.998, 0.029);Ground_Mountain_0_1:(-0.046, 0.998, 0.029);Ground_Mountain_0_1:(-0.046, 0.998, 0.029);Ground_Mountain_0_1:(-0.046, 0.998, 0.029);"
2.120,227.381,892.788,113.750,-81.539,21.205,-19.770,6.498,-4.068,0.889,0.000,-0.036,4,34.258,17.477,0.952,"Ground_Mountain_0_1:(0.430, 0.899, 0.082);Ground_Mountain_0_1:(0.430, 0.899, 0.082);Ground_Mountain_0_1:(0.430, 0.899, 0.082);Ground_Mountain_0_1:(0.267, 0.962, 0.053);Ground_Mountain_0_1:(0.267, 0.962, 0.053);Ground_Mountain_0_1:(0.267, 0.962, 0.053);Ground_Mountain_0_1:(0.267, 0.962, 0.053);Ground_Mountain_0_1:(0.267, 0.962, 0.053);Ground_Mountain_0_1:(0.267, 0.962, 0.053);Ground_Mountain_0_1:(-0.046, 0.998, 0.029);Ground_Mountain_0_1:(-0.046, 0.998, 0.029);Ground_Mountain_0_1:(-0.046, 0.998, 0.029);Ground_Mountain_0_1:(-0.046, 0.998, 0.029);"
2.140,226.977,892.416,113.899,-81.616,21.155,-19.368,7.496,-4.028,1.000,0.000,-0.042,4,17.556,19.543,0.937,"Ground_Mountain_0_1:(0.442, 0.893, 0.089);Ground_Mountain_0_1:(0.442, 0.893, 0.089);Ground_Mountain_0_1:(0.442, 0.893, 0.089);Ground_Mountain_0_1:(0.442, 0.893, 0.089);Ground_Mountain_0_1:(0.442, 0.893, 0.089);Ground_Mountain_0_1:(0.442, 0.893, 0.089);Ground_Mountain_0_1:(0.265, 0.963, 0.058);Ground_Mountain_0_1:(0.265, 0.963, 0.058);Ground_Mountain_0_1:(0.265, 0.963, 0.058);Ground_Mountain_0_1:(0.265, 0.963, 0.058);Ground_Mountain_0_1:(0.265, 0.963, 0.058);Ground_Mountain_0_1:(0.265, 0.963, 0.058);"
2.160,226.477,892.038,114.053,-81.694,21.274,-19.369,7.826,-4.036,1.000,0.000,-0.047,4,16.401,12.468,0.923,"Ground_Mountain_0_1:(0.442, 0.893, 0.089);Ground_Mountain_0_1:(0.442, 0.893, 0.089);Ground_Mountain_0_1:(0.442, 0.893, 0.089);Ground_Mountain_0_1:(0.442, 0.893, 0.089);Ground_Mountain_0_1:(0.442, 0.893, 0.089);Ground_Mountain_0_1:(0.442, 0.893, 0.089);Ground_Mountain_0_1:(0.274, 0.959, 0.067);Ground_Mountain_0_1:(0.274, 0.959, 0.067);Ground_Mountain_0_1:(0.274, 0.959, 0.067);Ground_Mountain_0_1:(0.274, 0.959, 0.067);Ground_Mountain_0_1:(0.274, 0.959, 0.067);Ground_Mountain_0_1:(0.274, 0.959, 0.067);"
2.180,226.063,891.658,114.213,-81.771,21.395,-19.381,8.146,-4.033,1.000,0.000,-0.052,4,20.390,10.569,0.912,"Ground_Mountain_0_1:(0.292, 0.953, 0.079);Ground_Mountain_0_1:(0.292, 0.953, 0.079);Ground_Mountain_0_1:(0.292, 0.953, 0.079);Ground_Mountain_0_1:(0.292, 0.953, 0.079);Ground_Mountain_0_1:(0.292, 0.953, 0.079);Ground_Mountain_0_1:(0.292, 0.953, 0.079);Ground_Mountain_0_1:(0.442, 0.893, 0.089);Ground_Mountain_0_1:(0.442, 0.893, 0.089);Ground_Mountain_0_1:(0.442, 0.893, 0.089);Ground_Mountain_0_1:(0.442, 0.893, 0.089);Ground_Mountain_0_1:(0.442, 0.893, 0.089);Ground_Mountain_0_1:(0.442, 0.893, 0.089);"
2.200,225.644,891.277,114.380,-81.850,21.514,-19.377,8.482,-4.035,1.000,0.000,-0.056,4,22.976,9.467,0.901,"Ground_Mountain_0_1:(0.442, 0.893, 0.089);Ground_Mountain_0_1:(0.442, 0.893, 0.089);Ground_Mountain_0_1:(0.442, 0.893, 0.089);Ground_Mountain_0_1:(0.442, 0.893, 0.089);Ground_Mountain_0_1:(0.442, 0.893, 0.089);Ground_Mountain_0_1:(0.442, 0.893, 0.089);Ground_Mountain_0_1:(0.292, 0.953, 0.079);Ground_Mountain_0_1:(0.292, 0.953, 0.079);Ground_Mountain_0_1:(0.292, 0.953, 0.079);Ground_Mountain_0_1:(0.292, 0.953, 0.079);Ground_Mountain_0_1:(0.292, 0.953, 0.079);Ground_Mountain_0_1:(0.292, 0.953, 0.079);"
2.220,225.221,890.907,114.571,-81.924,21.406,-18.748,9.578,-3.874,1.000,0.000,-0.061,4,25.185,6.814,0.893,"Ground_Mountain_0_1:(0.450, 0.888, 0.095);Ground_Mountain_0_1:(0.450, 0.888, 0.095);Ground_Mountain_0_1:(0.450, 0.888, 0.095);Ground_Mountain_0_1:(0.450, 0.888, 0.095);Ground_Mountain_0_1:(0.450, 0.888, 0.095);Ground_Mountain_0_1:(0.450, 0.888, 0.095);Ground_Mountain_0_1:(0.292, 0.953, 0.079);Ground_Mountain_0_1:(0.292, 0.953, 0.079);Ground_Mountain_0_1:(0.292, 0.953, 0.079);Ground_Mountain_0_1:(0.292, 0.953, 0.079);Ground_Mountain_0_1:(0.292, 0.953, 0.079);Ground_Mountain_0_1:(0.292, 0.953, 0.079);Ground_Mountain_0_1:(0.479, 0.872, 0.102);"
2.240,224.798,890.535,114.765,-82.000,21.542,-18.776,9.818,-3.894,1.000,0.000,-0.064,4,18.485,5.231,0.886,"Ground_Mountain_0_1:(0.463, 0.881, 0.095);Ground_Mountain_0_1:(0.463, 0.881, 0.095);Ground_Mountain_0_1:(0.463, 0.881, 0.095);Ground_Mountain_0_1:(0.463, 0.881, 0.095);Ground_Mountain_0_1:(0.463, 0.881, 0.095);Ground_Mountain_0_1:(0.463, 0.881, 0.095);"
2.260,224.345,890.162,114.967,-82.077,21.661,-18.742,10.135,-3.905,1.000,0.000,-0.068,4,19.952,4.300,0.882,"Ground_Mountain_0_1:(0.463, 0.881, 0.095);Ground_Mountain_0_1:(0.463, 0.881, 0.095);Ground_Mountain_0_1:(0.463, 0.881, 0.095);Ground_Mountain_0_1:(0.463, 0.881, 0.095);Ground_Mountain_0_1:(0.463, 0.881, 0.095);Ground_Mountain_0_1:(0.463, 0.881, 0.095);"
2.280,223.914,889.788,115.174,-82.154,21.792,-18.753,10.384,-3.929,1.000,0.000,-0.070,4,19.273,2.913,0.879,"Ground_Mountain_0_1:(0.463, 0.881, 0.098);Ground_Mountain_0_1:(0.463, 0.881, 0.098);Ground_Mountain_0_1:(0.463, 0.881, 0.098);Ground_Mountain_0_1:(0.463, 0.881, 0.098);Ground_Mountain_0_1:(0.463, 0.881, 0.098);Ground_Mountain_0_1:(0.463, 0.881, 0.098);"
2.300,223.480,889.414,115.385,-82.232,21.921,-18.764,10.621,-3.963,1.000,0.000,-0.073,4,18.646,2.472,0.876,"Ground_Mountain_0_1:(0.463, 0.881, 0.098);Ground_Mountain_0_1:(0.463, 0.881, 0.098);Ground_Mountain_0_1:(0.463, 0.881, 0.098);Ground_Mountain_0_1:(0.463, 0.881, 0.098);Ground_Mountain_0_1:(0.463, 0.881, 0.098);Ground_Mountain_0_1:(0.463, 0.881, 0.098);"
2.320,223.043,889.039,115.602,-82.311,22.049,-18.776,10.845,-4.010,1.000,0.000,-0.075,4,17.786,1.833,0.874,"Ground_Mountain_0_1:(0.471, 0.876, 0.102);Ground_Mountain_0_1:(0.471, 0.876, 0.102);Ground_Mountain_0_1:(0.471, 0.876, 0.102);Ground_Mountain_0_1:(0.471, 0.876, 0.102);Ground_Mountain_0_1:(0.471, 0.876, 0.102);Ground_Mountain_0_1:(0.471, 0.876, 0.102);"
2.340,222.615,888.664,115.822,-82.392,22.168,-18.786,11.051,-4.070,0.976,0.000,-0.077,4,16.984,1.599,0.873,"Ground_Mountain_0_1:(0.454, 0.885, 0.103);Ground_Mountain_0_1:(0.454, 0.885, 0.103);Ground_Mountain_0_1:(0.454, 0.885, 0.103);Ground_Mountain_0_1:(0.454, 0.885, 0.103);Ground_Mountain_0_1:(0.454, 0.885, 0.103);Ground_Mountain_0_1:(0.454, 0.885, 0.103);"
2.360,222.173,888.289,116.046,-82.474,22.272,-18.800,11.212,-4.146,0.916,0.000,-0.078,4,15.271,1.905,0.872,"Ground_Mountain_0_1:(0.454, 0.885, 0.103);Ground_Mountain_0_1:(0.454, 0.885, 0.103);Ground_Mountain_0_1:(0.454, 0.885, 0.103);Ground_Mountain_0_1:(0.454, 0.885, 0.103);Ground_Mountain_0_1:(0.454, 0.885, 0.103);Ground_Mountain_0_1:(0.454, 0.885, 0.103);"
2.380,221.728,887.912,116.273,-82.558,22.363,-18.820,11.327,-4.238,0.864,0.000,-0.079,4,12.988,1.566,0.871,"Ground_Mountain_0_1:(0.454, 0.885, 0.104);Ground_Mountain_0_1:(0.454, 0.885, 0.104);Ground_Mountain_0_1:(0.454, 0.885, 0.104);Ground_Mountain_0_1:(0.454, 0.885, 0.104);Ground_Mountain_0_1:(0.454, 0.885, 0.104);Ground_Mountain_0_1:(0.454, 0.885, 0.104);"
2.400,221.281,887.535,116.501,-82.645,22.441,-18.848,11.397,-4.346,0.819,0.000,-0.080,4,10.706,1.165,0.872,"Ground_Mountain_0_1:(0.479, 0.872, 0.102);Ground_Mountain_0_1:(0.479, 0.872, 0.102);Ground_Mountain_0_1:(0.479, 0.872, 0.102);Ground_Mountain_0_1:(0.479, 0.872, 0.102);Ground_Mountain_0_1:(0.479, 0.872, 0.102);Ground_Mountain_0_1:(0.479, 0.872, 0.102);Ground_Mountain_0_1:(0.396, 0.913, 0.099);Ground_Mountain_0_1:(0.396, 0.913, 0.099);Ground_Mountain_0_1:(0.396, 0.913, 0.099);Ground_Mountain_0_1:(0.396, 0.913, 0.099);Ground_Mountain_0_1:(0.396, 0.913, 0.099);Ground_Mountain_0_1:(0.396, 0.913, 0.099);"
2.420,220.879,887.157,116.729,-82.734,22.509,-18.891,11.416,-4.471,0.780,0.000,-0.081,4,8.233,1.061,0.873,"Ground_Mountain_0_1:(0.479, 0.872, 0.102);Ground_Mountain_0_1:(0.479, 0.872, 0.102);Ground_Mountain_0_1:(0.479, 0.872, 0.102);Ground_Mountain_0_1:(0.479, 0.872, 0.102);Ground_Mountain_0_1:(0.479, 0.872, 0.102);Ground_Mountain_0_1:(0.479, 0.872, 0.102);Ground_Mountain_0_1:(0.393, 0.915, 0.095);Ground_Mountain_0_1:(0.393, 0.915, 0.095);Ground_Mountain_0_1:(0.393, 0.915, 0.095);Ground_Mountain_0_1:(0.393, 0.915, 0.095);Ground_Mountain_0_1:(0.393, 0.915, 0.095);Ground_Mountain_0_1:(0.393, 0.915, 0.095);"
2.440,220.439,886.794,116.971,-82.821,22.572,-18.959,11.364,-4.614,0.746,0.000,-0.082,4,4.651,1.056,0.855,"Ground_Mountain_0_1:(0.393, 0.915, 0.095);Ground_Mountain_0_1:(0.393, 0.915, 0.095);Ground_Mountain_0_1:(0.393, 0.915, 0.095);Ground_Mountain_0_1:(0.393, 0.915, 0.095);Ground_Mountain_0_1:(0.393, 0.915, 0.095);Ground_Mountain_0_1:(0.393, 0.915, 0.095);Ground_Mountain_0_1:(0.192, 0.977, 0.088);Ground_Mountain_0_1:(0.192, 0.977, 0.088);Ground_Mountain_0_1:(0.192, 0.977, 0.088);"
2.460,220.002,886.429,117.220,-82.912,22.606,-19.001,11.343,-4.735,0.714,0.000,-0.101,2,6.518,0.886,0.844,"Ground_Mountain_0_1:(0.393, 0.915, 0.095);Ground_Mountain_0_1:(0.393, 0.915, 0.095);Ground_Mountain_0_1:(0.393, 0.915, 0.095);Ground_Mountain_0_1:(0.393, 0.915, 0.095);Ground_Mountain_0_1:(0.393, 0.915, 0.095);Ground_Mountain_0_1:(0.393, 0.915, 0.095);Ground_Mountain_0_1:(0.192, 0.977, 0.088);Ground_Mountain_0_1:(0.192, 0.977, 0.088);Ground_Mountain_0_1:(0.192, 0.977, 0.088);"
2.480,219.561,886.046,117.447,-83.009,22.653,-19.041,11.313,-4.851,0.697,0.000,-0.118,2,6.430,0.819,0.849,"Ground_Mountain_0_1:(0.393, 0.915, 0.095);Ground_Mountain_0_1:(0.393, 0.915, 0.095);Ground_Mountain_0_1:(0.393, 0.915, 0.095);Ground_Mountain_0_1:(0.393, 0.915, 0.095);Ground_Mountain_0_1:(0.393, 0.915, 0.095);Ground_Mountain_0_1:(0.393, 0.915, 0.095);Ground_Mountain_0_1:(0.192, 0.977, 0.088);Ground_Mountain_0_1:(0.192, 0.977, 0.088);"
2.500,219.127,885.661,117.673,-83.109,22.695,-19.102,11.229,-4.993,0.673,0.000,-0.116,2,3.482,0.283,0.854,"Ground_Mountain_0_1:(0.389, 0.917, 0.091);Ground_Mountain_0_1:(0.389, 0.917, 0.091);Ground_Mountain_0_1:(0.389, 0.917, 0.091);Ground_Mountain_0_1:(0.389, 0.917, 0.091);Ground_Mountain_0_1:(0.389, 0.917, 0.091);Ground_Mountain_0_1:(0.389, 0.917, 0.091);Ground_Mountain_0_1:(0.192, 0.977, 0.088);Ground_Mountain_0_1:(0.192, 0.977, 0.088);"
2.520,218.857,885.277,117.896,-83.209,22.584,-19.094,11.028,-4.991,0.653,0.000,-0.113,0,0.000,0.686,0.860,"Ground_Mountain_0_1:(0.383, 0.920, 0.083);Ground_Mountain_0_1:(0.383, 0.920, 0.083);Ground_Mountain_0_1:(0.383, 0.920, 0.083);Ground_Mountain_0_1:(0.383, 0.920, 0.083);Ground_Mountain_0_1:(0.192, 0.977, 0.088);Ground_Mountain_0_1:(0.192, 0.977, 0.088);"
2.540,218.432,884.892,118.114,-83.309,22.474,-19.087,10.828,-4.989,0.708,0.000,-0.111,0,0.000,0.661,0.865,"Ground_Mountain_0_1:(0.192, 0.977, 0.088);"
2.560,218.007,884.508,118.328,-83.409,22.362,-19.079,10.627,-4.987,0.763,0.000,-0.109,0,0.000,0.637,0.871,"Ground_Mountain_0_1:(0.192, 0.977, 0.088);Ground_Mountain_0_1:(0.192, 0.977, 0.088);"
2.580,217.583,884.124,118.538,-83.509,22.250,-19.071,10.427,-4.985,0.819,0.000,-0.107,0,0.000,0.612,0.876,""
2.600,217.524,883.740,118.744,-83.609,22.138,-19.064,10.227,-4.983,0.875,0.000,-0.105,0,0.000,0.587,0.882,""
2.620,217.460,883.356,118.946,-83.709,22.025,-19.056,10.026,-4.981,0.931,0.000,-0.104,0,0.000,0.562,0.887,""
2.640,217.129,882.972,119.144,-83.809,21.912,-19.048,9.826,-4.979,0.988,0.000,-0.102,0,0.000,0.537,0.892,""
2.660,216.798,882.588,119.338,-83.909,21.798,-19.041,9.626,-4.977,1.000,0.000,-0.100,0,0.000,0.512,0.898,""
2.680,216.466,882.205,119.528,-84.009,21.684,-19.033,9.426,-4.975,1.000,0.000,-0.098,0,0.000,0.487,0.903,""
2.700,216.132,881.821,119.714,-84.109,21.569,-19.026,9.226,-4.973,1.000,0.000,-0.096,0,0.000,0.461,0.908,""
2.720,215.923,881.437,119.896,-84.209,21.455,-19.018,9.027,-4.971,1.000,0.000,-0.094,0,0.000,0.436,0.913,""
2.740,215.913,881.054,120.074,-84.309,21.340,-19.010,8.827,-4.969,1.000,0.000,-0.095,0,0.000,0.411,0.918,""
2.760,215.613,880.671,120.248,-84.409,21.225,-19.003,8.627,-4.967,1.000,0.000,-0.093,0,0.000,0.386,0.923,""
2.780,215.313,880.288,120.418,-84.509,21.110,-18.995,8.428,-4.965,1.000,0.000,-0.093,0,0.000,0.361,0.928,""
2.800,215.011,879.905,120.583,-84.609,20.994,-18.988,8.228,-4.963,1.000,0.000,-0.093,0,0.000,0.336,0.933,""
2.820,214.707,879.522,120.745,-84.709,20.879,-18.980,8.029,-4.961,1.000,0.000,-0.092,0,0.000,0.311,0.937,""
2.840,214.403,879.139,120.903,-84.809,20.764,-18.972,7.829,-4.959,1.000,0.000,-0.092,0,0.000,0.286,0.942,""
2.860,214.053,878.756,121.057,-84.909,20.649,-18.965,7.630,-4.957,1.000,0.000,-0.091,0,0.000,0.262,0.946,""
2.880,213.743,878.374,121.207,-85.008,20.534,-18.957,7.431,-4.955,1.000,0.000,-0.091,0,0.000,0.237,0.950,""
2.900,213.431,877.992,121.352,-85.108,20.419,-18.950,7.232,-4.953,1.000,0.000,-0.091,0,0.000,0.213,0.954,""
2.920,213.119,877.609,121.494,-85.208,20.305,-18.942,7.033,-4.951,1.000,0.000,-0.090,0,0.000,0.190,0.958,""
2.940,212.804,877.227,121.632,-85.308,20.191,-18.934,6.834,-4.949,1.000,0.000,-0.090,0,0.000,0.166,0.962,""
2.960,212.410,876.845,121.766,-85.408,20.078,-18.927,6.635,-4.947,1.000,0.000,-0.089,0,0.000,0.144,0.965,""
2.980,212.090,876.464,121.895,-85.508,19.965,-18.919,6.436,-4.945,1.000,0.000,-0.089,0,0.000,0.122,0.968,""
3.000,211.769,876.082,122.021,-85.608,19.852,-18.912,6.238,-4.943,1.000,0.000,-0.090,0,0.000,0.101,0.972,""
3.020,211.446,875.700,122.142,-85.708,19.740,-18.904,6.039,-4.942,1.000,0.000,-0.090,0,0.000,0.083,0.975,""
3.040,211.122,875.319,122.260,-85.807,19.629,-18.897,5.840,-4.940,1.000,0.000,-0.090,0,0.000,0.068,0.977,""
3.060,210.797,874.938,122.374,-85.907,19.519,-18.889,5.642,-4.938,1.000,0.000,-0.090,0,0.000,0.059,0.980,""
3.080,210.471,874.557,122.483,-86.007,19.409,-18.881,5.444,-4.936,1.000,0.000,-0.090,0,0.000,0.058,0.983,""
3.100,210.143,874.176,122.589,-86.107,19.301,-18.874,5.245,-4.934,1.000,0.000,-0.090,0,0.000,0.065,0.985,""
3.120,209.814,873.795,122.690,-86.206,19.193,-18.866,5.047,-4.932,1.000,0.000,-0.090,0,0.000,0.078,0.987,""
3.140,209.350,873.415,122.788,-86.306,19.087,-18.859,4.849,-4.930,1.000,0.000,-0.087,0,0.000,0.095,0.989,""
3.160,209.016,873.035,122.881,-86.406,18.981,-18.851,4.651,-4.928,1.000,0.000,-0.088,0,0.000,0.113,0.991,""
3.180,208.680,872.654,122.971,-86.506,18.877,-18.844,4.453,-4.926,1.000,0.000,-0.088,0,0.000,0.131,0.992,""
3.200,208.343,872.275,123.056,-86.605,18.774,-18.836,4.255,-4.924,1.000,0.000,-0.088,0,0.000,0.150,0.994,""
3.220,208.005,871.895,123.138,-86.705,18.673,-18.829,4.057,-4.922,1.000,0.000,-0.088,0,0.000,0.169,0.995,""
3.240,207.665,871.515,123.215,-86.804,18.572,-18.821,3.859,-4.920,1.000,0.000,-0.088,0,0.000,0.188,0.996,""
3.260,207.325,871.136,123.289,-86.904,18.473,-18.814,3.662,-4.918,1.000,0.000,-0.087,0,0.000,0.207,0.997,""
3.280,206.983,870.757,123.358,-87.003,18.376,-18.806,3.464,-4.916,1.000,0.000,-0.087,0,0.000,0.225,0.998,""
3.300,206.494,870.378,123.424,-87.103,18.280,-18.799,3.267,-4.914,1.000,0.000,-0.084,0,0.000,0.243,0.999,""
3.320,206.148,869.999,123.485,-87.202,18.186,-18.791,3.069,-4.912,1.000,0.000,-0.084,0,0.000,0.261,0.999,""
3.340,205.801,869.620,123.543,-87.302,18.093,-18.784,2.872,-4.910,1.000,0.000,-0.084,0,0.000,0.278,1.000,""
3.360,205.453,869.242,123.597,-87.401,18.002,-18.776,2.675,-4.908,1.000,0.000,-0.084,0,0.000,0.295,1.000,""
3.380,205.104,868.863,123.646,-87.500,17.913,-18.769,2.477,-4.906,1.000,0.000,-0.084,0,0.000,0.311,1.000,""
3.400,204.753,868.485,123.692,-87.600,17.825,-18.761,2.280,-4.904,1.000,0.000,-0.084,0,0.000,0.327,1.000,""
3.420,204.402,868.108,123.733,-87.699,17.739,-18.753,2.083,-4.902,1.000,0.000,-0.083,0,0.000,0.342,1.000,""
3.440,203.901,867.730,123.771,-87.798,17.655,-18.746,1.886,-4.900,1.000,0.000,-0.080,0,0.000,0.357,1.000,""
3.460,203.546,867.353,123.805,-87.897,17.573,-18.738,1.689,-4.898,1.000,0.000,-0.080,0,0.000,0.372,0.999,""
3.480,203.191,866.975,123.834,-87.996,17.492,-18.731,1.493,-4.896,1.000,0.000,-0.081,0,0.000,0.386,0.999,""
3.500,202.834,866.598,123.860,-88.096,17.413,-18.724,1.296,-4.894,1.000,0.000,-0.081,0,0.000,0.399,0.998,""
3.520,202.477,866.222,123.882,-88.195,17.337,-18.716,1.099,-4.892,1.000,0.000,-0.081,0,0.000,0.412,0.998,""
3.540,202.118,865.845,123.900,-88.294,17.262,-18.709,0.903,-4.890,1.000,0.000,-0.080,0,0.000,0.424,0.997,""
3.560,201.758,865.469,123.914,-88.392,17.189,-18.701,0.706,-4.888,1.000,0.000,-0.081,0,0.000,0.436,0.996,""
3.580,201.254,865.093,123.924,-88.491,17.117,-18.694,0.510,-4.886,1.000,0.000,-0.078,0,0.000,0.447,0.995,""
3.600,200.893,864.717,123.930,-88.590,17.048,-18.686,0.313,-4.885,1.000,0.000,-0.078,0,0.000,0.458,0.994,""
3.620,200.530,864.341,123.932,-88.689,16.981,-18.679,0.117,-4.883,1.000,0.000,-0.079,0,0.000,0.468,0.993,""
3.640,200.167,863.965,123.930,-88.788,16.915,-18.671,-0.079,-4.881,1.000,0.000,-0.079,0,0.000,0.478,0.992,""
3.660,199.803,863.590,123.924,-88.886,16.851,-18.664,-0.275,-4.879,1.000,0.000,-0.079,0,0.000,0.487,0.991,""
3.680,199.437,863.215,123.914,-88.985,16.789,-18.656,-0.471,-4.877,1.000,0.000,-0.080,0,0.000,0.496,0.990,""
3.700,199.071,862.840,123.901,-89.083,16.729,-18.649,-0.667,-4.875,1.000,0.000,-0.081,0,0.000,0.504,0.989,""
3.720,198.571,862.466,123.883,-89.182,16.670,-18.641,-0.863,-4.873,1.000,0.000,-0.079,0,0.000,0.512,0.988,""
3.740,198.204,862.091,123.862,-89.280,16.613,-18.634,-1.059,-4.871,1.000,0.000,-0.079,0,0.000,0.519,0.987,""
3.760,197.836,861.717,123.836,-89.379,16.558,-18.626,-1.254,-4.869,1.000,0.000,-0.080,0,0.000,0.525,0.986,""
3.780,197.468,861.343,123.807,-89.477,16.505,-18.619,-1.450,-4.867,1.000,0.000,-0.081,0,0.000,0.531,0.985,""
3.800,197.098,860.969,123.774,-89.575,16.453,-18.611,-1.645,-4.865,1.000,0.000,-0.082,0,0.000,0.537,0.984,""
3.820,196.728,860.596,123.737,-89.673,16.403,-18.604,-1.841,-4.863,1.000,0.000,-0.083,0,0.000,0.542,0.982,""
3.840,196.238,860.222,123.696,-89.772,16.354,-18.597,-2.036,-4.861,1.000,0.000,-0.081,0,0.000,0.546,0.981,""
3.860,195.868,859.849,123.651,-89.870,16.306,-18.589,-2.232,-4.859,1.000,0.000,-0.082,0,0.000,0.550,0.980,""
3.880,195.497,859.476,123.602,-89.968,16.260,-18.582,-2.427,-4.857,1.000,0.000,-0.083,0,0.000,0.554,0.979,""
3.900,195.125,859.104,123.549,-90.066,16.216,-18.574,-2.622,-4.855,1.000,0.000,-0.084,0,0.000,0.557,0.978,""
3.920,194.752,858.731,123.492,-90.163,16.172,-18.567,-2.817,-4.853,1.000,0.000,-0.086,0,0.000,0.559,0.977,""
3.940,194.379,858.359,123.432,-90.261,16.130,-18.559,-3.012,-4.851,1.000,0.000,-0.087,0,0.000,0.562,0.976,""
3.960,193.903,857.987,123.367,-90.359,16.089,-18.552,-3.207,-4.849,1.000,0.000,-0.086,0,0.000,0.563,0.975,""
3.980,193.531,857.615,123.299,-90.457,16.049,-18.545,-3.402,-4.848,1.000,0.000,-0.087,0,0.000,0.564,0.974,""
4.000,193.158,857.243,123.227,-90.554,16.010,-18.537,-3.597,-4.846,1.000,0.000,-0.089,0,0.000,0.565,0.973,""
4.020,192.784,856.872,123.151,-90.652,15.971,-18.530,-3.791,-4.844,1.000,0.000,-0.090,0,0.000,0.565,0.972,""
4.040,192.410,856.501,123.071,-90.749,15.934,-18.522,-3.986,-4.842,1.000,0.000,-0.092,0,0.000,0.565,0.971,""
4.060,192.035,856.130,122.987,-90.847,15.897,-18.515,-4.180,-4.840,1.000,0.000,-0.093,0,0.000,0.565,0.970,""
4.080,191.577,855.759,122.899,-90.944,15.862,-18.508,-4.375,-4.838,1.000,0.000,-0.093,0,0.000,0.564,0.969,""
4.100,191.204,855.388,122.808,-91.041,15.826,-18.500,-4.569,-4.836,1.000,0.000,-0.095,0,0.000,0.562,0.969,""
4.120,190.830,855.018,122.712,-91.139,15.791,-18.493,-4.764,-4.834,1.000,0.000,-0.096,0,0.000,0.560,0.968,""
4.140,190.455,854.648,122.613,-91.236,15.757,-18.485,-4.958,-4.832,1.000,0.000,-0.098,0,0.000,0.558,0.967,""
4.160,190.080,854.278,122.510,-91.333,15.723,-18.478,-5.152,-4.830,1.000,0.000,-0.100,0,0.000,0.556,0.967,""
4.180,189.705,853.908,122.403,-91.430,15.689,-18.471,-5.346,-4.828,1.000,0.000,-0.102,0,0.000,0.553,0.966,""
4.200,189.267,853.539,122.292,-91.527,15.655,-18.463,-5.540,-4.826,1.000,0.000,-0.102,0,0.000,0.549,0.966,""
4.220,188.894,853.169,122.177,-91.624,15.621,-18.456,-5.734,-4.824,1.000,0.000,-0.104,0,0.000,0.546,0.965,""
4.240,188.521,852.800,122.058,-91.720,15.587,-18.448,-5.928,-4.822,1.000,0.000,-0.106,0,0.000,0.542,0.965,""
4.260,188.146,852.431,121.936,-91.817,15.553,-18.441,-6.121,-4.820,1.000,0.000,-0.108,0,0.000,0.537,0.965,""
4.280,187.772,852.062,121.809,-91.914,15.519,-18.434,-6.315,-4.819,1.000,0.000,-0.110,0,0.000,0.533,0.965,""
4.300,187.396,851.694,121.679,-92.010,15.484,-18.426,-6.509,-4.817,1.000,0.000,-0.111,0,0.000,0.528,0.964,""
4.320,187.107,851.325,121.545,-92.107,15.449,-18.419,-6.702,-4.815,1.000,0.000,-0.115,0,0.000,0.522,0.964,""
4.340,186.734,850.957,121.407,-92.203,15.414,-18.412,-6.896,-4.813,1.000,0.000,-0.117,0,0.000,0.517,0.964,""
4.360,186.361,850.589,121.265,-92.300,15.378,-18.404,-7.089,-4.811,1.000,0.000,-0.119,0,0.000,0.511,0.964,""
4.380,185.987,850.221,121.120,-92.396,15.341,-18.397,-7.282,-4.809,1.000,0.000,-0.121,0,0.000,0.505,0.964,""
4.400,185.613,849.854,120.970,-92.492,15.304,-18.389,-7.476,-4.807,1.000,0.000,-0.123,0,0.000,0.498,0.964,""
4.420,185.238,849.487,120.817,-92.589,15.265,-18.382,-7.669,-4.805,1.000,0.000,-0.125,0,0.000,0.492,0.965,""
4.440,185.063,849.119,120.660,-92.685,15.226,-18.375,-7.862,-4.803,1.000,0.000,-0.132,0,0.000,0.485,0.965,""
4.460,184.690,848.752,120.499,-92.781,15.185,-18.367,-8.055,-4.801,1.000,0.000,-0.134,0,0.000,0.477,0.965,""
4.480,184.317,848.385,120.334,-92.877,15.144,-18.360,-8.248,-4.799,1.000,0.000,-0.136,0,0.000,0.470,0.965,""
4.500,183.944,848.019,120.165,-92.973,15.101,-18.353,-8.440,-4.797,1.000,0.000,-0.138,0,0.000,0.462,0.966,""
4.520,183.569,847.652,119.993,-93.069,15.057,-18.345,-8.633,-4.795,1.000,0.000,-0.141,0,0.000,0.454,0.966,""
4.540,183.195,847.286,119.816,-93.164,15.011,-18.338,-8.826,-4.794,1.000,0.000,-0.143,0,0.000,0.446,0.966,""
4.560,183.024,846.920,119.636,-93.260,14.965,-18.331,-9.018,-4.792,1.000,0.000,-0.150,0,0.000,0.438,0.967,""
4.580,182.651,846.554,119.452,-93.356,14.916,-18.323,-9.211,-4.790,1.000,0.000,-0.152,0,0.000,0.429,0.967,""
4.600,182.278,846.188,119.264,-93.451,14.866,-18.316,-9.403,-4.788,1.000,0.000,-0.154,0,0.000,0.421,0.968,""
4.620,181.904,845.823,119.072,-93.547,14.814,-18.309,-9.596,-4.786,1.000,0.000,-0.156,0,0.000,0.412,0.969,""
4.640,181.530,845.458,118.877,-93.642,14.761,-18.301,-9.788,-4.784,1.000,0.000,-0.158,0,0.000,0.403,0.969,""
4.660,181.155,845.092,118.677,-93.738,14.706,-18.294,-9.980,-4.782,1.000,0.000,-0.160,0,0.000,0.394,0.970,""
4.680,180.982,844.727,118.474,-93.833,14.648,-18.287,-10.172,-4.780,1.000,0.000,-0.167,0,0.000,0.384,0.971,""
4.700,180.612,844.363,118.267,-93.928,14.589,-18.279,-10.364,-4.778,1.000,0.000,-0.169,0,0.000,0.375,0.971,""
4.720,180.239,843.998,118.056,-94.023,14.528,-18.272,-10.556,-4.776,1.000,0.000,-0.170,0,0.000,0.365,0.972,""
4.740,179.865,843.633,117.841,-94.118,14.465,-18.265,-10.748,-4.774,1.000,0.000,-0.172,0,0.000,0.355,0.973,""
4.760,179.490,843.269,117.623,-94.214,14.400,-18.257,-10.940,-4.772,1.000,0.000,-0.174,0,0.000,0.346,0.973,""
4.780,179.115,842.905,117.400,-94.309,14.333,-18.250,-11.132,-4.771,1.000,0.000,-0.176,0,0.000,0.336,0.974,""
4.800,178.938,842.541,117.174,-94.403,14.264,-18.243,-11.323,-4.769,1.000,0.000,-0.182,0,0.000,0.326,0.975,""
4.820,178.565,842.177,116.944,-94.498,14.192,-18.236,-11.515,-4.767,1.000,0.000,-0.184,0,0.000,0.315,0.976,""
4.840,178.191,841.814,116.710,-94.593,14.118,-18.228,-11.707,-4.765,1.000,0.000,-0.185,0,0.000,0.305,0.977,""
4.860,177.816,841.450,116.472,-94.688,14.042,-18.221,-11.898,-4.763,1.000,0.000,-0.187,0,0.000,0.295,0.977,""
4.880,177.441,841.087,116.231,-94.783,13.964,-18.214,-12.089,-4.761,1.000,0.000,-0.188,0,0.000,0.285,0.978,""
4.900,177.066,840.724,115.985,-94.877,13.883,-18.206,-12.281,-4.759,1.000,0.000,-0.189,0,0.000,0.274,0.979,""
4.920,176.876,840.361,115.736,-94.972,13.800,-18.199,-12.472,-4.757,1.000,0.000,-0.195,0,0.000,0.264,0.980,""
4.940,176.502,839.998,115.483,-95.066,13.715,-18.192,-12.663,-4.755,1.000,0.000,-0.196,0,0.000,0.253,0.981,""
4.960,176.127,839.635,115.226,-95.161,13.627,-18.185,-12.854,-4.753,1.000,0.000,-0.197,0,0.000,0.243,0.982,""
4.980,175.752,839.273,114.966,-95.255,13.537,-18.177,-13.045,-4.752,1.000,0.000,-0.198,0,0.000,0.232,0.983,""
5.000,175.376,838.910,114.701,-95.349,13.444,-18.170,-13.236,-4.750,1.000,0.000,-0.199,0,0.000,0.222,0.983,""
5.020,175.017,838.548,114.433,-95.444,13.350,-18.163,-13.427,-4.748,1.000,0.000,-0.200,0,0.000,0.211,0.984,""
5.040,174.788,838.186,114.161,-95.538,13.253,-18.155,-13.618,-4.746,1.000,0.000,-0.205,0,0.000,0.201,0.985,""
5.060,174.412,837.824,113.885,-95.632,13.153,-18.148,-13.808,-4.744,1.000,0.000,-0.205,0,0.000,0.190,0.986,""
5.080,174.036,837.463,113.605,-95.726,13.051,-18.141,-13.999,-4.742,1.000,0.000,-0.205,0,0.000,0.180,0.987,""
5.100,173.659,837.101,113.321,-95.820,12.947,-18.134,-14.189,-4.740,1.000,0.000,-0.206,0,0.000,0.169,0.987,""
5.120,173.281,836.740,113.034,-95.914,12.841,-18.126,-14.380,-4.738,1.000,0.000,-0.206,0,0.000,0.159,0.988,""
5.140,173.041,836.378,112.743,-96.008,12.732,-18.119,-14.570,-4.736,1.000,0.000,-0.209,0,0.000,0.148,0.989,""
5.160,172.664,836.017,112.448,-96.102,12.621,-18.112,-14.760,-4.734,1.000,0.000,-0.210,0,0.000,0.138,0.990,""
5.180,172.286,835.656,112.149,-96.196,12.508,-18.105,-14.951,-4.733,1.000,0.000,-0.209,0,0.000,0.128,0.990,""
5.200,171.908,835.295,111.846,-96.290,12.393,-18.097,-15.141,-4.731,1.000,0.000,-0.209,0,0.000,0.118,0.991,""
5.220,171.529,834.935,111.540,-96.384,12.276,-18.090,-15.331,-4.729,1.000,0.000,-0.209,0,0.000,0.107,0.992,""
5.240,171.194,834.574,111.230,-96.477,12.156,-18.083,-15.521,-4.727,1.000,0.000,-0.210,0,0.000,0.097,0.992,""
5.260,170.870,834.214,110.916,-96.571,12.035,-18.076,-15.711,-4.725,1.000,0.000,-0.211,0,0.000,0.087,0.993,""
5.280,170.491,833.854,110.598,-96.665,11.911,-18.069,-15.901,-4.723,1.000,0.000,-0.210,0,0.000,0.077,0.993,""
5.300,170.110,833.494,110.276,-96.758,11.786,-18.061,-16.090,-4.721,1.000,0.000,-0.210,0,0.000,0.068,0.994,""
5.320,169.729,833.134,109.951,-96.852,11.659,-18.054,-16.280,-4.719,1.000,0.000,-0.209,0,0.000,0.058,0.994,""
5.340,169.348,832.774,109.621,-96.945,11.530,-18.047,-16.470,-4.717,1.000,0.000,-0.208,0,0.000,0.049,0.995,""
5.360,169.019,832.414,109.288,-97.039,11.399,-18.040,-16.659,-4.716,1.000,0.000,-0.208,0,0.000,0.039,0.995,""
5.380,168.637,832.054,108.952,-97.132,11.267,-18.032,-16.849,-4.714,1.000,0.000,-0.207,0,0.000,0.030,0.996,""
5.400,168.254,831.695,108.611,-97.225,11.133,-18.025,-17.038,-4.712,1.000,0.000,-0.206,0,0.000,0.021,0.996,""
5.420,167.871,831.336,108.267,-97.319,10.997,-18.018,-17.227,-4.710,1.000,0.000,-0.205,0,0.000,0.013,0.997,""
5.440,167.487,830.977,107.918,-97.412,10.860,-18.011,-17.417,-4.708,1.000,0.000,-0.204,0,0.000,0.008,0.997,""
5.460,167.101,830.618,107.566,-97.505,10.721,-18.004,-17.606,-4.706,1.000,0.000,-0.203,0,0.000,0.011,0.998,""
5.480,166.716,830.259,107.210,-97.598,10.582,-17.996,-17.795,-4.704,1.000,0.000,-0.202,0,0.000,0.018,0.998,""
5.500,166.329,829.900,106.851,-97.691,10.441,-17.989,-17.984,-4.702,1.000,0.000,-0.200,0,0.000,0.026,0.998,""
5.520,165.943,829.541,106.488,-97.785,10.298,-17.982,-18.173,-4.700,1.000,0.000,-0.199,0,0.000,0.034,0.998,""
5.540,165.490,829.183,106.120,-97.878,10.155,-17.975,-18.362,-4.699,1.000,0.000,-0.196,0,0.000,0.042,0.999,""
5.560,165.101,828.825,105.749,-97.971,10.011,-17.968,-18.550,-4.697,1.000,0.000,-0.195,0,0.000,0.050,0.999,""
5.580,164.711,828.466,105.375,-98.064,9.866,-17.960,-18.739,-4.695,1.000,0.000,-0.193,0,0.000,0.058,0.999,""
5.600,164.321,828.108,104.996,-98.157,9.719,-17.953,-18.928,-4.693,1.000,0.000,-0.192,0,0.000,0.066,0.999,""
5.620,163.930,827.750,104.614,-98.250,9.573,-17.946,-19.116,-4.691,1.000,0.000,-0.190,0,0.000,0.073,0.999,""
5.640,163.402,827.393,104.228,-98.343,9.425,-17.939,-19.305,-4.689,1.000,0.000,-0.186,0,0.000,0.081,1.000,""
5.660,163.009,827.035,103.838,-98.435,9.277,-17.932,-19.493,-4.687,1.000,0.000,-0.185,0,0.000,0.088,1.000,""
5.680,162.614,826.677,103.444,-98.528,9.128,-17.925,-19.681,-4.685,1.000,0.000,-0.183,0,0.000,0.095,1.000,""
5.700,162.219,826.320,103.047,-98.621,8.979,-17.917,-19.870,-4.684,1.000,0.000,-0.181,0,0.000,0.102,1.000,""
5.720,161.606,825.962,102.646,-98.714,8.830,-17.910,-20.058,-4.682,1.000,0.000,-0.176,0,0.000,0.109,1.000,""
5.740,161.207,825.605,102.241,-98.807,8.680,-17.903,-20.246,-4.680,1.000,0.000,-0.174,0,0.000,0.115,1.000,""
5.760,160.808,825.248,101.832,-98.899,8.531,-17.896,-20.434,-4.678,1.000,0.000,-0.172,0,0.000,0.121,1.000,""
5.780,160.107,824.891,101.420,-98.992,8.381,-17.889,-20.622,-4.676,1.000,0.000,-0.166,0,0.000,0.127,1.000,""
5.800,159.704,824.534,101.004,-99.085,8.231,-17.882,-20.810,-4.674,1.000,0.000,-0.164,0,0.000,0.133,1.000,""
5.820,159.300,824.178,100.584,-99.177,8.081,-17.874,-20.998,-4.672,1.000,0.000,-0.162,0,0.000,0.139,1.000,""
5.840,158.896,823.821,100.160,-99.270,7.932,-17.867,-21.185,-4.670,1.000,0.000,-0.160,0,0.000,0.145,1.000,""
5.860,158.097,823.465,99.732,-99.362,7.782,-17.860,-21.373,-4.669,1.000,0.000,-0.153,0,0.000,0.150,1.000,""
5.880,157.687,823.108,99.301,-99.455,7.633,-17.853,-21.561,-4.667,1.000,0.000,-0.151,0,0.000,0.155,1.000,""
5.900,157.277,822.752,98.866,-99.548,7.485,-17.846,-21.748,-4.665,1.000,0.000,-0.149,0,0.000,0.160,1.000,""
5.920,156.378,822.396,98.427,-99.640,7.337,-17.839,-21.935,-4.663,1.000,0.000,-0.141,0,0.000,0.165,0.999,""
5.940,155.963,822.040,97.985,-99.732,7.189,-17.832,-22.123,-4.661,1.000,0.000,-0.139,0,0.000,0.169,0.999,""
5.960,155.548,821.684,97.539,-99.825,7.042,-17.824,-22.310,-4.659,1.000,0.000,-0.137,0,0.000,0.174,0.999,""
5.980,154.546,821.329,97.089,-99.917,6.896,-17.817,-22.497,-4.657,1.000,0.000,-0.128,0,0.000,0.178,0.999,""
6.000,154.124,820.973,96.635,-100.010,6.751,-17.810,-22.684,-4.656,1.000,0.000,-0.126,0,0.000,0.182,0.999,""
6.020,153.023,820.618,96.178,-100.102,6.606,-17.803,-22.871,-4.654,1.000,0.000,-0.115,0,0.000,0.185,0.999,""
6.040,152.596,820.262,95.716,-100.195,6.463,-17.796,-23.058,-4.652,1.000,0.000,-0.113,0,0.000,0.189,0.999,""
6.060,152.168,819.907,95.251,-100.287,6.321,-17.789,-23.245,-4.650,1.000,0.000,-0.111,0,0.000,0.192,0.998,""
6.080,150.964,819.552,94.783,-100.379,6.179,-17.782,-23.432,-4.648,1.000,0.000,-0.100,0,0.000,0.195,0.998,""
6.100,150.530,819.197,94.310,-100.472,6.039,-17.775,-23.619,-4.646,1.000,0.000,-0.098,0,0.000,0.198,0.998,""
6.120,149.233,818.842,93.834,-100.564,5.900,-17.767,-23.806,-4.644,1.000,0.000,-0.086,0,0.000,0.201,0.998,""
6.140,148.794,818.487,93.354,-100.656,5.762,-17.760,-23.992,-4.643,1.000,0.000,-0.084,0,0.000,0.204,0.998,""
6.160,147.410,818.133,92.871,-100.748,5.626,-17.753,-24.179,-4.641,1.000,0.000,-0.072,0,0.000,0.206,0.998,""
6.180,145.954,817.778,92.383,-100.840,5.491,-17.746,-24.365,-4.639,1.000,0.000,-0.058,0,0.000,0.208,0.997,""
6.200,145.505,817.424,91.892,-100.933,5.357,-17.739,-24.552,-4.637,1.000,0.000,-0.056,0,0.000,0.210,0.997,""
6.220,143.985,817.070,91.397,-101.025,5.225,-17.732,-24.738,-4.635,1.000,0.000,-0.042,0,0.000,0.212,0.997,"Ground_Mountain_0_1:(-0.548, 0.455, 0.702);"
6.240,142.419,816.716,90.899,-101.117,5.095,-17.725,-24.924,-4.633,1.000,0.000,-0.028,0,0.000,0.213,0.997,"Ground_Mountain_0_1:(-0.548, 0.455, 0.702);"
6.260,141.964,816.362,90.397,-101.209,4.966,-17.718,-25.110,-4.631,1.000,0.000,-0.026,0,0.000,0.215,0.997,"Ground_Mountain_0_1:(-0.548, 0.455, 0.702);"
6.280,140.366,816.008,89.891,-101.301,4.838,-17.711,-25.296,-4.630,1.000,0.000,-0.012,0,0.000,0.216,0.997,"Ground_Mountain_0_1:(-0.548, 0.455, 0.702);Ground_Mountain_0_1:(-0.548, 0.455, 0.702);"
6.300,138.754,815.654,89.381,-101.393,4.713,-17.704,-25.482,-4.628,1.000,0.000,0.002,0,0.000,0.217,0.996,"Ground_Mountain_0_1:(-0.577, 0.456, 0.678);Ground_Mountain_0_1:(-0.577, 0.456, 0.678);Ground_Mountain_0_1:(-0.577, 0.456, 0.678);Ground_Mountain_0_1:(-0.577, 0.456, 0.678);Ground_Mountain_0_1:(-0.445, 0.505, 0.740);Ground_Mountain_0_1:(-0.445, 0.505, 0.740);"
6.320,138.296,815.263,88.898,-101.421,2.044,-19.102,-24.075,-2.290,1.000,0.000,0.005,0,0.000,0.218,0.992,"Ground_Mountain_0_1:(-0.445, 0.505, 0.740);Ground_Mountain_0_1:(-0.445, 0.505, 0.740);Ground_Mountain_0_1:(-0.445, 0.505, 0.740);Ground_Mountain_0_1:(-0.445, 0.505, 0.740);Ground_Mountain_0_1:(-0.993, 0.053, 0.104);Ground_Mountain_0_1:(0.100, -0.065, 0.993);"
6.340,136.911,814.865,88.417,-101.431,0.838,-19.345,-23.849,-1.661,1.000,0.000,-0.001,0,0.000,2.483,0.978,"Ground_Mountain_0_1:(-0.445, 0.505, 0.740);Ground_Mountain_0_1:(-0.445, 0.505, 0.740);Ground_Mountain_0_1:(-0.445, 0.505, 0.740);Ground_Mountain_0_1:(0.149, -0.126, 0.981);Ground_Mountain_0_1:(-0.989, 0.007, 0.151);"
6.360,136.438,814.468,87.932,-101.439,0.212,-19.388,-23.951,-1.532,1.000,0.000,-0.017,0,0.000,3.294,0.957,"Ground_Mountain_0_1:(-0.445, 0.505, 0.740);Ground_Mountain_0_1:(-0.445, 0.505, 0.740);Ground_Mountain_0_1:(-0.445, 0.505, 0.740);Ground_Mountain_0_1:(-0.445, 0.505, 0.740);Ground_Mountain_0_1:(0.208, -0.200, 0.958);Ground_Mountain_0_1:(0.208, -0.200, 0.958);Ground_Mountain_0_1:(0.208, -0.200, 0.958);Ground_Mountain_0_1:(-0.544, 0.617, 0.570);Ground_Mountain_0_1:(-0.544, 0.617, 0.570);"
6.380,135.306,813.974,87.523,-101.409,-1.190,-20.727,-21.253,1.140,1.000,0.000,-0.025,0,0.000,3.313,0.927,"Ground_Mountain_0_1:(-0.543, 0.514, 0.664);Ground_Mountain_0_1:(-0.543, 0.514, 0.664);Ground_Mountain_0_1:(-0.543, 0.514, 0.664);Ground_Mountain_0_1:(-0.543, 0.514, 0.664);Ground_Mountain_0_1:(-0.963, -0.118, 0.242);Ground_Mountain_0_1:(-0.963, -0.118, 0.242);Ground_Mountain_0_1:(-0.963, -0.118, 0.242);Ground_Mountain_0_1:(-0.544, 0.617, 0.570);Ground_Mountain_0_1:(-0.332, 0.591, 0.735);"
6.400,134.761,813.529,87.105,-101.354,-1.939,-21.092,-20.534,1.711,1.000,0.000,-0.014,1,11.250,5.660,0.885,"Ground_Mountain_0_1:(-0.543, 0.514, 0.664);Ground_Mountain_0_1:(-0.543, 0.514, 0.664);Ground_Mountain_0_1:(-0.543, 0.514, 0.664);Ground_Mountain_0_1:(-0.543, 0.514, 0.664);Ground_Mountain_0_1:(-0.543, 0.514, 0.664);Ground_Mountain_0_1:(-0.344, 0.575, 0.743);Ground_Mountain_0_1:(-0.344, 0.575, 0.743);Ground_Mountain_0_1:(-0.344, 0.575, 0.743);Ground_Mountain_0_1:(-0.291, 0.927, 0.236);Ground_Mountain_0_1:(-0.291, 0.927, 0.236);Ground_Mountain_0_1:(-0.291, 0.927, 0.236);Ground_Mountain_0_1:(-0.544, 0.617, 0.570);Ground_Mountain_0_1:(-0.464, 0.594, 0.658);"
6.420,134.267,813.085,86.683,-101.304,-2.298,-21.188,-20.482,1.823,1.000,0.000,-0.018,1,11.250,3.794,0.836,"Ground_Mountain_0_1:(-0.344, 0.575, 0.743);Ground_Mountain_0_1:(-0.344, 0.575, 0.743);Ground_Mountain_0_1:(-0.344, 0.575, 0.743);Ground_Mountain_0_1:(-0.344, 0.575, 0.743);Ground_Mountain_0_1:(-0.344, 0.575, 0.743);Ground_Mountain_0_1:(-0.543, 0.514, 0.664);Ground_Mountain_0_1:(-0.543, 0.514, 0.664);Ground_Mountain_0_1:(-0.543, 0.514, 0.664);Ground_Mountain_0_1:(-0.363, 0.885, 0.291);Ground_Mountain_0_1:(-0.363, 0.885, 0.291);Ground_Mountain_0_1:(-0.363, 0.885, 0.291);Ground_Mountain_0_1:(-0.435, 0.727, 0.531);Ground_Mountain_0_1:(-0.435, 0.727, 0.531);Ground_Mountain_0_1:(-0.435, 0.727, 0.531);Ground_Mountain_0_1:(-0.464, 0.594, 0.658);Ground_Mountain_0_1:(-0.284, 0.704, 0.651);"
6.440,133.135,812.646,86.315,-101.246,-2.373,-21.651,-18.197,2.893,1.000,0.000,-0.015,2,22.500,23.004,0.824,"Ground_Mountain_0_1:(-0.344, 0.575, 0.743);Ground_Mountain_0_1:(-0.344, 0.575, 0.743);Ground_Mountain_0_1:(-0.344, 0.575, 0.743);Ground_Mountain_0_1:(-0.344, 0.575, 0.743);Ground_Mountain_0_1:(-0.464, 0.594, 0.658);Ground_Mountain_0_1:(-0.464, 0.594, 0.658);Ground_Mountain_0_1:(-0.435, 0.727, 0.531);Ground_Mountain_0_1:(-0.435, 0.727, 0.531);Ground_Mountain_0_1:(-0.435, 0.727, 0.531);Ground_Mountain_0_1:(-0.435, 0.727, 0.531);Ground_Mountain_0_1:(-0.284, 0.704, 0.651);Ground_Mountain_0_1:(-0.284, 0.704, 0.651);"
6.460,132.653,812.187,85.981,-101.175,-2.451,-21.891,-16.097,3.637,1.000,0.000,-0.018,2,18.496,9.478,0.779,"Ground_Mountain_0_1:(-0.344, 0.575, 0.743);Ground_Mountain_0_1:(-0.344, 0.575, 0.743);Ground_Mountain_0_1:(-0.344, 0.575, 0.743);Ground_Mountain_0_1:(-0.344, 0.575, 0.743);Ground_Mountain_0_1:(-0.344, 0.575, 0.743);Ground_Mountain_0_1:(-0.464, 0.594, 0.658);Ground_Mountain_0_1:(-0.464, 0.594, 0.658);Ground_Mountain_0_1:(-0.464, 0.594, 0.658);Ground_Mountain_0_1:(-0.284, 0.704, 0.651);Ground_Mountain_0_1:(-0.435, 0.727, 0.531);Ground_Mountain_0_1:(-0.435, 0.727, 0.531);Ground_Mountain_0_1:(-0.435, 0.727, 0.531);"
6.480,131.549,811.726,85.697,-101.109,-1.642,-21.848,-14.586,3.764,1.000,0.000,-0.016,2,2.550,27.039,0.752,"Ground_Mountain_0_1:(-0.464, 0.594, 0.658);Ground_Mountain_0_1:(-0.464, 0.594, 0.658);Ground_Mountain_0_1:(-0.464, 0.594, 0.658);Ground_Mountain_0_1:(-0.464, 0.594, 0.658);Ground_Mountain_0_1:(-0.344, 0.575, 0.743);Ground_Mountain_0_1:(-0.344, 0.575, 0.743);Ground_Mountain_0_1:(-0.344, 0.575, 0.743);Ground_Mountain_0_1:(-0.344, 0.575, 0.743);Ground_Mountain_0_1:(-0.284, 0.704, 0.651);Ground_Mountain_0_1:(-0.284, 0.704, 0.651);Ground_Mountain_0_1:(-0.317, 0.635, 0.704);Ground_Mountain_0_1:(-0.317, 0.635, 0.704);Ground_Mountain_0_1:(-0.317, 0.635, 0.704);Ground_Mountain_0_1:(-0.435, 0.727, 0.531);Ground_Mountain_0_1:(-0.435, 0.727, 0.531);Ground_Mountain_0_1:(-0.435, 0.727, 0.531);"
6.500,131.061,811.280,85.424,-101.037,-1.536,-21.800,-13.312,3.914,1.000,0.000,-0.025,2,0.000,28.828,0.729,"Ground_Mountain_0_1:(-0.317, 0.635, 0.704);Ground_Mountain_0_1:(-0.317, 0.635, 0.704);Ground_Mountain_0_1:(-0.317, 0.635, 0.704);Ground_Mountain_0_1:(-0.317, 0.635, 0.704);Ground_Mountain_0_1:(-0.317, 0.635, 0.704);Ground_Mountain_0_1:(-0.464, 0.594, 0.658);Ground_Mountain_0_1:(-0.464, 0.594, 0.658);Ground_Mountain_0_1:(-0.464, 0.594, 0.658);Ground_Mountain_0_1:(-0.464, 0.594, 0.658);Ground_Mountain_0_1:(-0.232, 0.786, 0.573);Ground_Mountain_0_1:(-0.232, 0.786, 0.573);Ground_Mountain_0_1:(-0.232, 0.786, 0.573);Ground_Mountain_0_1:(-0.344, 0.575, 0.743);Ground_Mountain_0_1:(-0.344, 0.575, 0.743);Ground_Mountain_0_1:(-0.344, 0.575, 0.743);Ground_Mountain_0_1:(-0.404, 0.810, 0.426);Ground_Mountain_0_1:(-0.404, 0.810, 0.426);Ground_Mountain_0_1:(-0.404, 0.810, 0.426);Ground_Mountain_0_1:(-0.435, 0.727, 0.531);Ground_Mountain_0_1:(-0.435, 0.727, 0.531);Ground_Mountain_0_1:(-0.435, 0.727, 0.531);"
6.520,130.589,810.834,85.217,-100.931,-2.692,-22.142,-10.309,5.457,1.000,0.000,-0.028,1,0.000,2.482,0.721,"Ground_Mountain_0_1:(-0.317, 0.635, 0.704);Ground_Mountain_0_1:(-0.317, 0.635, 0.704);Ground_Mountain_0_1:(-0.317, 0.635, 0.704);Ground_Mountain_0_1:(-0.317, 0.635, 0.704);Ground_Mountain_0_1:(-0.404, 0.810, 0.426);Ground_Mountain_0_1:(-0.404, 0.810, 0.426);Ground_Mountain_0_1:(-0.404, 0.810, 0.426);Ground_Mountain_0_1:(-0.404, 0.810, 0.426);Ground_Mountain_0_1:(-0.232, 0.786, 0.573);Ground_Mountain_0_1:(-0.232, 0.786, 0.573);Ground_Mountain_0_1:(-0.232, 0.786, 0.573);"
6.540,129.544,810.386,85.013,-100.822,-2.879,-22.135,-10.491,5.459,1.000,0.000,-0.025,0,0.000,1.727,0.712,"Ground_Mountain_0_1:(-0.317, 0.635, 0.704);Ground_Mountain_0_1:(-0.317, 0.635, 0.704);Ground_Mountain_0_1:(-0.317, 0.635, 0.704);Ground_Mountain_0_1:(-0.317, 0.635, 0.704);Ground_Mountain_0_1:(-0.404, 0.810, 0.426);Ground_Mountain_0_1:(-0.404, 0.810, 0.426);Ground_Mountain_0_1:(-0.404, 0.810, 0.426);Ground_Mountain_0_1:(-0.404, 0.810, 0.426);Ground_Mountain_0_1:(-0.453, 0.657, 0.603);Ground_Mountain_0_1:(-0.232, 0.786, 0.573);Ground_Mountain_0_1:(-0.232, 0.786, 0.573);"
6.560,129.085,809.940,84.797,-100.716,-3.093,-22.126,-10.683,5.457,1.000,0.000,-0.026,0,0.000,1.727,0.704,"Ground_Mountain_0_1:(-0.317, 0.635, 0.704);Ground_Mountain_0_1:(-0.317, 0.635, 0.704);Ground_Mountain_0_1:(-0.317, 0.635, 0.704);Ground_Mountain_0_1:(-0.317, 0.635, 0.704);Ground_Mountain_0_1:(-0.404, 0.810, 0.426);Ground_Mountain_0_1:(-0.404, 0.810, 0.426);"
6.580,128.625,809.494,84.577,-100.610,-3.309,-22.117,-10.875,5.454,1.000,0.000,-0.026,0,0.000,1.725,0.695,"Ground_Mountain_0_1:(-0.240, 0.715, 0.656);Ground_Mountain_0_1:(-0.240, 0.715, 0.656);Ground_Mountain_0_1:(-0.240, 0.715, 0.656);Ground_Mountain_0_1:(-0.240, 0.715, 0.656);Ground_Mountain_0_1:(-0.299, 0.890, 0.343);Ground_Mountain_0_1:(-0.299, 0.890, 0.343);Ground_Mountain_0_1:(-0.299, 0.890, 0.343);Ground_Mountain_0_1:(-0.453, 0.657, 0.603);Ground_Mountain_0_1:(-0.453, 0.657, 0.603);Ground_Mountain_0_1:(-0.453, 0.657, 0.603);Ground_Mountain_0_1:(-0.404, 0.810, 0.426);Ground_Mountain_0_1:(-0.404, 0.810, 0.426);Ground_Mountain_0_1:(-0.404, 0.810, 0.426);Ground_Mountain_0_1:(-0.171, 0.872, 0.459);Ground_Mountain_0_1:(-0.171, 0.872, 0.459);"
6.600,127.593,809.049,84.354,-100.505,-3.527,-22.108,-11.067,5.452,1.000,0.000,-0.023,0,0.000,1.722,0.688,"Ground_Mountain_0_1:(-0.299, 0.890, 0.343);Ground_Mountain_0_1:(-0.299, 0.890, 0.343);Ground_Mountain_0_1:(-0.299, 0.890, 0.343);Ground_Mountain_0_1:(-0.299, 0.890, 0.343);Ground_Mountain_0_1:(-0.171, 0.872, 0.459);Ground_Mountain_0_1:(-0.171, 0.872, 0.459);Ground_Mountain_0_1:(-0.171, 0.872, 0.459);Ground_Mountain_0_1:(-0.240, 0.715, 0.656);Ground_Mountain_0_1:(-0.240, 0.715, 0.656);Ground_Mountain_0_1:(-0.240, 0.715, 0.656);Ground_Mountain_0_1:(-0.453, 0.657, 0.603);Ground_Mountain_0_1:(-0.453, 0.657, 0.603);Ground_Mountain_0_1:(-0.453, 0.657, 0.603);Ground_Mountain_0_1:(-0.453, 0.657, 0.603);Ground_Mountain_0_1:(-0.404, 0.810, 0.426);"
6.620,127.129,808.604,84.126,-100.399,-3.745,-22.100,-11.259,5.450,1.000,0.000,-0.023,0,0.000,1.717,0.680,"Ground_Mountain_0_1:(-0.299, 0.890, 0.343);Ground_Mountain_0_1:(-0.299, 0.890, 0.343);Ground_Mountain_0_1:(-0.299, 0.890, 0.343);Ground_Mountain_0_1:(-0.299, 0.890, 0.343);Ground_Mountain_0_1:(-0.171, 0.872, 0.459);Ground_Mountain_0_1:(-0.171, 0.872, 0.459);"
6.640,126.665,808.158,83.945,-100.268,-4.918,-22.063,-8.809,6.580,1.000,0.000,-0.024,1,0.000,1.712,0.662,"Ground_Mountain_0_1:(-0.299, 0.890, 0.343);Ground_Mountain_0_1:(-0.299, 0.890, 0.343);Ground_Mountain_0_1:(-0.299, 0.890, 0.343);Ground_Mountain_0_1:(-0.299, 0.890, 0.343);Ground_Mountain_0_1:(-0.171, 0.872, 0.459);Ground_Mountain_0_1:(-0.171, 0.872, 0.459);"
6.660,125.659,807.709,83.775,-100.131,-5.460,-22.151,-8.164,6.915,1.000,0.000,-0.019,0,0.000,2.210,0.640,"Ground_Mountain_0_1:(-0.299, 0.890, 0.343);Ground_Mountain_0_1:(-0.299, 0.890, 0.343);Ground_Mountain_0_1:(-0.299, 0.890, 0.343);Ground_Mountain_0_1:(-0.171, 0.872, 0.459);Ground_Mountain_0_1:(-0.190, 0.971, 0.143);Ground_Mountain_0_1:(-0.190, 0.971, 0.143);"
6.680,125.201,807.260,83.608,-99.992,-5.786,-22.162,-8.072,6.978,1.000,0.000,-0.018,0,0.000,2.312,0.615,"Ground_Mountain_0_1:(-0.133, 0.925, 0.357);Ground_Mountain_0_1:(-0.133, 0.925, 0.357);Ground_Mountain_0_1:(-0.133, 0.925, 0.357);Ground_Mountain_0_1:(-0.133, 0.925, 0.357);Ground_Mountain_0_1:(-0.121, 0.985, 0.126);Ground_Mountain_0_1:(-0.121, 0.985, 0.126);Ground_Mountain_0_1:(-0.121, 0.985, 0.126);Ground_Mountain_0_1:(-0.121, 0.985, 0.126);Ground_Mountain_0_1:(-0.121, 0.985, 0.126);Ground_Mountain_0_1:(-0.121, 0.985, 0.126);Ground_Mountain_0_1:(-0.299, 0.890, 0.343);Ground_Mountain_0_1:(-0.299, 0.890, 0.343);Ground_Mountain_0_1:(-0.299, 0.890, 0.343);Ground_Mountain_0_1:(-0.171, 0.872, 0.459);Ground_Mountain_0_1:(-0.171, 0.872, 0.459);"
6.700,124.743,806.811,83.436,-99.855,-6.089,-22.153,-8.265,6.975,1.000,0.000,-0.017,0,0.000,2.446,0.591,"Ground_Mountain_0_1:(-0.133, 0.925, 0.357);Ground_Mountain_0_1:(-0.133, 0.925, 0.357);Ground_Mountain_0_1:(-0.133, 0.925, 0.357);Ground_Mountain_0_1:(-0.113, 0.987, 0.117);Ground_Mountain_0_1:(-0.113, 0.987, 0.117);Ground_Mountain_0_1:(-0.113, 0.987, 0.117);Ground_Mountain_0_1:(-0.113, 0.987, 0.117);"
6.720,123.750,806.363,83.262,-99.716,-6.423,-22.156,-8.376,7.003,1.000,0.000,-0.013,1,0.000,2.448,0.567,"Ground_Mountain_0_1:(-0.234, 0.936, 0.261);Ground_Mountain_0_1:(-0.234, 0.936, 0.261);Ground_Mountain_0_1:(-0.234, 0.936, 0.261);Ground_Mountain_0_1:(-0.133, 0.925, 0.357);Ground_Mountain_0_1:(-0.133, 0.925, 0.357);Ground_Mountain_0_1:(-0.133, 0.925, 0.357);Ground_Mountain_0_1:(-0.133, 0.925, 0.357);Ground_Mountain_0_1:(-0.108, 0.987, 0.122);Ground_Mountain_0_1:(-0.108, 0.987, 0.122);Ground_Mountain_0_1:(-0.108, 0.987, 0.122);Ground_Mountain_0_1:(-0.108, 0.987, 0.122);Ground_Mountain_0_1:(-0.108, 0.987, 0.122);"
6.740,123.288,805.917,83.128,-99.568,-6.913,-22.172,-6.511,7.477,1.000,0.000,-0.012,1,0.000,2.433,0.555,"Ground_Mountain_0_1:(-0.234, 0.936, 0.261);Ground_Mountain_0_1:(-0.234, 0.936, 0.261);Ground_Mountain_0_1:(-0.234, 0.936, 0.261);Ground_Mountain_0_1:(-0.234, 0.936, 0.261);Ground_Mountain_0_1:(-0.141, 0.986, 0.088);Ground_Mountain_0_1:(-0.141, 0.986, 0.088);Ground_Mountain_0_1:(-0.141, 0.986, 0.088);Ground_Mountain_0_1:(-0.133, 0.925, 0.357);Ground_Mountain_0_1:(-0.133, 0.925, 0.357);Ground_Mountain_0_1:(-0.133, 0.925, 0.357);Ground_Mountain_0_1:(-0.111, 0.957, 0.267);Ground_Mountain_0_1:(-0.111, 0.957, 0.267);"
6.760,122.837,805.485,83.030,-99.434,-6.268,-21.664,-5.053,6.980,1.000,0.000,-0.010,2,0.000,18.487,0.566,"Ground_Mountain_0_1:(-0.108, 0.990, 0.089);Ground_Mountain_0_1:(-0.108, 0.990, 0.089);Ground_Mountain_0_1:(-0.108, 0.990, 0.089);Ground_Mountain_0_1:(-0.108, 0.990, 0.089);Ground_Mountain_0_1:(-0.108, 0.990, 0.089);Ground_Mountain_0_1:(-0.111, 0.957, 0.267);Ground_Mountain_0_1:(-0.111, 0.957, 0.267);Ground_Mountain_0_1:(-0.111, 0.957, 0.267);Ground_Mountain_0_1:(-0.234, 0.936, 0.261);Ground_Mountain_0_1:(-0.234, 0.936, 0.261);Ground_Mountain_0_1:(-0.234, 0.936, 0.261);Ground_Mountain_0_1:(-0.234, 0.936, 0.261);Ground_Mountain_0_1:(-0.234, 0.936, 0.261);Ground_Mountain_0_1:(-0.133, 0.925, 0.357);Ground_Mountain_0_1:(-0.133, 0.925, 0.357);"
6.780,121.888,805.069,82.970,-99.308,-5.582,-21.098,-3.606,6.472,1.000,0.000,-0.011,2,0.000,13.542,0.599,"Ground_Mountain_0_1:(-0.077, 0.995, 0.070);Ground_Mountain_0_1:(-0.077, 0.995, 0.070);Ground_Mountain_0_1:(-0.077, 0.995, 0.070);Ground_Mountain_0_1:(-0.077, 0.995, 0.070);Ground_Mountain_0_1:(-0.077, 0.995, 0.070);Ground_Mountain_0_1:(-0.077, 0.995, 0.070);Ground_Mountain_0_1:(-0.111, 0.957, 0.267);Ground_Mountain_0_1:(-0.111, 0.957, 0.267);Ground_Mountain_0_1:(-0.234, 0.936, 0.261);Ground_Mountain_0_1:(-0.234, 0.936, 0.261);Ground_Mountain_0_1:(-0.234, 0.936, 0.261);"
6.800,121.475,804.667,82.919,-99.196,-4.837,-20.456,-3.074,5.809,1.000,0.000,-0.014,2,0.000,8.577,0.635,"Ground_Mountain_0_1:(-0.077, 0.995, 0.070);Ground_Mountain_0_1:(-0.077, 0.995, 0.070);Ground_Mountain_0_1:(-0.077, 0.995, 0.070);Ground_Mountain_0_1:(-0.077, 0.995, 0.070);Ground_Mountain_0_1:(-0.077, 0.995, 0.070);Ground_Mountain_0_1:(-0.077, 0.995, 0.070);Ground_Mountain_0_1:(-0.111, 0.957, 0.267);Ground_Mountain_0_1:(-0.111, 0.957, 0.267);Ground_Mountain_0_1:(-0.199, 0.963, 0.181);"
6.820,121.076,804.278,82.867,-99.094,-4.218,-19.847,-3.115,5.244,1.000,0.000,-0.015,2,0.000,8.102,0.669,"Ground_Mountain_0_1:(-0.104, 0.994, 0.044);Ground_Mountain_0_1:(-0.104, 0.994, 0.044);Ground_Mountain_0_1:(-0.104, 0.994, 0.044);Ground_Mountain_0_1:(-0.104, 0.994, 0.044);Ground_Mountain_0_1:(-0.104, 0.994, 0.044);Ground_Mountain_0_1:(-0.111, 0.957, 0.267);Ground_Mountain_0_1:(-0.111, 0.957, 0.267);Ground_Mountain_0_1:(-0.111, 0.957, 0.267);Ground_Mountain_0_1:(-0.199, 0.963, 0.181);Ground_Mountain_0_1:(-0.199, 0.963, 0.181);"
6.840,120.690,803.903,82.820,-99.006,-3.497,-19.225,-3.015,4.630,1.000,0.000,-0.015,2,0.000,5.730,0.705,"Ground_Mountain_0_1:(-0.087, 0.996, 0.024);Ground_Mountain_0_1:(-0.087, 0.996, 0.024);Ground_Mountain_0_1:(-0.087, 0.996, 0.024);Ground_Mountain_0_1:(-0.087, 0.996, 0.024);Ground_Mountain_0_1:(-0.087, 0.996, 0.024);Ground_Mountain_0_1:(-0.087, 0.996, 0.024);Ground_Mountain_0_1:(-0.111, 0.957, 0.267);Ground_Mountain_0_1:(-0.111, 0.957, 0.267);Ground_Mountain_0_1:(-0.111, 0.957, 0.267);Ground_Mountain_0_1:(-0.111, 0.957, 0.267);Ground_Mountain_0_1:(-0.023, 1.000, -0.018);Ground_Mountain_0_1:(-0.023, 1.000, -0.018);Ground_Mountain_0_1:(-0.023, 1.000, -0.018);Ground_Mountain_0_1:(-0.023, 1.000, -0.018);Ground_Mountain_0_1:(-0.023, 1.000, -0.018);"
6.860,119.816,803.548,82.798,-98.929,-2.813,-18.388,-1.716,3.968,1.000,0.000,-0.012,2,0.000,6.459,0.749,"Ground_Mountain_0_1:(-0.028, 1.000, -0.001);Ground_Mountain_0_1:(-0.028, 1.000, -0.001);Ground_Mountain_0_1:(-0.028, 1.000, -0.001);Ground_Mountain_0_1:(-0.028, 1.000, -0.001);Ground_Mountain_0_1:(-0.028, 1.000, -0.001);Ground_Mountain_0_1:(-0.028, 1.000, -0.001);Ground_Mountain_0_1:(-0.087, 0.996, 0.005);Ground_Mountain_0_1:(-0.087, 0.996, 0.005);Ground_Mountain_0_1:(-0.087, 0.996, 0.005);Ground_Mountain_0_1:(-0.087, 0.996, 0.005);Ground_Mountain_0_1:(-0.087, 0.996, 0.005);Ground_Mountain_0_1:(-0.087, 0.996, 0.005);Ground_Mountain_0_1:(-0.067, 0.981, 0.184);Ground_Mountain_0_1:(-0.067, 0.981, 0.184);Ground_Mountain_0_1:(-0.067, 0.981, 0.184);Ground_Mountain_0_1:(-0.067, 0.981, 0.184);Ground_Mountain_0_1:(-0.111, 0.957, 0.267);Ground_Mountain_0_1:(-0.111, 0.957, 0.267);Ground_Mountain_0_1:(-0.111, 0.957, 0.267);Ground_Mountain_0_1:(-0.111, 0.957, 0.267);Ground_Mountain_0_1:(-0.199, 0.963, 0.181);Ground_Mountain_0_1:(-0.199, 0.963, 0.181);Ground_Mountain_0_1:(-0.199, 0.963, 0.181);"
6.880,119.465,803.208,82.778,-98.863,-2.273,-17.731,-1.588,3.393,1.000,0.000,-0.008,2,0.000,7.906,0.791,"Ground_Mountain_0_1:(-0.046, 0.999, -0.008);Ground_Mountain_0_1:(-0.046, 0.999, -0.008);Ground_Mountain_0_1:(-0.046, 0.999, -0.008);Ground_Mountain_0_1:(-0.046, 0.999, -0.008);Ground_Mountain_0_1:(-0.046, 0.999, -0.008);Ground_Mountain_0_1:(-0.046, 0.999, -0.008);Ground_Mountain_0_1:(-0.046, 0.999, -0.008);Ground_Mountain_0_1:(-0.046, 0.999, -0.008);Ground_Mountain_0_1:(-0.046, 0.999, -0.008);Ground_Mountain_0_1:(-0.046, 0.999, -0.008);Ground_Mountain_0_1:(-0.046, 0.999, -0.008);Ground_Mountain_0_1:(-0.046, 0.999, -0.008);Ground_Mountain_0_1:(-0.067, 0.981, 0.184);Ground_Mountain_0_1:(-0.067, 0.981, 0.184);Ground_Mountain_0_1:(-0.067, 0.981, 0.184);Ground_Mountain_0_1:(-0.067, 0.981, 0.184);Ground_Mountain_0_1:(-0.111, 0.957, 0.267);Ground_Mountain_0_1:(-0.111, 0.957, 0.267);Ground_Mountain_0_1:(-0.111, 0.957, 0.267);Ground_Mountain_0_1:(-0.199, 0.963, 0.181);Ground_Mountain_0_1:(-0.199, 0.963, 0.181);Ground_Mountain_0_1:(-0.199, 0.963, 0.181);Ground_Mountain_0_1:(-0.199, 0.963, 0.181);"
6.900,119.128,802.882,82.761,-98.809,-1.750,-17.071,-1.454,2.832,1.000,0.000,-0.002,2,0.000,8.730,0.831,"Ground_Mountain_0_1:(-0.042, 0.999, -0.004);Ground_Mountain_0_1:(-0.042, 0.999, -0.004);Ground_Mountain_0_1:(-0.042, 0.999, -0.004);Ground_Mountain_0_1:(-0.042, 0.999, -0.004);Ground_Mountain_0_1:(-0.042, 0.999, -0.004);Ground_Mountain_0_1:(-0.042, 0.999, -0.004);Ground_Mountain_0_1:(-0.067, 0.981, 0.184);Ground_Mountain_0_1:(-0.067, 0.981, 0.184);Ground_Mountain_0_1:(-0.067, 0.981, 0.184);"
6.920,118.806,802.568,82.741,-98.767,-1.202,-16.444,-1.509,2.253,1.000,0.000,0.004,2,0.000,10.158,0.865,"Ground_Mountain_0_1:(-0.042, 0.999, -0.004);Ground_Mountain_0_1:(-0.042, 0.999, -0.004);Ground_Mountain_0_1:(-0.042, 0.999, -0.004);Ground_Mountain_0_1:(-0.042, 0.999, -0.004);Ground_Mountain_0_1:(-0.042, 0.999, -0.004);Ground_Mountain_0_1:(-0.042, 0.999, -0.004);Ground_Mountain_0_1:(-0.067, 0.981, 0.184);Ground_Mountain_0_1:(-0.067, 0.981, 0.184);Ground_Mountain_0_1:(-0.067, 0.981, 0.184);"
6.940,118.014,802.267,82.718,-98.736,-0.637,-15.827,-1.634,1.660,1.000,0.000,0.012,4,0.000,10.477,0.895,"Ground_Mountain_0_1:(-0.042, 0.999, -0.004);Ground_Mountain_0_1:(-0.042, 0.999, -0.004);Ground_Mountain_0_1:(-0.042, 0.999, -0.004);Ground_Mountain_0_1:(-0.042, 0.999, -0.004);Ground_Mountain_0_1:(-0.042, 0.999, -0.004);Ground_Mountain_0_1:(-0.042, 0.999, -0.004);"
6.960,117.714,801.981,82.696,-98.717,-0.090,-15.207,-1.740,1.063,1.000,0.000,0.018,4,0.000,10.583,0.923,"Ground_Mountain_0_1:(-0.049, 0.999, -0.010);Ground_Mountain_0_1:(-0.049, 0.999, -0.010);Ground_Mountain_0_1:(-0.049, 0.999, -0.010);Ground_Mountain_0_1:(-0.049, 0.999, -0.010);Ground_Mountain_0_1:(-0.049, 0.999, -0.010);Ground_Mountain_0_1:(-0.049, 0.999, -0.010);Ground_Mountain_0_1:(-0.045, 0.998, -0.036);"
6.980,117.429,801.706,82.669,-98.710,0.337,-14.557,-1.749,0.622,1.000,0.000,0.024,4,0.000,10.806,0.944,"Ground_Mountain_0_1:(-0.027, 0.999, -0.027);Ground_Mountain_0_1:(-0.027, 0.999, -0.027);Ground_Mountain_0_1:(-0.027, 0.999, -0.027);Ground_Mountain_0_1:(-0.027, 0.999, -0.027);Ground_Mountain_0_1:(-0.027, 0.999, -0.027);Ground_Mountain_0_1:(-0.027, 0.999, -0.027);"
7.000,117.153,801.448,82.649,-98.710,0.746,-13.847,-1.414,0.159,1.000,0.000,0.029,4,0.000,11.872,0.965,"Ground_Mountain_0_1:(-0.029, 0.999, -0.029);Ground_Mountain_0_1:(-0.029, 0.999, -0.029);Ground_Mountain_0_1:(-0.029, 0.999, -0.029);Ground_Mountain_0_1:(-0.029, 0.999, -0.029);Ground_Mountain_0_1:(-0.029, 0.999, -0.029);Ground_Mountain_0_1:(-0.029, 0.999, -0.029);"
7.020,116.895,801.203,82.627,-98.718,1.135,-13.183,-1.370,-0.286,1.000,0.000,0.035,4,0.000,15.339,0.980,"Ground_Mountain_0_1:(-0.028, 0.999, -0.034);Ground_Mountain_0_1:(-0.028, 0.999, -0.034);Ground_Mountain_0_1:(-0.028, 0.999, -0.034);Ground_Mountain_0_1:(-0.028, 0.999, -0.034);Ground_Mountain_0_1:(-0.028, 0.999, -0.034);Ground_Mountain_0_1:(-0.028, 0.999, -0.034);"
7.040,116.650,800.969,82.604,-98.734,1.502,-12.560,-1.340,-0.705,1.000,0.000,0.042,4,5.308,16.774,0.991,"Ground_Mountain_0_1:(-0.028, 0.999, -0.034);Ground_Mountain_0_1:(-0.028, 0.999, -0.034);Ground_Mountain_0_1:(-0.028, 0.999, -0.034);Ground_Mountain_0_1:(-0.028, 0.999, -0.034);Ground_Mountain_0_1:(-0.028, 0.999, -0.034);Ground_Mountain_0_1:(-0.028, 0.999, -0.034);"
7.060,115.958,800.745,82.581,-98.758,1.847,-11.975,-1.263,-1.098,1.000,0.000,0.051,4,13.647,16.861,0.997,"Ground_Mountain_0_1:(-0.030, 0.999, -0.036);Ground_Mountain_0_1:(-0.030, 0.999, -0.036);Ground_Mountain_0_1:(-0.030, 0.999, -0.036);Ground_Mountain_0_1:(-0.030, 0.999, -0.036);Ground_Mountain_0_1:(-0.030, 0.999, -0.036);Ground_Mountain_0_1:(-0.030, 0.999, -0.036);"
7.080,115.734,800.531,82.560,-98.789,2.193,-11.384,-1.056,-1.491,1.000,0.000,0.056,4,20.125,15.786,0.999,"Ground_Mountain_0_1:(-0.030, 0.999, -0.036);Ground_Mountain_0_1:(-0.030, 0.999, -0.036);Ground_Mountain_0_1:(-0.030, 0.999, -0.036);Ground_Mountain_0_1:(-0.030, 0.999, -0.036);Ground_Mountain_0_1:(-0.030, 0.999, -0.036);Ground_Mountain_0_1:(-0.030, 0.999, -0.036);"
7.100,115.520,800.324,82.557,-98.827,2.546,-10.678,-0.188,-1.909,1.000,0.000,0.060,4,24.066,14.705,1.000,"Ground_720_320:(-0.071, 0.996, -0.051);Ground_720_320:(-0.071, 0.996, -0.051);Ground_Mountain_0_1:(-0.035, 0.999, -0.041);Ground_Mountain_0_1:(-0.035, 0.999, -0.041);Ground_Mountain_0_1:(-0.035, 0.999, -0.041);Ground_Mountain_0_1:(-0.035, 0.999, -0.041);Ground_Mountain_0_1:(-0.035, 0.999, -0.041);Ground_Mountain_0_1:(-0.035, 0.999, -0.041);Ground_Mountain_0_1:(-0.087, 0.992, 0.086);"
7.120,115.315,800.129,82.557,-98.873,2.894,-10.058,0.000,-2.299,1.000,0.000,0.062,4,18.877,7.300,1.000,"Ground_Mountain_0_1:(-0.030, 0.999, -0.036);Ground_Mountain_0_1:(-0.030, 0.999, -0.036);Ground_Mountain_0_1:(-0.030, 0.999, -0.036);Ground_Mountain_0_1:(-0.030, 0.999, -0.036);Ground_Mountain_0_1:(-0.030, 0.999, -0.036);Ground_Mountain_0_1:(-0.030, 0.999, -0.036);Ground_720_320:(-0.006, 1.000, -0.022);Ground_720_320:(-0.006, 1.000, -0.022);Ground_720_320:(-0.006, 1.000, -0.022);"
7.140,115.122,799.945,82.560,-98.928,3.242,-9.432,0.189,-2.688,1.000,0.000,0.064,4,18.392,7.048,0.999,"Ground_Mountain_0_1:(-0.030, 0.999, -0.036);Ground_Mountain_0_1:(-0.030, 0.999, -0.036);Ground_Mountain_0_1:(-0.030, 0.999, -0.036);Ground_Mountain_0_1:(-0.030, 0.999, -0.036);Ground_Mountain_0_1:(-0.030, 0.999, -0.036);Ground_Mountain_0_1:(-0.030, 0.999, -0.036);Ground_Mountain_0_1:(-0.044, 0.991, 0.128);Ground_Mountain_0_1:(-0.044, 0.991, 0.128);Ground_Mountain_0_1:(-0.044, 0.991, 0.128);Ground_720_320:(0.013, 1.000, -0.023);Ground_720_320:(0.013, 1.000, -0.023);Ground_720_320:(0.013, 1.000, -0.023);Ground_720_320:(0.013, 1.000, -0.023);Ground_720_320:(-0.083, 0.995, -0.047);Ground_720_320:(-0.083, 0.995, -0.047);Ground_720_320:(-0.083, 0.995, -0.047);Ground_720_320:(-0.083, 0.995, -0.047);Ground_720_320:(-0.083, 0.995, -0.047);Ground_720_320:(-0.083, 0.995, -0.047);"
7.160,114.942,799.772,82.567,-98.989,3.590,-8.800,0.356,-3.074,1.000,0.000,0.065,4,16.961,6.717,0.999,"Ground_Mountain_0_1:(-0.025, 0.999, -0.031);Ground_Mountain_0_1:(-0.025, 0.999, -0.031);Ground_Mountain_0_1:(-0.025, 0.999, -0.031);Ground_Mountain_0_1:(-0.025, 0.999, -0.031);Ground_Mountain_0_1:(-0.025, 0.999, -0.031);Ground_Mountain_0_1:(-0.025, 0.999, -0.031);Ground_Mountain_0_1:(-0.053, 0.991, 0.120);Ground_Mountain_0_1:(-0.053, 0.991, 0.120);Ground_Mountain_0_1:(-0.053, 0.991, 0.120);Ground_Mountain_0_1:(-0.053, 0.991, 0.120);Ground_Mountain_0_1:(-0.053, 0.991, 0.120);Ground_720_320:(0.030, 0.999, -0.024);Ground_720_320:(0.030, 0.999, -0.024);Ground_720_320:(0.030, 0.999, -0.024);Ground_720_320:(0.030, 0.999, -0.024);Ground_720_320:(0.030, 0.999, -0.024);Ground_720_320:(0.030, 0.999, -0.024);Ground_720_320:(-0.086, 0.995, -0.054);Ground_720_320:(-0.086, 0.995, -0.054);Ground_720_320:(-0.086, 0.995, -0.054);Ground_720_320:(-0.086, 0.995, -0.054);Ground_720_320:(-0.086, 0.995, -0.054);Ground_720_320:(-0.086, 0.995, -0.054);"
7.180,114.774,799.612,82.577,-99.059,3.936,-8.167,0.494,-3.458,1.000,0.000,0.067,4,14.869,6.578,0.998,"Ground_Mountain_0_1:(-0.030, 0.999, -0.036);Ground_Mountain_0_1:(-0.030, 0.999, -0.036);Ground_Mountain_0_1:(-0.030, 0.999, -0.036);Ground_Mountain_0_1:(-0.030, 0.999, -0.036);Ground_Mountain_0_1:(-0.030, 0.999, -0.036);Ground_Mountain_0_1:(-0.030, 0.999, -0.036);Ground_Mountain_0_1:(-0.070, 0.992, 0.103);Ground_Mountain_0_1:(-0.070, 0.992, 0.103);Ground_Mountain_0_1:(-0.070, 0.992, 0.103);Ground_Mountain_0_1:(-0.070, 0.992, 0.103);Ground_Mountain_0_1:(-0.070, 0.992, 0.103);Ground_720_320:(0.044, 0.999, -0.026);Ground_720_320:(0.044, 0.999, -0.026);Ground_720_320:(0.044, 0.999, -0.026);Ground_720_320:(0.044, 0.999, -0.026);Ground_720_320:(0.044, 0.999, -0.026);Ground_720_320:(0.044, 0.999, -0.026);Ground_720_320:(-0.086, 0.995, -0.054);Ground_720_320:(-0.086, 0.995, -0.054);Ground_720_320:(-0.086, 0.995, -0.054);Ground_720_320:(-0.086, 0.995, -0.054);Ground_720_320:(-0.086, 0.995, -0.054);Ground_720_320:(-0.086, 0.995, -0.054);"
7.200,114.618,799.464,82.588,-99.136,4.281,-7.534,0.582,-3.839,1.000,0.000,0.068,4,12.334,6.025,0.998,"Ground_720_320:(-0.083, 0.995, -0.051);Ground_720_320:(-0.083, 0.995, -0.051);Ground_720_320:(-0.083, 0.995, -0.051);Ground_720_320:(-0.083, 0.995, -0.051);Ground_720_320:(-0.083, 0.995, -0.051);Ground_720_320:(-0.083, 0.995, -0.051);Ground_720_320:(-0.099, 0.991, 0.086);Ground_720_320:(-0.099, 0.991, 0.086);Ground_720_320:(-0.099, 0.991, 0.086);Ground_720_320:(-0.099, 0.991, 0.086);"
7.220,114.045,799.327,82.601,-99.221,4.624,-6.902,0.620,-4.218,1.000,0.000,0.072,4,9.829,5.405,0.997,"Ground_720_320:(-0.086, 0.995, -0.050);Ground_720_320:(-0.086, 0.995, -0.050);Ground_720_320:(-0.086, 0.995, -0.050);Ground_720_320:(-0.086, 0.995, -0.050);Ground_720_320:(-0.086, 0.995, -0.050);Ground_720_320:(-0.086, 0.995, -0.050);Ground_720_320:(-0.099, 0.991, 0.086);Ground_720_320:(-0.099, 0.991, 0.086);Ground_720_320:(-0.099, 0.991, 0.086);Ground_720_320:(-0.099, 0.991, 0.086);"
7.240,113.915,799.203,82.613,-99.314,4.966,-6.276,0.640,-4.594,1.000,0.000,0.073,4,7.627,5.107,0.997,"Ground_720_320:(-0.099, 0.991, 0.086);Ground_720_320:(-0.099, 0.991, 0.086);Ground_720_320:(-0.099, 0.991, 0.086);Ground_720_320:(-0.086, 0.995, -0.042);Ground_720_320:(-0.086, 0.995, -0.042);Ground_720_320:(-0.086, 0.995, -0.042);Ground_720_320:(-0.086, 0.995, -0.042);Ground_720_320:(-0.086, 0.995, -0.042);Ground_720_320:(-0.086, 0.995, -0.042);"
7.260,113.796,799.091,82.626,-99.413,5.306,-5.652,0.622,-4.968,1.000,0.000,0.073,4,5.725,4.545,0.997,"Ground_720_320:(-0.099, 0.991, 0.086);Ground_720_320:(-0.099, 0.991, 0.086);Ground_720_320:(-0.089, 0.995, -0.045);Ground_720_320:(-0.089, 0.995, -0.045);Ground_720_320:(-0.089, 0.995, -0.045);Ground_720_320:(-0.089, 0.995, -0.045);"
7.280,113.689,798.990,82.637,-99.520,5.645,-5.031,0.573,-5.339,1.000,0.000,0.074,4,4.127,4.013,0.997,"Ground_720_320:(-0.099, 0.991, 0.086);Ground_720_320:(-0.099, 0.991, 0.086);Ground_720_320:(-0.089, 0.995, -0.045);Ground_720_320:(-0.089, 0.995, -0.045);Ground_720_320:(-0.089, 0.995, -0.045);Ground_720_320:(-0.089, 0.995, -0.045);"
7.300,113.594,798.902,82.647,-99.634,5.981,-4.412,0.498,-5.709,1.000,0.000,0.076,4,2.869,3.509,0.997,"Ground_720_320:(-0.099, 0.991, 0.086);Ground_720_320:(-0.086, 0.995, -0.042);Ground_720_320:(-0.086, 0.995, -0.042);Ground_720_320:(-0.086, 0.995, -0.042);"
7.320,113.510,798.825,82.655,-99.756,6.315,-3.796,0.406,-6.077,1.000,0.000,0.077,4,1.966,3.087,0.997,"Ground_720_320:(-0.099, 0.991, 0.086);"
7.340,113.439,798.760,82.662,-99.885,6.647,-3.181,0.307,-6.444,1.000,0.000,0.078,4,1.587,2.634,0.997,"Ground_720_320:(-0.107, 0.991, 0.078);Ground_720_320:(-0.107, 0.991, 0.078);Ground_720_320:(-0.107, 0.991, 0.078);"
7.360,113.379,798.707,82.666,-100.020,6.975,-2.627,0.199,-6.805,1.000,0.000,0.079,4,1.329,2.366,0.997,"Ground_720_320:(-0.116, 0.991, 0.069);Ground_720_320:(-0.116, 0.991, 0.069);Ground_720_320:(-0.116, 0.991, 0.069);"
7.380,113.329,798.661,82.667,-100.163,7.300,-2.204,0.086,-7.156,1.000,0.000,0.080,3,1.298,2.223,0.998,"Ground_720_320:(-0.116, 0.991, 0.069);Ground_720_320:(-0.116, 0.991, 0.069);Ground_720_320:(-0.116, 0.991, 0.069);"
7.400,113.287,798.622,82.667,-100.312,7.622,-1.879,-0.035,-7.498,1.000,0.000,0.081,3,1.494,1.827,0.998,"Ground_720_320:(-0.116, 0.991, 0.069);Ground_720_320:(-0.116, 0.991, 0.069);Ground_720_320:(-0.116, 0.991, 0.069);"
7.420,113.251,798.588,82.664,-100.468,7.941,-1.630,-0.156,-7.832,1.000,0.000,0.082,3,1.976,1.472,0.999,"Ground_720_320:(-0.116, 0.991, 0.069);Ground_720_320:(-0.116, 0.991, 0.069);Ground_720_320:(-0.116, 0.991, 0.069);"
7.440,113.220,798.557,82.659,-100.630,8.257,-1.443,-0.270,-8.160,1.000,0.000,0.083,3,2.677,1.170,0.999,"Ground_720_320:(-0.116, 0.991, 0.069);Ground_720_320:(-0.116, 0.991, 0.069);Ground_720_320:(-0.116, 0.991, 0.069);"
7.460,113.191,798.529,82.651,-100.799,8.569,-1.304,-0.372,-8.483,1.000,0.000,0.083,3,3.538,0.959,0.999,"Ground_720_320:(-0.116, 0.991, 0.069);Ground_720_320:(-0.116, 0.991, 0.069);Ground_720_320:(-0.116, 0.991, 0.069);"
7.480,113.166,798.502,82.642,-100.974,8.878,-1.204,-0.459,-8.800,1.000,0.000,0.084,3,4.512,0.900,1.000,"Ground_720_320:(-0.116, 0.991, 0.069);Ground_720_320:(-0.116, 0.991, 0.069);Ground_720_320:(-0.116, 0.991, 0.069);"
7.500,113.142,798.476,82.635,-101.151,9.120,-1.159,-0.351,-9.051,1.000,0.000,0.085,3,5.924,0.494,1.000,"Ground_720_320:(-0.129, 0.922, 0.365);Ground_720_320:(-0.129, 0.922, 0.365);Ground_720_320:(-0.129, 0.922, 0.365);Ground_720_320:(-0.129, 0.922, 0.365);Ground_720_320:(-0.129, 0.922, 0.365);Ground_720_320:(-0.129, 0.922, 0.365);Ground_720_320:(-0.116, 0.991, 0.069);Ground_720_320:(-0.116, 0.991, 0.069);Ground_720_320:(-0.116, 0.991, 0.069);"
7.520,113.118,798.442,82.642,-101.320,9.069,-1.286,0.346,-8.977,1.000,0.000,0.084,4,7.934,2.632,0.999,"Ground_720_320:(-0.129, 0.922, 0.365);Ground_720_320:(-0.129, 0.922, 0.365);Ground_720_320:(-0.129, 0.922, 0.365);Ground_720_320:(-0.129, 0.922, 0.365);Ground_720_320:(-0.129, 0.922, 0.365);Ground_720_320:(-0.129, 0.922, 0.365);Ground_720_320:(-0.118, 0.991, 0.067);Ground_720_320:(-0.118, 0.991, 0.067);Ground_720_320:(-0.118, 0.991, 0.067);Ground_720_320:(-0.118, 0.991, 0.067);"
7.540,113.088,798.406,82.653,-101.490,9.230,-1.316,0.613,-9.119,1.000,0.000,0.079,4,8.163,10.733,0.995,"Ground_720_320:(-0.129, 0.922, 0.365);Ground_720_320:(-0.129, 0.922, 0.365);Ground_720_320:(-0.129, 0.922, 0.365);Ground_720_320:(-0.129, 0.922, 0.365);Ground_720_320:(-0.129, 0.922, 0.365);Ground_720_320:(-0.129, 0.922, 0.365);Ground_720_320:(-0.112, 0.991, 0.073);Ground_720_320:(-0.112, 0.991, 0.073);Ground_720_320:(-0.112, 0.991, 0.073);Ground_720_320:(-0.112, 0.991, 0.073);Ground_720_320:(-0.112, 0.991, 0.073);Ground_720_320:(-0.112, 0.991, 0.073);"
7.560,113.058,798.370,82.667,-101.666,9.467,-1.319,0.773,-9.347,1.000,0.000,0.074,4,9.994,13.281,0.989,"Ground_720_320:(-0.117, 0.928, 0.354);Ground_720_320:(-0.117, 0.928, 0.354);Ground_720_320:(-0.117, 0.928, 0.354);Ground_720_320:(-0.117, 0.928, 0.354);Ground_720_320:(-0.117, 0.928, 0.354);Ground_720_320:(-0.117, 0.928, 0.354);Ground_720_320:(-0.116, 0.991, 0.069);Ground_720_320:(-0.116, 0.991, 0.069);Ground_720_320:(-0.116, 0.991, 0.069);Ground_720_320:(-0.116, 0.991, 0.069);Ground_720_320:(-0.116, 0.991, 0.069);Ground_720_320:(-0.116, 0.991, 0.069);"
7.580,113.029,798.335,82.684,-101.848,9.711,-1.348,0.956,-9.577,1.000,0.000,0.070,4,12.367,13.329,0.981,"Ground_720_320:(-0.123, 0.925, 0.359);Ground_720_320:(-0.123, 0.925, 0.359);Ground_720_320:(-0.123, 0.925, 0.359);Ground_720_320:(-0.123, 0.925, 0.359);Ground_720_320:(-0.123, 0.925, 0.359);Ground_720_320:(-0.123, 0.925, 0.359);Ground_720_320:(-0.116, 0.991, 0.069);Ground_720_320:(-0.116, 0.991, 0.069);Ground_720_320:(-0.116, 0.991, 0.069);Ground_720_320:(-0.116, 0.991, 0.069);Ground_720_320:(-0.116, 0.991, 0.069);Ground_720_320:(-0.116, 0.991, 0.069);"
7.600,113.000,798.299,82.704,-102.035,9.956,-1.407,1.156,-9.800,1.000,0.000,0.068,4,14.627,13.084,0.972,"Ground_720_320:(-0.117, 0.928, 0.354);Ground_720_320:(-0.117, 0.928, 0.354);Ground_720_320:(-0.117, 0.928, 0.354);Ground_720_320:(-0.117, 0.928, 0.354);Ground_720_320:(-0.117, 0.928, 0.354);Ground_720_320:(-0.117, 0.928, 0.354);Ground_720_320:(-0.116, 0.991, 0.069);Ground_720_320:(-0.116, 0.991, 0.069);Ground_720_320:(-0.116, 0.991, 0.069);Ground_720_320:(-0.116, 0.991, 0.069);Ground_720_320:(-0.116, 0.991, 0.069);Ground_720_320:(-0.116, 0.991, 0.069);"
7.620,112.972,798.264,82.731,-102.226,10.151,-1.472,1.478,-9.946,1.000,0.000,0.066,4,16.295,12.561,0.963,"Ground_720_320:(-0.117, 0.928, 0.354);Ground_720_320:(-0.117, 0.928, 0.354);Ground_720_320:(-0.117, 0.928, 0.354);Ground_720_320:(-0.117, 0.928, 0.354);Ground_720_320:(-0.117, 0.928, 0.354);Ground_720_320:(-0.117, 0.928, 0.354);Ground_720_320:(-0.125, 0.990, 0.060);Ground_720_320:(-0.125, 0.990, 0.060);Ground_720_320:(-0.125, 0.990, 0.060);Ground_720_320:(-0.125, 0.990, 0.060);"
7.640,112.946,798.230,82.765,-102.419,10.346,-1.559,1.806,-10.078,1.000,0.000,0.065,4,16.645,11.364,0.954,"Ground_720_320:(-0.144, 0.929, 0.341);Ground_720_320:(-0.144, 0.929, 0.341);Ground_720_320:(-0.144, 0.929, 0.341);Ground_720_320:(-0.144, 0.929, 0.341);Ground_720_320:(-0.144, 0.929, 0.341);Ground_720_320:(-0.144, 0.929, 0.341);Ground_720_320:(-0.125, 0.990, 0.060);Ground_720_320:(-0.125, 0.990, 0.060);Ground_720_320:(-0.125, 0.990, 0.060);Ground_720_320:(-0.125, 0.990, 0.060);Ground_720_320:(-0.162, 0.963, 0.215);Ground_720_320:(-0.162, 0.963, 0.215);Ground_720_320:(-0.162, 0.963, 0.215);Ground_720_320:(-0.162, 0.963, 0.215);"
7.660,112.921,798.196,82.805,-102.615,10.540,-1.655,2.115,-10.204,1.000,0.000,0.065,4,16.625,10.647,0.946,"Ground_720_320:(-0.130, 0.927, 0.353);Ground_720_320:(-0.130, 0.927, 0.353);Ground_720_320:(-0.130, 0.927, 0.353);Ground_720_320:(-0.130, 0.927, 0.353);Ground_720_320:(-0.130, 0.927, 0.353);Ground_720_320:(-0.130, 0.927, 0.353);Ground_720_320:(-0.125, 0.990, 0.060);Ground_720_320:(-0.125, 0.990, 0.060);Ground_720_320:(-0.125, 0.990, 0.060);Ground_720_320:(-0.125, 0.990, 0.060);"
7.680,112.898,798.160,82.850,-102.816,10.761,-1.763,2.323,-10.375,1.000,0.000,0.066,4,16.481,10.355,0.939,"Ground_720_320:(-0.130, 0.927, 0.353);Ground_720_320:(-0.130, 0.927, 0.353);Ground_720_320:(-0.130, 0.927, 0.353);Ground_720_320:(-0.130, 0.927, 0.353);Ground_720_320:(-0.130, 0.927, 0.353);Ground_720_320:(-0.130, 0.927, 0.353);Ground_720_320:(-0.125, 0.990, 0.060);Ground_720_320:(-0.125, 0.990, 0.060);Ground_720_320:(-0.125, 0.990, 0.060);Ground_720_320:(-0.125, 0.990, 0.060);Ground_720_320:(-0.091, 0.847, 0.524);Ground_720_320:(-0.091, 0.847, 0.524);"
7.700,112.874,798.118,82.904,-103.011,10.787,-1.959,2.888,-10.213,1.000,0.000,0.067,4,18.703,6.356,0.925,"Ground_720_320:(-0.115, 0.932, 0.345);Ground_720_320:(-0.115, 0.932, 0.345);Ground_720_320:(-0.115, 0.932, 0.345);Ground_720_320:(-0.115, 0.932, 0.345);Ground_720_320:(-0.115, 0.932, 0.345);Ground_720_320:(-0.115, 0.932, 0.345);Ground_720_320:(-0.125, 0.990, 0.060);Ground_720_320:(-0.125, 0.990, 0.060);Ground_720_320:(-0.125, 0.990, 0.060);Ground_720_320:(-0.125, 0.990, 0.060);Ground_720_320:(-0.139, 0.825, 0.548);Ground_720_320:(-0.139, 0.825, 0.548);Ground_720_320:(-0.139, 0.825, 0.548);"
7.720,112.846,798.081,82.969,-103.201,10.852,-2.012,3.431,-10.101,1.000,0.000,0.067,4,17.715,11.522,0.911,"Ground_720_320:(-0.091, 0.847, 0.524);Ground_720_320:(-0.091, 0.847, 0.524);Ground_720_320:(-0.091, 0.847, 0.524);Ground_720_320:(-0.091, 0.847, 0.524);Ground_720_320:(-0.111, 0.931, 0.348);Ground_720_320:(-0.111, 0.931, 0.348);Ground_720_320:(-0.111, 0.931, 0.348);Ground_720_320:(-0.111, 0.931, 0.348);Ground_720_320:(-0.111, 0.931, 0.348);Ground_720_320:(-0.111, 0.931, 0.348);Ground_720_320:(-0.147, 0.827, 0.542);Ground_720_320:(-0.147, 0.827, 0.542);Ground_720_320:(-0.147, 0.827, 0.542);Ground_720_320:(-0.147, 0.827, 0.542);Ground_720_320:(-0.147, 0.827, 0.542);"
7.740,112.823,798.042,83.045,-103.394,10.997,-2.135,3.913,-10.054,1.000,0.000,0.068,4,17.966,10.911,0.902,"Ground_720_320:(-0.115, 0.836, 0.536);Ground_720_320:(-0.115, 0.836, 0.536);Ground_720_320:(-0.115, 0.836, 0.536);Ground_720_320:(-0.115, 0.836, 0.536);Ground_720_320:(-0.115, 0.836, 0.536);Ground_720_320:(-0.115, 0.836, 0.536);Ground_720_320:(-0.180, 0.837, 0.517);Ground_720_320:(-0.180, 0.837, 0.517);Ground_720_320:(-0.180, 0.837, 0.517);Ground_720_320:(-0.180, 0.837, 0.517);Ground_720_320:(-0.128, 0.930, 0.344);Ground_720_320:(-0.128, 0.930, 0.344);Ground_720_320:(-0.128, 0.930, 0.344);Ground_720_320:(-0.128, 0.930, 0.344);Ground_720_320:(-0.128, 0.930, 0.344);Ground_720_320:(-0.128, 0.930, 0.344);"
7.760,112.802,798.000,83.133,-103.587,11.114,-2.248,4.495,-9.916,1.000,0.000,0.070,4,17.733,9.176,0.895,"Ground_720_320:(-0.115, 0.836, 0.536);Ground_720_320:(-0.115, 0.836, 0.536);Ground_720_320:(-0.115, 0.836, 0.536);Ground_720_320:(-0.115, 0.836, 0.536);Ground_720_320:(-0.115, 0.836, 0.536);Ground_720_320:(-0.115, 0.836, 0.536);Ground_720_320:(-0.134, 0.931, 0.338);Ground_720_320:(-0.134, 0.931, 0.338);Ground_720_320:(-0.134, 0.931, 0.338);Ground_720_320:(-0.134, 0.931, 0.338);Ground_720_320:(-0.134, 0.931, 0.338);Ground_720_320:(-0.134, 0.931, 0.338);Ground_720_320:(-0.180, 0.837, 0.517);Ground_720_320:(-0.180, 0.837, 0.517);Ground_720_320:(-0.180, 0.837, 0.517);Ground_720_320:(-0.180, 0.837, 0.517);Ground_720_320:(-0.163, 0.902, 0.400);Ground_720_320:(-0.163, 0.902, 0.400);Ground_720_320:(-0.163, 0.902, 0.400);"
7.780,112.778,797.955,83.226,-103.784,11.330,-2.336,4.687,-10.049,1.000,0.000,0.071,4,14.711,5.968,0.890,"Ground_720_320:(-0.091, 0.847, 0.524);Ground_720_320:(-0.091, 0.847, 0.524);Ground_720_320:(-0.091, 0.847, 0.524);Ground_720_320:(-0.091, 0.847, 0.524);Ground_720_320:(-0.122, 0.933, 0.339);Ground_720_320:(-0.122, 0.933, 0.339);Ground_720_320:(-0.122, 0.933, 0.339);Ground_720_320:(-0.122, 0.933, 0.339);Ground_720_320:(-0.122, 0.933, 0.339);Ground_720_320:(-0.122, 0.933, 0.339);Ground_720_320:(-0.160, 0.831, 0.533);Ground_720_320:(-0.160, 0.831, 0.533);Ground_720_320:(-0.160, 0.831, 0.533);Ground_720_320:(-0.160, 0.831, 0.533);Ground_720_320:(-0.160, 0.831, 0.533);Ground_720_320:(-0.160, 0.831, 0.533);"
7.800,112.754,797.909,83.323,-103.984,11.526,-2.411,4.922,-10.142,1.000,0.000,0.073,4,14.894,4.973,0.886,"Ground_720_320:(-0.091, 0.847, 0.524);Ground_720_320:(-0.091, 0.847, 0.524);Ground_720_320:(-0.091, 0.847, 0.524);Ground_720_320:(-0.091, 0.847, 0.524);Ground_720_320:(-0.160, 0.831, 0.533);Ground_720_320:(-0.160, 0.831, 0.533);Ground_720_320:(-0.160, 0.831, 0.533);Ground_720_320:(-0.160, 0.831, 0.533);Ground_720_320:(-0.160, 0.831, 0.533);Ground_720_320:(-0.160, 0.831, 0.533);Ground_720_320:(-0.122, 0.933, 0.339);Ground_720_320:(-0.122, 0.933, 0.339);Ground_720_320:(-0.122, 0.933, 0.339);Ground_720_320:(-0.122, 0.933, 0.339);Ground_720_320:(-0.122, 0.933, 0.339);Ground_720_320:(-0.122, 0.933, 0.339);"
7.820,112.729,797.862,83.424,-104.186,11.728,-2.485,5.124,-10.254,1.000,0.000,0.075,4,14.436,4.547,0.882,"Ground_720_320:(-0.091, 0.847, 0.524);Ground_720_320:(-0.091, 0.847, 0.524);Ground_720_320:(-0.091, 0.847, 0.524);Ground_720_320:(-0.091, 0.847, 0.524);Ground_720_320:(-0.160, 0.831, 0.533);Ground_720_320:(-0.160, 0.831, 0.533);Ground_720_320:(-0.160, 0.831, 0.533);Ground_720_320:(-0.160, 0.831, 0.533);Ground_720_320:(-0.160, 0.831, 0.533);Ground_720_320:(-0.160, 0.831, 0.533);Ground_720_320:(-0.122, 0.933, 0.339);Ground_720_320:(-0.122, 0.933, 0.339);Ground_720_320:(-0.122, 0.933, 0.339);Ground_720_320:(-0.122, 0.933, 0.339);Ground_720_320:(-0.122, 0.933, 0.339);Ground_720_320:(-0.122, 0.933, 0.339);"
7.840,112.703,797.813,83.529,-104.391,11.933,-2.559,5.295,-10.384,1.000,0.000,0.077,4,13.979,4.279,0.879,"Ground_720_320:(-0.103, 0.860, 0.501);Ground_720_320:(-0.103, 0.860, 0.501);Ground_720_320:(-0.103, 0.860, 0.501);Ground_720_320:(-0.103, 0.860, 0.501);Ground_720_320:(-0.103, 0.860, 0.501);Ground_720_320:(-0.103, 0.860, 0.501);Ground_720_320:(-0.180, 0.837, 0.517);Ground_720_320:(-0.180, 0.837, 0.517);Ground_720_320:(-0.180, 0.837, 0.517);Ground_720_320:(-0.122, 0.933, 0.339);Ground_720_320:(-0.122, 0.933, 0.339);Ground_720_320:(-0.122, 0.933, 0.339);Ground_720_320:(-0.122, 0.933, 0.339);Ground_720_320:(-0.122, 0.933, 0.339);Ground_720_320:(-0.122, 0.933, 0.339);"
7.860,112.676,797.762,83.638,-104.600,12.135,-2.632,5.456,-10.516,1.000,0.000,0.079,4,13.493,3.770,0.876,"Ground_720_320:(-0.106, 0.856, 0.505);Ground_720_320:(-0.106, 0.856, 0.505);Ground_720_320:(-0.106, 0.856, 0.505);Ground_720_320:(-0.106, 0.856, 0.505);Ground_720_320:(-0.106, 0.856, 0.505);Ground_720_320:(-0.106, 0.856, 0.505);Ground_720_320:(-0.122, 0.933, 0.339);Ground_720_320:(-0.122, 0.933, 0.339);Ground_720_320:(-0.122, 0.933, 0.339);Ground_720_320:(-0.122, 0.933, 0.339);Ground_720_320:(-0.122, 0.933, 0.339);Ground_720_320:(-0.122, 0.933, 0.339);"
7.880,112.648,797.710,83.750,-104.810,12.333,-2.710,5.644,-10.627,1.000,0.000,0.081,4,13.642,2.154,0.874,"Ground_720_320:(-0.105, 0.856, 0.506);Ground_720_320:(-0.105, 0.856, 0.506);Ground_720_320:(-0.105, 0.856, 0.506);Ground_720_320:(-0.105, 0.856, 0.506);Ground_720_320:(-0.105, 0.856, 0.506);Ground_720_320:(-0.105, 0.856, 0.506);Ground_720_320:(-0.116, 0.936, 0.333);Ground_720_320:(-0.116, 0.936, 0.333);Ground_720_320:(-0.116, 0.936, 0.333);Ground_720_320:(-0.116, 0.936, 0.333);Ground_720_320:(-0.116, 0.936, 0.333);Ground_720_320:(-0.116, 0.936, 0.333);"
7.900,112.620,797.653,83.869,-105.014,12.437,-2.800,6.113,-10.471,1.000,0.000,0.083,4,14.030,2.443,0.862,"Ground_720_320:(-0.102, 0.779, 0.619);Ground_720_320:(-0.102, 0.779, 0.619);Ground_720_320:(-0.108, 0.857, 0.504);Ground_720_320:(-0.108, 0.857, 0.504);Ground_720_320:(-0.108, 0.857, 0.504);Ground_720_320:(-0.108, 0.857, 0.504);Ground_720_320:(-0.108, 0.857, 0.504);Ground_720_320:(-0.108, 0.857, 0.504);Ground_720_320:(-0.101, 0.941, 0.325);Ground_720_320:(-0.101, 0.941, 0.325);Ground_720_320:(-0.101, 0.941, 0.325);"
7.920,112.587,797.594,83.992,-105.220,12.608,-2.877,6.318,-10.529,1.000,0.000,0.085,4,12.035,6.480,0.850,"Ground_720_320:(-0.102, 0.779, 0.619);Ground_720_320:(-0.102, 0.779, 0.619);Ground_720_320:(-0.102, 0.779, 0.619);Ground_720_320:(-0.102, 0.779, 0.619);Ground_720_320:(-0.120, 0.851, 0.512);Ground_720_320:(-0.120, 0.851, 0.512);Ground_720_320:(-0.120, 0.851, 0.512);Ground_720_320:(-0.120, 0.851, 0.512);Ground_720_320:(-0.120, 0.851, 0.512);Ground_720_320:(-0.120, 0.851, 0.512);"
7.940,112.553,797.533,84.119,-105.427,12.785,-2.958,6.529,-10.590,1.000,0.000,0.087,4,13.126,5.630,0.839,"Ground_720_320:(-0.102, 0.779, 0.619);Ground_720_320:(-0.102, 0.779, 0.619);Ground_720_320:(-0.102, 0.779, 0.619);Ground_720_320:(-0.102, 0.779, 0.619);Ground_720_320:(-0.120, 0.851, 0.512);Ground_720_320:(-0.120, 0.851, 0.512);Ground_720_320:(-0.120, 0.851, 0.512);Ground_720_320:(-0.120, 0.851, 0.512);Ground_720_320:(-0.120, 0.851, 0.512);Ground_720_320:(-0.120, 0.851, 0.512);"
7.960,112.204,797.471,84.252,-105.635,12.954,-3.043,6.769,-10.619,1.000,0.000,0.093,4,14.308,5.512,0.829,"Ground_720_320:(-0.102, 0.779, 0.619);Ground_720_320:(-0.102, 0.779, 0.619);Ground_720_320:(-0.102, 0.779, 0.619);Ground_720_320:(-0.102, 0.779, 0.619);Ground_720_320:(-0.113, 0.848, 0.517);Ground_720_320:(-0.113, 0.848, 0.517);Ground_720_320:(-0.113, 0.848, 0.517);Ground_720_320:(-0.113, 0.848, 0.517);Ground_720_320:(-0.113, 0.848, 0.517);Ground_720_320:(-0.113, 0.848, 0.517);"
7.980,112.172,797.408,84.389,-105.844,13.123,-3.134,7.004,-10.647,1.000,0.000,0.095,4,14.842,5.007,0.820,"Ground_720_320:(-0.102, 0.779, 0.619);Ground_720_320:(-0.102, 0.779, 0.619);Ground_720_320:(-0.102, 0.779, 0.619);Ground_720_320:(-0.102, 0.779, 0.619);Ground_720_320:(-0.113, 0.848, 0.517);Ground_720_320:(-0.113, 0.848, 0.517);Ground_720_320:(-0.113, 0.848, 0.517);Ground_720_320:(-0.113, 0.848, 0.517);Ground_720_320:(-0.113, 0.848, 0.517);Ground_720_320:(-0.113, 0.848, 0.517);"
8.000,112.140,797.343,84.531,-106.055,13.301,-3.236,7.205,-10.704,1.000,0.000,0.098,4,15.039,4.563,0.813,"Ground_720_320:(-0.111, 0.782, 0.614);Ground_720_320:(-0.111, 0.782, 0.614);Ground_720_320:(-0.111, 0.782, 0.614);Ground_720_320:(-0.111, 0.782, 0.614);Ground_720_320:(-0.111, 0.782, 0.614);Ground_720_320:(-0.111, 0.782, 0.614);Ground_720_320:(-0.128, 0.847, 0.516);Ground_720_320:(-0.128, 0.847, 0.516);Ground_720_320:(-0.128, 0.847, 0.516);Ground_720_320:(-0.128, 0.847, 0.516);Ground_720_320:(-0.128, 0.847, 0.516);Ground_720_320:(-0.128, 0.847, 0.516);"
8.020,112.107,797.276,84.678,-106.268,13.476,-3.341,7.401,-10.756,1.000,0.000,0.101,4,15.064,3.968,0.807,"Ground_720_320:(-0.111, 0.782, 0.614);Ground_720_320:(-0.111, 0.782, 0.614);Ground_720_320:(-0.111, 0.782, 0.614);Ground_720_320:(-0.111, 0.782, 0.614);Ground_720_320:(-0.111, 0.782, 0.614);Ground_720_320:(-0.111, 0.782, 0.614);Ground_720_320:(-0.098, 0.850, 0.518);Ground_720_320:(-0.098, 0.850, 0.518);Ground_720_320:(-0.098, 0.850, 0.518);Ground_720_320:(-0.098, 0.850, 0.518);Ground_720_320:(-0.098, 0.850, 0.518);Ground_720_320:(-0.098, 0.850, 0.518);"
8.040,112.072,797.207,84.828,-106.482,13.647,-3.448,7.582,-10.813,1.000,0.000,0.103,4,14.531,3.603,0.801,"Ground_720_320:(-0.119, 0.785, 0.609);Ground_720_320:(-0.119, 0.785, 0.609);Ground_720_320:(-0.119, 0.785, 0.609);Ground_720_320:(-0.119, 0.785, 0.609);Ground_720_320:(-0.119, 0.785, 0.609);Ground_720_320:(-0.119, 0.785, 0.609);Ground_720_320:(-0.105, 0.852, 0.513);Ground_720_320:(-0.105, 0.852, 0.513);Ground_720_320:(-0.105, 0.852, 0.513);Ground_720_320:(-0.105, 0.852, 0.513);Ground_720_320:(-0.105, 0.852, 0.513);Ground_720_320:(-0.105, 0.852, 0.513);"
8.060,112.037,797.136,84.982,-106.698,13.816,-3.561,7.766,-10.861,1.000,0.000,0.105,4,14.084,2.011,0.797,"Ground_720_320:(-0.119, 0.785, 0.609);Ground_720_320:(-0.119, 0.785, 0.609);Ground_720_320:(-0.119, 0.785, 0.609);Ground_720_320:(-0.119, 0.785, 0.609);Ground_720_320:(-0.119, 0.785, 0.609);Ground_720_320:(-0.119, 0.785, 0.609);Ground_720_320:(-0.112, 0.855, 0.507);Ground_720_320:(-0.112, 0.855, 0.507);Ground_720_320:(-0.112, 0.855, 0.507);Ground_720_320:(-0.112, 0.855, 0.507);"
8.080,111.999,797.062,85.140,-106.914,13.984,-3.680,7.946,-10.906,1.000,0.000,0.107,4,14.026,1.862,0.793,"Ground_720_320:(-0.119, 0.785, 0.609);Ground_720_320:(-0.119, 0.785, 0.609);Ground_720_320:(-0.119, 0.785, 0.609);Ground_720_320:(-0.119, 0.785, 0.609);Ground_720_320:(-0.119, 0.785, 0.609);Ground_720_320:(-0.119, 0.785, 0.609);"
8.100,111.960,796.986,85.301,-107.132,14.149,-3.803,8.118,-10.951,1.000,0.000,0.110,4,13.724,1.686,0.789,"Ground_720_320:(-0.116, 0.769, 0.628);Ground_720_320:(-0.116, 0.769, 0.628);Ground_720_320:(-0.116, 0.769, 0.628);Ground_720_320:(-0.116, 0.769, 0.628);Ground_720_320:(-0.116, 0.769, 0.628);Ground_720_320:(-0.116, 0.769, 0.628);"
8.120,111.919,796.908,85.466,-107.351,14.312,-3.933,8.283,-10.996,1.000,0.000,0.112,4,13.285,1.139,0.786,"Ground_720_320:(-0.116, 0.769, 0.628);Ground_720_320:(-0.116, 0.769, 0.628);Ground_720_320:(-0.116, 0.769, 0.628);Ground_720_320:(-0.116, 0.769, 0.628);Ground_720_320:(-0.116, 0.769, 0.628);Ground_720_320:(-0.116, 0.769, 0.628);"
8.140,111.877,796.826,85.634,-107.571,14.474,-4.069,8.448,-11.035,1.000,0.000,0.114,4,13.262,0.648,0.784,"Ground_720_320:(-0.119, 0.756, 0.644);Ground_720_320:(-0.119, 0.756, 0.644);Ground_720_320:(-0.119, 0.756, 0.644);Ground_720_320:(-0.119, 0.756, 0.644);Ground_720_320:(-0.119, 0.756, 0.644);Ground_720_320:(-0.119, 0.756, 0.644);"
8.160,111.832,796.742,85.806,-107.791,14.634,-4.211,8.604,-11.075,1.000,0.000,0.116,4,12.945,0.650,0.781,"Ground_720_320:(-0.124, 0.757, 0.641);Ground_720_320:(-0.124, 0.757, 0.641);Ground_720_320:(-0.124, 0.757, 0.641);Ground_720_320:(-0.124, 0.757, 0.641);Ground_720_320:(-0.124, 0.757, 0.641);Ground_720_320:(-0.124, 0.757, 0.641);"
8.180,111.785,796.655,85.980,-108.013,14.793,-4.358,8.744,-11.123,1.000,0.000,0.118,4,12.328,0.778,0.779,"Ground_720_320:(-0.129, 0.759, 0.638);Ground_720_320:(-0.129, 0.759, 0.638);Ground_720_320:(-0.129, 0.759, 0.638);Ground_720_320:(-0.129, 0.759, 0.638);Ground_720_320:(-0.129, 0.759, 0.638);Ground_720_320:(-0.129, 0.759, 0.638);"
8.200,111.735,796.565,86.156,-108.236,14.951,-4.509,8.867,-11.177,1.000,0.000,0.120,4,11.572,0.856,0.776,"Ground_720_320:(-0.133, 0.761, 0.635);Ground_720_320:(-0.133, 0.761, 0.635);Ground_720_320:(-0.133, 0.761, 0.635);Ground_720_320:(-0.133, 0.761, 0.635);Ground_720_320:(-0.133, 0.761, 0.635);Ground_720_320:(-0.133, 0.761, 0.635);"
8.220,111.683,796.472,86.335,-108.459,15.108,-4.664,8.976,-11.238,1.000,0.000,0.122,4,10.833,0.888,0.774,"Ground_720_320:(-0.121, 0.762, 0.636);Ground_720_320:(-0.121, 0.762, 0.636);Ground_720_320:(-0.121, 0.762, 0.636);Ground_720_320:(-0.121, 0.762, 0.636);Ground_720_320:(-0.121, 0.762, 0.636);Ground_720_320:(-0.121, 0.762, 0.636);"
8.240,111.629,796.375,86.516,-108.685,15.263,-4.826,9.084,-11.294,1.000,0.000,0.124,4,10.489,0.286,0.772,"Ground_720_320:(-0.121, 0.762, 0.636);Ground_720_320:(-0.121, 0.762, 0.636);Ground_720_320:(-0.121, 0.762, 0.636);Ground_720_320:(-0.121, 0.762, 0.636);Ground_720_320:(-0.121, 0.762, 0.636);Ground_720_320:(-0.121, 0.762, 0.636);"
8.260,111.571,796.275,86.699,-108.911,15.417,-4.993,9.187,-11.348,1.000,0.000,0.126,4,10.451,0.419,0.769,"Ground_720_320:(-0.119, 0.746, 0.655);Ground_720_320:(-0.119, 0.746, 0.655);Ground_720_320:(-0.119, 0.746, 0.655);Ground_720_320:(-0.119, 0.746, 0.655);Ground_720_320:(-0.119, 0.746, 0.655);Ground_720_320:(-0.119, 0.746, 0.655);"
8.280,111.511,796.172,86.884,-109.138,15.570,-5.164,9.288,-11.399,1.000,0.000,0.128,4,10.449,0.483,0.767,"Ground_720_240:(-0.134, 0.740, 0.659);Ground_720_240:(-0.134, 0.740, 0.659);Ground_720_240:(-0.134, 0.740, 0.659);Ground_720_240:(-0.134, 0.740, 0.659);Ground_720_240:(-0.134, 0.740, 0.659);Ground_720_240:(-0.134, 0.740, 0.659);Ground_720_320:(-0.103, 0.756, 0.647);Ground_720_320:(-0.103, 0.756, 0.647);Ground_720_320:(-0.103, 0.756, 0.647);Ground_720_320:(-0.103, 0.756, 0.647);Ground_720_320:(-0.103, 0.756, 0.647);Ground_720_320:(-0.103, 0.756, 0.647);"
8.300,111.448,796.065,87.071,-109.366,15.722,-5.341,9.381,-11.450,1.000,0.000,0.131,4,10.221,0.585,0.764,"Ground_720_320:(-0.115, 0.760, 0.639);Ground_720_320:(-0.115, 0.760, 0.639);Ground_720_320:(-0.115, 0.760, 0.639);Ground_720_320:(-0.115, 0.760, 0.639);Ground_720_320:(-0.115, 0.760, 0.639);Ground_720_320:(-0.115, 0.760, 0.639);Ground_720_240:(-0.110, 0.738, 0.666);Ground_720_240:(-0.110, 0.738, 0.666);Ground_720_240:(-0.110, 0.738, 0.666);Ground_720_240:(-0.110, 0.738, 0.666);Ground_720_240:(-0.110, 0.738, 0.666);Ground_720_240:(-0.110, 0.738, 0.666);"
8.320,111.382,795.955,87.260,-109.595,15.872,-5.522,9.471,-11.498,1.000,0.000,0.133,4,10.082,0.449,0.762,"Ground_720_320:(-0.116, 0.763, 0.636);Ground_720_320:(-0.116, 0.763, 0.636);Ground_720_320:(-0.116, 0.763, 0.636);Ground_720_320:(-0.116, 0.763, 0.636);Ground_720_320:(-0.116, 0.763, 0.636);Ground_720_320:(-0.116, 0.763, 0.636);Ground_720_240:(-0.110, 0.738, 0.666);Ground_720_240:(-0.110, 0.738, 0.666);Ground_720_240:(-0.110, 0.738, 0.666);Ground_720_240:(-0.110, 0.738, 0.666);Ground_720_240:(-0.110, 0.738, 0.666);Ground_720_240:(-0.110, 0.738, 0.666);"
8.340,111.312,795.841,87.451,-109.825,16.021,-5.709,9.556,-11.544,1.000,0.000,0.135,4,9.964,0.484,0.760,"Ground_720_320:(-0.116, 0.761, 0.639);Ground_720_320:(-0.116, 0.761, 0.639);Ground_720_320:(-0.116, 0.761, 0.639);Ground_720_320:(-0.116, 0.761, 0.639);Ground_720_320:(-0.116, 0.761, 0.639);Ground_720_320:(-0.116, 0.761, 0.639);Ground_720_240:(-0.100, 0.739, 0.666);Ground_720_240:(-0.100, 0.739, 0.666);Ground_720_240:(-0.100, 0.739, 0.666);Ground_720_240:(-0.100, 0.739, 0.666);Ground_720_240:(-0.100, 0.739, 0.666);Ground_720_240:(-0.100, 0.739, 0.666);"
8.360,111.239,795.723,87.643,-110.056,16.170,-5.901,9.635,-11.589,1.000,0.000,0.138,4,9.804,0.535,0.758,"Ground_720_320:(-0.115, 0.759, 0.641);Ground_720_320:(-0.115, 0.759, 0.641);Ground_720_320:(-0.115, 0.759, 0.641);Ground_720_320:(-0.115, 0.759, 0.641);Ground_720_320:(-0.115, 0.759, 0.641);Ground_720_320:(-0.115, 0.759, 0.641);Ground_720_240:(-0.100, 0.739, 0.666);Ground_720_240:(-0.100, 0.739, 0.666);Ground_720_240:(-0.100, 0.739, 0.666);Ground_720_240:(-0.100, 0.739, 0.666);Ground_720_240:(-0.100, 0.739, 0.666);Ground_720_240:(-0.100, 0.739, 0.666);"
8.380,111.163,795.602,87.836,-110.288,16.317,-6.097,9.712,-11.631,1.000,0.000,0.140,4,9.677,0.641,0.755,"Ground_720_320:(-0.105, 0.756, 0.646);Ground_720_320:(-0.105, 0.756, 0.646);Ground_720_320:(-0.105, 0.756, 0.646);Ground_720_320:(-0.105, 0.756, 0.646);Ground_720_320:(-0.105, 0.756, 0.646);Ground_720_320:(-0.105, 0.756, 0.646);Ground_720_240:(-0.100, 0.743, 0.661);Ground_720_240:(-0.100, 0.743, 0.661);Ground_720_240:(-0.100, 0.743, 0.661);Ground_720_240:(-0.100, 0.743, 0.661);Ground_720_240:(-0.100, 0.743, 0.661);Ground_720_240:(-0.100, 0.743, 0.661);"
8.400,111.083,795.476,88.031,-110.521,16.463,-6.299,9.781,-11.671,1.000,0.000,0.143,4,9.552,0.618,0.753,"Ground_720_320:(-0.104, 0.755, 0.648);Ground_720_320:(-0.104, 0.755, 0.648);Ground_720_320:(-0.104, 0.755, 0.648);Ground_720_320:(-0.104, 0.755, 0.648);Ground_720_320:(-0.104, 0.755, 0.648);Ground_720_320:(-0.104, 0.755, 0.648);Ground_720_240:(-0.100, 0.743, 0.661);Ground_720_240:(-0.100, 0.743, 0.661);Ground_720_240:(-0.100, 0.743, 0.661);Ground_720_240:(-0.100, 0.743, 0.661);Ground_720_240:(-0.100, 0.743, 0.661);Ground_720_240:(-0.100, 0.743, 0.661);"
8.420,110.999,795.346,88.228,-110.754,16.608,-6.507,9.843,-11.710,1.000,0.000,0.146,4,9.427,0.714,0.751,"Ground_720_320:(-0.123, 0.753, 0.646);Ground_720_320:(-0.123, 0.753, 0.646);Ground_720_320:(-0.123, 0.753, 0.646);Ground_720_240:(-0.103, 0.745, 0.660);Ground_720_240:(-0.103, 0.745, 0.660);Ground_720_240:(-0.103, 0.745, 0.660);Ground_720_240:(-0.103, 0.745, 0.660);Ground_720_240:(-0.103, 0.745, 0.660);Ground_720_240:(-0.103, 0.745, 0.660);"
8.440,110.912,795.212,88.425,-110.988,16.752,-6.720,9.902,-11.745,1.000,0.000,0.148,4,9.311,0.704,0.749,"Ground_720_240:(-0.104, 0.745, 0.659);Ground_720_240:(-0.104, 0.745, 0.659);Ground_720_240:(-0.104, 0.745, 0.659);Ground_720_240:(-0.104, 0.745, 0.659);Ground_720_240:(-0.104, 0.745, 0.659);Ground_720_240:(-0.104, 0.745, 0.659);"
8.460,110.820,795.074,88.624,-111.223,16.895,-6.938,9.955,-11.779,1.000,0.000,0.151,4,9.137,0.699,0.747,"Ground_720_240:(-0.104, 0.748, 0.656);Ground_720_240:(-0.104, 0.748, 0.656);Ground_720_240:(-0.104, 0.748, 0.656);Ground_720_240:(-0.104, 0.748, 0.656);Ground_720_240:(-0.104, 0.748, 0.656);Ground_720_240:(-0.104, 0.748, 0.656);"
8.480,110.725,794.931,88.823,-111.459,17.036,-7.162,9.998,-11.813,1.000,0.000,0.154,4,8.861,0.790,0.746,"Ground_720_240:(-0.095, 0.750, 0.655);Ground_720_240:(-0.095, 0.750, 0.655);Ground_720_240:(-0.095, 0.750, 0.655);Ground_720_240:(-0.095, 0.750, 0.655);Ground_720_240:(-0.095, 0.750, 0.655);Ground_720_240:(-0.095, 0.750, 0.655);"
8.500,110.625,794.784,89.023,-111.695,17.177,-7.390,10.030,-11.848,1.000,0.000,0.157,4,8.466,0.703,0.744,"Ground_720_240:(-0.096, 0.750, 0.654);Ground_720_240:(-0.096, 0.750, 0.654);Ground_720_240:(-0.096, 0.750, 0.654);Ground_720_240:(-0.096, 0.750, 0.654);Ground_720_240:(-0.096, 0.750, 0.654);Ground_720_240:(-0.096, 0.750, 0.654);"
8.520,110.521,794.632,89.224,-111.933,17.316,-7.624,10.046,-11.889,1.000,0.000,0.160,4,7.902,0.815,0.744,"Ground_720_240:(-0.100, 0.752, 0.652);Ground_720_240:(-0.100, 0.752, 0.652);Ground_720_240:(-0.100, 0.752, 0.652);Ground_720_240:(-0.100, 0.752, 0.652);Ground_720_240:(-0.100, 0.752, 0.652);Ground_720_240:(-0.100, 0.752, 0.652);"
8.540,110.200,794.475,89.425,-112.171,17.455,-7.862,10.048,-11.935,1.000,0.000,0.165,4,7.213,0.651,0.743,"Ground_720_240:(-0.096, 0.754, 0.650);Ground_720_240:(-0.096, 0.754, 0.650);Ground_720_240:(-0.096, 0.754, 0.650);Ground_720_240:(-0.096, 0.754, 0.650);Ground_720_240:(-0.096, 0.754, 0.650);Ground_720_240:(-0.096, 0.754, 0.650);"
8.560,110.089,794.313,89.626,-112.411,17.592,-8.105,10.037,-11.984,1.000,0.000,0.168,4,6.560,0.451,0.743,"Ground_720_240:(-0.096, 0.754, 0.650);Ground_720_240:(-0.096, 0.754, 0.650);Ground_720_240:(-0.096, 0.754, 0.650);Ground_720_240:(-0.096, 0.754, 0.650);Ground_720_240:(-0.096, 0.754, 0.650);Ground_720_240:(-0.096, 0.754, 0.650);"
8.580,109.974,794.146,89.826,-112.652,17.729,-8.353,10.012,-12.037,1.000,0.000,0.171,4,5.954,0.443,0.743,"Ground_720_240:(-0.097, 0.755, 0.648);Ground_720_240:(-0.097, 0.755, 0.648);Ground_720_240:(-0.097, 0.755, 0.648);Ground_720_240:(-0.097, 0.755, 0.648);Ground_720_240:(-0.097, 0.755, 0.648);Ground_720_240:(-0.097, 0.755, 0.648);"
8.600,109.855,793.974,90.026,-112.894,17.865,-8.606,9.976,-12.091,1.000,0.000,0.174,4,5.426,0.406,0.744,"Ground_720_240:(-0.090, 0.761, 0.642);Ground_720_240:(-0.090, 0.761, 0.642);Ground_720_240:(-0.090, 0.761, 0.642);Ground_720_240:(-0.090, 0.761, 0.642);Ground_720_240:(-0.090, 0.761, 0.642);Ground_720_240:(-0.090, 0.761, 0.642);"
8.620,109.730,793.797,90.224,-113.137,18.001,-8.864,9.921,-12.151,1.000,0.000,0.177,4,4.843,0.434,0.744,"Ground_720_240:(-0.102, 0.769, 0.631);Ground_720_240:(-0.102, 0.769, 0.631);Ground_720_240:(-0.102, 0.769, 0.631);Ground_720_240:(-0.102, 0.769, 0.631);Ground_720_240:(-0.102, 0.769, 0.631);Ground_720_240:(-0.102, 0.769, 0.631);"
8.640,109.600,793.615,90.421,-113.381,18.137,-9.127,9.845,-12.220,1.000,0.000,0.180,4,4.035,0.910,0.745,"Ground_720_240:(-0.092, 0.777, 0.622);Ground_720_240:(-0.092, 0.777, 0.622);Ground_720_240:(-0.092, 0.777, 0.622);Ground_720_240:(-0.092, 0.777, 0.622);Ground_720_240:(-0.092, 0.777, 0.622);Ground_720_240:(-0.092, 0.777, 0.622);"
8.660,109.464,793.427,90.617,-113.628,18.272,-9.394,9.750,-12.295,1.000,0.000,0.183,4,2.933,0.730,0.747,"Ground_720_240:(-0.092, 0.777, 0.622);Ground_720_240:(-0.092, 0.777, 0.622);Ground_720_240:(-0.092, 0.777, 0.622);Ground_720_240:(-0.092, 0.777, 0.622);Ground_720_240:(-0.092, 0.777, 0.622);Ground_720_240:(-0.092, 0.777, 0.622);"
8.680,109.323,793.234,90.810,-113.876,18.408,-9.668,9.638,-12.374,1.000,0.000,0.186,4,2.211,0.541,0.749,"Ground_720_240:(-0.093, 0.767, 0.635);Ground_720_240:(-0.093, 0.767, 0.635);Ground_720_240:(-0.093, 0.767, 0.635);Ground_720_240:(-0.093, 0.767, 0.635);Ground_720_240:(-0.093, 0.767, 0.635);Ground_720_240:(-0.093, 0.767, 0.635);"
8.700,109.177,793.035,91.001,-114.126,18.543,-9.948,9.519,-12.448,1.000,0.000,0.189,3,2.052,0.424,0.751,"Ground_720_240:(-0.093, 0.759, 0.645);Ground_720_240:(-0.093, 0.759, 0.645);Ground_720_240:(-0.093, 0.759, 0.645);Ground_720_240:(-0.093, 0.759, 0.645);Ground_720_240:(-0.093, 0.759, 0.645);Ground_720_240:(-0.093, 0.759, 0.645);"
8.720,109.024,792.830,91.190,-114.377,18.679,-10.234,9.388,-12.521,1.000,0.000,0.191,2,1.811,0.434,0.754,"Ground_720_240:(-0.097, 0.761, 0.641);Ground_720_240:(-0.097, 0.761, 0.641);Ground_720_240:(-0.097, 0.761, 0.641);Ground_720_240:(-0.097, 0.761, 0.641);Ground_720_240:(-0.097, 0.761, 0.641);Ground_720_240:(-0.097, 0.761, 0.641);"
8.740,108.865,792.620,91.375,-114.630,18.816,-10.525,9.236,-12.598,1.000,0.000,0.194,2,1.072,0.748,0.756,"Ground_720_240:(-0.101, 0.779, 0.619);Ground_720_240:(-0.101, 0.779, 0.619);Ground_720_240:(-0.101, 0.779, 0.619);Ground_720_240:(-0.101, 0.779, 0.619);Ground_720_240:(-0.101, 0.779, 0.619);Ground_720_240:(-0.101, 0.779, 0.619);"
8.760,108.701,792.403,91.557,-114.884,18.953,-10.821,9.068,-12.677,1.000,0.000,0.197,2,0.340,0.612,0.759,"Ground_720_240:(-0.094, 0.811, 0.577);Ground_720_240:(-0.094, 0.811, 0.577);Ground_720_240:(-0.094, 0.811, 0.577);Ground_720_240:(-0.094, 0.811, 0.577);Ground_720_240:(-0.094, 0.811, 0.577);Ground_720_240:(-0.094, 0.811, 0.577);"
8.780,108.530,792.187,91.736,-115.139,18.840,-10.816,8.868,-12.672,1.000,0.000,0.199,1,0.002,1.148,0.763,"Ground_720_240:(-0.103, 0.802, 0.588);Ground_720_240:(-0.103, 0.802, 0.588);Ground_720_240:(-0.103, 0.802, 0.588);Ground_720_240:(-0.103, 0.802, 0.588);Ground_720_240:(-0.103, 0.802, 0.588);Ground_720_240:(-0.103, 0.802, 0.588);Ground_720_240:(-0.138, 0.888, 0.439);"
8.800,108.196,791.971,91.910,-115.393,18.727,-10.812,8.669,-12.667,1.000,0.000,0.202,0,0.000,1.128,0.766,"Ground_720_240:(-0.104, 0.813, 0.573);Ground_720_240:(-0.104, 0.813, 0.573);Ground_720_240:(-0.104, 0.813, 0.573);Ground_720_240:(-0.104, 0.813, 0.573);Ground_720_240:(-0.104, 0.813, 0.573);Ground_720_240:(-0.104, 0.813, 0.573);Ground_720_240:(-0.138, 0.888, 0.439);"
8.820,108.027,791.755,92.080,-115.648,18.612,-10.808,8.469,-12.662,1.000,0.000,0.203,0,0.000,1.107,0.770,"Ground_720_240:(-0.105, 0.816, 0.569);Ground_720_240:(-0.105, 0.816, 0.569);Ground_720_240:(-0.105, 0.816, 0.569);Ground_720_240:(-0.105, 0.816, 0.569);Ground_720_240:(-0.105, 0.816, 0.569);Ground_720_240:(-0.105, 0.816, 0.569);Ground_720_240:(-0.128, 0.885, 0.447);Ground_720_240:(-0.128, 0.885, 0.447);"
8.840,107.857,791.539,92.247,-115.902,18.498,-10.803,8.269,-12.657,1.000,0.000,0.204,0,0.000,1.086,0.774,"Ground_720_240:(-0.105, 0.816, 0.569);Ground_720_240:(-0.105, 0.816, 0.569);Ground_720_240:(-0.105, 0.816, 0.569);Ground_720_240:(-0.105, 0.816, 0.569);Ground_720_240:(-0.105, 0.816, 0.569);Ground_720_240:(-0.105, 0.816, 0.569);Ground_720_240:(-0.128, 0.885, 0.447);Ground_720_240:(-0.128, 0.885, 0.447);"
8.860,107.688,791.323,92.409,-116.157,18.383,-10.799,8.070,-12.652,1.000,0.000,0.206,0,0.000,1.065,0.778,"Ground_720_240:(-0.105, 0.816, 0.569);Ground_720_240:(-0.105, 0.816, 0.569);Ground_720_240:(-0.105, 0.816, 0.569);Ground_720_240:(-0.105, 0.816, 0.569);Ground_720_240:(-0.105, 0.816, 0.569);Ground_720_240:(-0.105, 0.816, 0.569);Ground_720_240:(-0.128, 0.885, 0.447);Ground_720_240:(-0.128, 0.885, 0.447);"
8.880,107.517,791.107,92.568,-116.411,18.267,-10.795,7.871,-12.647,1.000,0.000,0.207,0,0.000,1.044,0.782,"Ground_720_240:(-0.101, 0.820, 0.563);Ground_720_240:(-0.101, 0.820, 0.563);Ground_720_240:(-0.101, 0.820, 0.563);Ground_720_240:(-0.101, 0.820, 0.563);Ground_720_240:(-0.101, 0.820, 0.563);Ground_720_240:(-0.101, 0.820, 0.563);Ground_720_240:(-0.125, 0.884, 0.450);Ground_720_240:(-0.125, 0.884, 0.450);Ground_720_240:(-0.125, 0.884, 0.450);"
8.900,107.346,790.892,92.723,-116.665,18.152,-10.791,7.671,-12.642,1.000,0.000,0.209,0,0.000,1.022,0.787,"Ground_720_240:(-0.112, 0.826, 0.552);Ground_720_240:(-0.112, 0.826, 0.552);Ground_720_240:(-0.112, 0.826, 0.552);"
8.920,107.175,790.676,92.874,-116.920,18.037,-10.786,7.472,-12.637,1.000,0.000,0.211,0,0.000,1.000,0.791,""
8.940,107.003,790.460,93.020,-117.174,17.922,-10.782,7.273,-12.632,1.000,0.000,0.212,0,0.000,0.978,0.796,""
8.960,106.830,790.245,93.163,-117.429,17.807,-10.778,7.074,-12.626,1.000,0.000,0.214,0,0.000,0.956,0.801,""
8.980,106.657,790.030,93.302,-117.683,17.693,-10.773,6.875,-12.621,1.000,0.000,0.217,0,0.000,0.934,0.806,""
9.000,106.483,789.815,93.437,-117.937,17.579,-10.769,6.676,-12.616,1.000,0.000,0.219,0,0.000,0.911,0.811,""
9.020,106.190,789.599,93.568,-118.192,17.465,-10.765,6.477,-12.611,1.000,0.000,0.222,0,0.000,0.888,0.817,""
9.040,106.018,789.384,93.695,-118.446,17.353,-10.760,6.279,-12.606,1.000,0.000,0.225,0,0.000,0.865,0.822,""
9.060,105.846,789.169,93.818,-118.700,17.241,-10.756,6.080,-12.601,1.000,0.000,0.227,0,0.000,0.842,0.828,""
9.080,105.673,788.955,93.938,-118.954,17.129,-10.752,5.882,-12.596,1.000,0.000,0.230,0,0.000,0.819,0.833,""
9.100,105.500,788.740,94.053,-119.209,17.019,-10.747,5.683,-12.591,1.000,0.000,0.233,0,0.000,0.795,0.839,""
9.120,105.326,788.525,94.164,-119.463,16.909,-10.743,5.485,-12.586,1.000,0.000,0.236,0,0.000,0.772,0.844,""
9.140,105.152,788.311,94.271,-119.717,16.800,-10.739,5.286,-12.581,1.000,0.000,0.239,0,0.000,0.748,0.850,""
9.160,104.977,788.096,94.375,-119.971,16.692,-10.735,5.088,-12.576,1.000,0.000,0.243,0,0.000,0.725,0.856,""
9.180,104.801,787.882,94.474,-120.225,16.585,-10.730,4.890,-12.571,1.000,0.000,0.246,0,0.000,0.701,0.862,""
9.200,104.625,787.667,94.570,-120.479,16.479,-10.726,4.692,-12.566,1.000,0.000,0.250,0,0.000,0.677,0.867,""
9.220,104.449,787.453,94.661,-120.733,16.374,-10.722,4.494,-12.561,1.000,0.000,0.254,0,0.000,0.654,0.873,""
9.240,104.272,787.239,94.749,-120.987,16.270,-10.717,4.296,-12.556,1.000,0.000,0.258,0,0.000,0.630,0.878,""
9.260,104.017,787.025,94.832,-121.241,16.167,-10.713,4.098,-12.551,1.000,0.000,0.262,0,0.000,0.607,0.884,""
9.280,103.842,786.811,94.912,-121.495,16.065,-10.709,3.900,-12.546,1.000,0.000,0.266,0,0.000,0.584,0.889,""
9.300,103.667,786.597,94.987,-121.749,15.963,-10.705,3.703,-12.541,1.000,0.000,0.271,0,0.000,0.560,0.895,""
9.320,103.490,786.383,95.059,-122.003,15.863,-10.700,3.505,-12.536,1.000,0.000,0.275,0,0.000,0.538,0.900,""
9.340,103.313,786.169,95.126,-122.257,15.764,-10.696,3.308,-12.531,1.000,0.000,0.280,0,0.000,0.515,0.906,""
9.360,103.136,785.955,95.190,-122.510,15.666,-10.692,3.110,-12.526,1.000,0.000,0.285,0,0.000,0.492,0.911,""
9.380,102.958,785.742,95.250,-122.764,15.568,-10.687,2.913,-12.521,1.000,0.000,0.289,0,0.000,0.471,0.916,""
9.400,102.780,785.528,95.305,-123.018,15.472,-10.683,2.715,-12.516,1.000,0.000,0.294,0,0.000,0.449,0.921,""
9.420,102.600,785.315,95.357,-123.271,15.376,-10.679,2.518,-12.511,1.000,0.000,0.300,0,0.000,0.428,0.926,""
9.440,102.421,785.101,95.405,-123.525,15.281,-10.675,2.321,-12.506,1.000,0.000,0.305,0,0.000,0.407,0.930,""
9.460,102.241,784.888,95.449,-123.778,15.187,-10.670,2.124,-12.501,1.000,0.000,0.310,0,0.000,0.388,0.935,""
9.480,102.020,784.674,95.488,-124.031,15.094,-10.666,1.927,-12.496,1.000,0.000,0.314,0,0.000,0.369,0.939,""
9.500,101.842,784.461,95.524,-124.285,15.002,-10.662,1.730,-12.491,1.000,0.000,0.320,0,0.000,0.350,0.943,""
9.520,101.663,784.248,95.556,-124.538,14.910,-10.658,1.533,-12.486,1.000,0.000,0.325,0,0.000,0.333,0.948,""
9.540,101.484,784.035,95.584,-124.791,14.819,-10.653,1.337,-12.481,1.000,0.000,0.330,0,0.000,0.317,0.951,""
9.560,101.304,783.822,95.608,-125.044,14.729,-10.649,1.140,-12.476,1.000,0.000,0.336,0,0.000,0.303,0.955,""
9.580,101.123,783.609,95.628,-125.297,14.639,-10.645,0.943,-12.471,1.000,0.000,0.341,0,0.000,0.289,0.959,""
9.600,100.942,783.396,95.643,-125.550,14.550,-10.640,0.747,-12.466,1.000,0.000,0.346,0,0.000,0.278,0.962,""
9.620,100.760,783.184,95.655,-125.802,14.461,-10.636,0.551,-12.461,1.000,0.000,0.352,0,0.000,0.268,0.965,""
9.640,100.578,782.971,95.663,-126.055,14.373,-10.632,0.354,-12.456,1.000,0.000,0.357,0,0.000,0.260,0.969,""
9.660,100.395,782.758,95.667,-126.308,14.285,-10.628,0.158,-12.451,1.000,0.000,0.362,0,0.000,0.254,0.971,""
9.680,100.212,782.546,95.667,-126.560,14.197,-10.623,-0.038,-12.446,1.000,0.000,0.367,0,0.000,0.250,0.974,""
9.700,100.023,782.333,95.663,-126.812,14.110,-10.619,-0.234,-12.441,1.000,0.000,0.372,0,0.000,0.249,0.977,""
9.720,99.841,782.121,95.655,-127.065,14.023,-10.615,-0.430,-12.436,1.000,0.000,0.376,0,0.000,0.249,0.979,""
9.740,99.659,781.909,95.643,-127.317,13.937,-10.611,-0.626,-12.431,1.000,0.000,0.381,0,0.000,0.251,0.981,""
9.760,99.476,781.696,95.628,-127.569,13.850,-10.606,-0.822,-12.426,1.000,0.000,0.385,0,0.000,0.255,0.983,""
9.780,99.293,781.484,95.608,-127.821,13.764,-10.602,-1.018,-12.421,1.000,0.000,0.390,0,0.000,0.261,0.985,""
9.800,99.109,781.272,95.584,-128.072,13.677,-10.598,-1.214,-12.416,1.000,0.000,0.394,0,0.000,0.269,0.987,""
9.820,98.925,781.060,95.556,-128.324,13.591,-10.594,-1.409,-12.411,1.000,0.000,0.398,0,0.000,0.277,0.988,""
9.840,98.740,780.848,95.524,-128.575,13.504,-10.590,-1.605,-12.406,1.000,0.000,0.402,0,0.000,0.286,0.990,""
9.860,98.555,780.636,95.489,-128.827,13.418,-10.585,-1.800,-12.401,1.000,0.000,0.405,0,0.000,0.297,0.991,""
9.880,98.369,780.424,95.449,-129.078,13.331,-10.581,-1.996,-12.396,1.000,0.000,0.408,0,0.000,0.308,0.992,""
9.900,98.182,780.213,95.406,-129.329,13.244,-10.577,-2.191,-12.391,1.000,0.000,0.411,0,0.000,0.319,0.993,""
9.920,98.021,780.001,95.358,-129.580,13.157,-10.573,-2.386,-12.386,1.000,0.000,0.415,0,0.000,0.331,0.993,""
9.940,97.836,779.790,95.307,-129.831,13.069,-10.568,-2.582,-12.381,1.000,0.000,0.418,0,0.000,0.343,0.994,""
9.960,97.651,779.578,95.251,-130.082,12.981,-10.564,-2.777,-12.376,1.000,0.000,0.420,0,0.000,0.355,0.994,""
9.980,97.465,779.367,95.192,-130.332,12.893,-10.560,-2.972,-12.371,1.000,0.000,0.422,0,0.000,0.367,0.995,""
10.000,97.279,779.156,95.128,-130.582,12.804,-10.556,-3.167,-12.366,1.000,0.000,0.424,0,0.000,0.379,0.995,""
10.020,97.092,778.944,95.061,-130.833,12.715,-10.551,-3.361,-12.362,1.000,0.000,0.426,0,0.000,0.392,0.995,""
10.040,96.904,778.733,94.990,-131.083,12.625,-10.547,-3.556,-12.357,1.000,0.000,0.427,0,0.000,0.404,0.995,""
10.060,96.716,778.522,94.915,-131.333,12.534,-10.543,-3.751,-12.352,1.000,0.000,0.428,0,0.000,0.415,0.995,""
10.080,96.527,778.311,94.836,-131.582,12.443,-10.539,-3.946,-12.347,1.000,0.000,0.429,0,0.000,0.427,0.994,""
10.100,96.338,778.100,94.753,-131.832,12.351,-10.535,-4.140,-12.342,1.000,0.000,0.429,0,0.000,0.438,0.994,""
10.120,96.148,777.889,94.666,-132.082,12.259,-10.530,-4.335,-12.337,1.000,0.000,0.430,0,0.000,0.449,0.994,""
10.140,96.013,777.679,94.576,-132.331,12.165,-10.526,-4.529,-12.332,1.000,0.000,0.432,0,0.000,0.459,0.993,""
10.160,95.825,777.468,94.481,-132.580,12.071,-10.522,-4.723,-12.327,1.000,0.000,0.432,0,0.000,0.470,0.992,""
10.180,95.636,777.257,94.382,-132.829,11.976,-10.518,-4.917,-12.322,1.000,0.000,0.431,0,0.000,0.479,0.992,""
10.200,95.447,777.047,94.280,-133.078,11.879,-10.514,-5.112,-12.317,1.000,0.000,0.431,0,0.000,0.489,0.991,""
10.220,95.258,776.837,94.174,-133.327,11.782,-10.509,-5.306,-12.312,1.000,0.000,0.430,0,0.000,0.498,0.990,""
10.240,95.067,776.626,94.063,-133.575,11.684,-10.505,-5.500,-12.307,1.000,0.000,0.428,0,0.000,0.506,0.989,""
10.260,94.877,776.416,93.949,-133.823,11.585,-10.501,-5.694,-12.302,1.000,0.000,0.427,0,0.000,0.514,0.988,""
10.280,94.685,776.206,93.831,-134.072,11.485,-10.497,-5.887,-12.297,1.000,0.000,0.425,0,0.000,0.522,0.987,""
10.300,94.493,775.996,93.709,-134.320,11.384,-10.493,-6.081,-12.292,1.000,0.000,0.423,0,0.000,0.529,0.986,""
10.320,94.301,775.786,93.583,-134.567,11.282,-10.488,-6.275,-12.288,1.000,0.000,0.421,0,0.000,0.536,0.985,""
10.340,94.108,775.576,93.454,-134.815,11.179,-10.484,-6.469,-12.283,1.000,0.000,0.419,0,0.000,0.542,0.984,""
10.360,93.967,775.366,93.320,-135.063,11.074,-10.480,-6.662,-12.278,1.000,0.000,0.419,0,0.000,0.548,0.983,""
10.380,93.805,775.157,93.183,-135.310,10.969,-10.476,-6.856,-12.273,1.000,0.000,0.417,0,0.000,0.553,0.982,""
10.400,93.613,774.947,93.042,-135.557,10.862,-10.472,-7.049,-12.268,1.000,0.000,0.414,0,0.000,0.558,0.981,""
10.420,93.421,774.737,92.896,-135.804,10.754,-10.467,-7.242,-12.263,1.000,0.000,0.411,0,0.000,0.563,0.980,""
10.440,93.228,774.528,92.747,-136.051,10.645,-10.463,-7.435,-12.258,1.000,0.000,0.408,0,0.000,0.567,0.979,""
10.460,93.034,774.319,92.595,-136.298,10.534,-10.459,-7.629,-12.253,1.000,0.000,0.405,0,0.000,0.570,0.978,""
10.480,92.841,774.109,92.438,-136.544,10.423,-10.455,-7.822,-12.248,1.000,0.000,0.401,0,0.000,0.573,0.977,""
10.500,92.646,773.900,92.277,-136.790,10.310,-10.451,-8.015,-12.243,1.000,0.000,0.398,0,0.000,0.576,0.976,""
10.520,92.451,773.691,92.113,-137.037,10.196,-10.446,-8.208,-12.239,1.000,0.000,0.394,0,0.000,0.578,0.974,""
10.540,92.256,773.482,91.945,-137.283,10.081,-10.442,-8.400,-12.234,1.000,0.000,0.390,0,0.000,0.580,0.973,""
10.560,92.060,773.273,91.772,-137.528,9.964,-10.438,-8.593,-12.229,1.000,0.000,0.386,0,0.000,0.581,0.973,""
10.580,91.920,773.065,91.596,-137.774,9.846,-10.434,-8.786,-12.224,1.000,0.000,0.384,0,0.000,0.582,0.972,""
10.600,91.774,772.856,91.417,-138.020,9.728,-10.430,-8.978,-12.219,1.000,0.000,0.381,0,0.000,0.582,0.971,""
10.620,91.579,772.647,91.233,-138.265,9.607,-10.426,-9.171,-12.214,1.000,0.000,0.377,0,0.000,0.582,0.970,""
10.640,91.383,772.439,91.045,-138.510,9.486,-10.421,-9.363,-12.209,1.000,0.000,0.373,0,0.000,0.582,0.969,""
10.660,91.187,772.230,90.854,-138.755,9.363,-10.417,-9.556,-12.204,1.000,0.000,0.369,0,0.000,0.581,0.968,""
10.680,90.991,772.022,90.659,-139.000,9.240,-10.413,-9.748,-12.199,1.000,0.000,0.364,0,0.000,0.579,0.967,""
10.700,90.794,771.814,90.460,-139.245,9.115,-10.409,-9.940,-12.195,1.000,0.000,0.360,0,0.000,0.578,0.967,""
10.720,90.596,771.606,90.257,-139.489,8.989,-10.405,-10.132,-12.190,1.000,0.000,0.355,0,0.000,0.576,0.966,""
10.740,90.398,771.398,90.050,-139.734,8.861,-10.401,-10.325,-12.185,1.000,0.000,0.351,0,0.000,0.573,0.966,""
10.760,90.200,771.190,89.840,-139.978,8.733,-10.396,-10.517,-12.180,1.000,0.000,0.346,0,0.000,0.571,0.965,""
10.780,90.000,770.982,89.626,-140.222,8.604,-10.392,-10.708,-12.175,1.000,0.000,0.342,0,0.000,0.567,0.965,""
10.800,89.879,770.774,89.408,-140.466,8.473,-10.388,-10.900,-12.170,1.000,0.000,0.339,0,0.000,0.564,0.964,""
10.820,89.729,770.567,89.186,-140.710,8.341,-10.384,-11.092,-12.165,1.000,0.000,0.335,0,0.000,0.560,0.964,""
10.840,89.531,770.359,88.960,-140.953,8.209,-10.380,-11.284,-12.160,1.000,0.000,0.331,0,0.000,0.556,0.963,""
10.860,89.332,770.152,88.730,-141.197,8.075,-10.376,-11.475,-12.156,1.000,0.000,0.326,0,0.000,0.551,0.963,""
10.880,89.133,769.944,88.497,-141.440,7.941,-10.371,-11.667,-12.151,1.000,0.000,0.322,0,0.000,0.546,0.963,""
10.900,88.934,769.737,88.260,-141.683,7.805,-10.367,-11.858,-12.146,1.000,0.000,0.317,0,0.000,0.541,0.963,""
10.920,88.734,769.530,88.019,-141.926,7.669,-10.363,-12.050,-12.141,1.000,0.000,0.313,0,0.000,0.536,0.963,""
10.940,88.533,769.323,87.774,-142.169,7.532,-10.359,-12.241,-12.136,1.000,0.000,0.308,0,0.000,0.530,0.963,""
10.960,88.332,769.116,87.525,-142.411,7.394,-10.355,-12.432,-12.131,1.000,0.000,0.304,0,0.000,0.524,0.963,""
10.980,88.130,768.909,87.273,-142.654,7.255,-10.351,-12.623,-12.126,1.000,0.000,0.299,0,0.000,0.518,0.963,""
11.000,87.928,768.702,87.016,-142.896,7.116,-10.347,-12.814,-12.122,1.000,0.000,0.295,0,0.000,0.511,0.963,""
11.020,87.844,768.496,86.756,-143.139,6.975,-10.342,-13.005,-12.117,1.000,0.000,0.292,0,0.000,0.504,0.963,""
11.040,87.669,768.289,86.493,-143.381,6.835,-10.338,-13.196,-12.112,1.000,0.000,0.288,0,0.000,0.497,0.963,""
11.060,87.468,768.083,86.225,-143.623,6.693,-10.334,-13.387,-12.107,1.000,0.000,0.284,0,0.000,0.490,0.964,""
11.080,87.266,767.876,85.953,-143.864,6.551,-10.330,-13.578,-12.102,1.000,0.000,0.280,0,0.000,0.482,0.964,""
11.100,87.064,767.670,85.678,-144.106,6.409,-10.326,-13.769,-12.097,1.000,0.000,0.275,0,0.000,0.474,0.964,""
11.120,86.861,767.464,85.399,-144.347,6.266,-10.322,-13.959,-12.092,1.000,0.000,0.271,0,0.000,0.466,0.965,""
11.140,86.658,767.258,85.116,-144.589,6.123,-10.318,-14.150,-12.088,1.000,0.000,0.267,0,0.000,0.458,0.965,""
11.160,86.455,767.052,84.830,-144.830,5.980,-10.314,-14.340,-12.083,1.000,0.000,0.263,0,0.000,0.450,0.966,""
11.180,86.250,766.846,84.539,-145.071,5.836,-10.309,-14.531,-12.078,1.000,0.000,0.259,0,0.000,0.441,0.966,""
11.200,86.046,766.640,84.245,-145.312,5.692,-10.305,-14.721,-12.073,1.000,0.000,0.255,0,0.000,0.433,0.967,""
11.220,85.841,766.434,83.947,-145.553,5.548,-10.301,-14.911,-12.068,1.000,0.000,0.251,0,0.000,0.424,0.967,""
11.240,85.795,766.229,83.645,-145.794,5.403,-10.297,-15.101,-12.064,1.000,0.000,0.249,0,0.000,0.414,0.968,""
11.260,85.591,766.023,83.339,-146.034,5.259,-10.293,-15.291,-12.059,1.000,0.000,0.245,0,0.000,0.405,0.969,""
11.280,85.387,765.818,83.030,-146.275,5.115,-10.289,-15.481,-12.054,1.000,0.000,0.242,0,0.000,0.396,0.969,""
11.300,85.182,765.613,82.717,-146.515,4.971,-10.285,-15.671,-12.049,1.000,0.000,0.238,0,0.000,0.386,0.970,""
11.320,84.977,765.408,82.400,-146.755,4.827,-10.281,-15.861,-12.044,1.000,0.000,0.233,0,0.000,0.377,0.971,""
11.340,84.771,765.202,82.079,-146.995,4.683,-10.276,-16.051,-12.039,1.000,0.000,0.230,0,0.000,0.367,0.972,""
11.360,84.565,764.997,81.754,-147.235,4.539,-10.272,-16.241,-12.035,1.000,0.000,0.226,0,0.000,0.357,0.973,""
11.380,84.358,764.793,81.426,-147.475,4.396,-10.268,-16.430,-12.030,1.000,0.000,0.222,0,0.000,0.347,0.973,""
11.400,84.150,764.588,81.094,-147.714,4.253,-10.264,-16.620,-12.025,1.000,0.000,0.218,0,0.000,0.337,0.974,""
11.420,83.943,764.383,80.758,-147.954,4.111,-10.260,-16.809,-12.020,1.000,0.000,0.214,0,0.000,0.327,0.975,""
11.440,83.801,764.178,80.418,-148.193,3.969,-10.256,-16.999,-12.015,1.000,0.000,0.211,0,0.000,0.317,0.976,""
11.460,83.700,763.974,80.074,-148.432,3.827,-10.252,-17.188,-12.011,1.000,0.000,0.209,0,0.000,0.307,0.977,"Ground_720_240:(-0.101, 0.898, -0.429);Ground_720_240:(-0.101, 0.898, -0.429);Ground_720_240:(-0.101, 0.898, -0.429);Ground_720_240:(-0.101, 0.898, -0.429);Ground_720_240:(-0.101, 0.898, -0.429);Ground_720_240:(-0.101, 0.898, -0.429);"
11.480,83.493,763.771,79.757,-148.681,3.647,-10.428,-15.750,-11.821,1.000,0.000,0.205,2,22.500,3.947,0.969,"Ground_720_240:(-0.095, 0.901, -0.424);Ground_720_240:(-0.095, 0.901, -0.424);Ground_720_240:(-0.095, 0.901, -0.424);Ground_720_240:(-0.095, 0.901, -0.424);Ground_720_240:(-0.095, 0.901, -0.424);Ground_720_240:(-0.095, 0.901, -0.424);Ground_720_240:(-0.082, 0.951, -0.299);Ground_720_240:(-0.082, 0.951, -0.299);Ground_720_240:(-0.082, 0.951, -0.299);Ground_720_240:(-0.082, 0.951, -0.299);Ground_720_240:(-0.082, 0.951, -0.299);Ground_720_240:(-0.082, 0.951, -0.299);"
11.500,83.293,763.544,79.599,-148.964,3.869,-11.120,-7.725,-13.474,1.000,0.000,0.202,4,45.000,13.567,0.955,"Ground_720_240:(-0.082, 0.909, -0.408);Ground_720_240:(-0.082, 0.909, -0.408);Ground_720_240:(-0.082, 0.909, -0.408);Ground_720_240:(-0.081, 0.955, -0.286);Ground_720_240:(-0.081, 0.955, -0.286);Ground_720_240:(-0.081, 0.955, -0.286);Ground_720_240:(-0.081, 0.955, -0.286);Ground_720_240:(-0.081, 0.955, -0.286);Ground_720_240:(-0.081, 0.955, -0.286);"
11.520,83.099,763.324,79.507,-149.228,4.077,-11.085,-4.654,-13.277,1.000,0.000,0.200,4,39.416,16.085,0.957,"Ground_720_240:(-0.065, 0.960, -0.272);Ground_720_240:(-0.065, 0.960, -0.272);Ground_720_240:(-0.065, 0.960, -0.272);Ground_720_240:(-0.065, 0.960, -0.272);Ground_720_240:(-0.065, 0.960, -0.272);Ground_720_240:(-0.065, 0.960, -0.272);"
11.540,82.918,763.103,79.423,-149.479,4.393,-11.139,-4.314,-12.676,1.000,0.000,0.199,4,17.871,1.785,0.959,"Ground_720_240:(-0.065, 0.960, -0.272);Ground_720_240:(-0.065, 0.960, -0.272);Ground_720_240:(-0.065, 0.960, -0.272);Ground_720_240:(-0.065, 0.960, -0.272);Ground_720_240:(-0.065, 0.960, -0.272);Ground_720_240:(-0.065, 0.960, -0.272);Ground_720_240:(-0.017, 0.998, -0.058);"
11.560,82.735,762.879,79.381,-149.705,5.085,-11.198,-2.565,-11.902,1.000,0.000,0.198,4,18.308,1.293,0.970,"Ground_720_240:(-0.036, 0.997, -0.069);Ground_720_240:(-0.036, 0.997, -0.069);Ground_720_240:(-0.036, 0.997, -0.069);Ground_720_240:(-0.036, 0.997, -0.069);Ground_720_240:(-0.036, 0.997, -0.069);Ground_720_240:(-0.036, 0.997, -0.069);Ground_720_240:(-0.054, 0.969, -0.242);Ground_720_240:(-0.054, 0.969, -0.242);Ground_720_240:(-0.054, 0.969, -0.242);Ground_720_240:(-0.054, 0.969, -0.242);Ground_720_240:(-0.054, 0.969, -0.242);Ground_720_240:(-0.054, 0.969, -0.242);"
11.580,82.551,762.652,79.341,-149.922,5.556,-11.249,-2.228,-11.208,1.000,0.000,0.201,4,9.356,9.149,0.976,"Ground_720_240:(-0.040, 0.997, -0.058);Ground_720_240:(-0.040, 0.997, -0.058);Ground_720_240:(-0.040, 0.997, -0.058);Ground_720_240:(-0.054, 0.969, -0.242);Ground_720_240:(-0.054, 0.969, -0.242);Ground_720_240:(-0.054, 0.969, -0.242);Ground_720_240:(-0.054, 0.969, -0.242);Ground_720_240:(-0.054, 0.969, -0.242);Ground_720_240:(-0.054, 0.969, -0.242);"
11.600,82.363,762.425,79.300,-150.126,5.958,-11.294,-2.108,-10.524,1.000,0.000,0.201,4,9.147,6.706,0.980,"Ground_720_240:(-0.040, 0.997, -0.058);Ground_720_240:(-0.040, 0.997, -0.058);Ground_720_240:(-0.040, 0.997, -0.058);Ground_720_240:(-0.040, 0.997, -0.058);Ground_720_240:(-0.058, 0.972, -0.227);Ground_720_240:(-0.058, 0.972, -0.227);Ground_720_240:(-0.058, 0.972, -0.227);Ground_720_240:(-0.058, 0.972, -0.227);Ground_720_240:(-0.058, 0.972, -0.227);Ground_720_240:(-0.058, 0.972, -0.227);"
11.620,82.172,762.199,79.267,-150.314,6.346,-11.346,-1.707,-9.783,1.000,0.000,0.201,4,10.959,6.233,0.985,"Ground_720_240:(-0.031, 0.998, -0.046);Ground_720_240:(-0.031, 0.998, -0.046);Ground_720_240:(-0.031, 0.998, -0.046);Ground_720_240:(-0.031, 0.998, -0.046);Ground_720_240:(-0.031, 0.998, -0.046);Ground_720_240:(-0.031, 0.998, -0.046);Ground_720_240:(-0.048, 0.976, -0.212);Ground_720_240:(-0.048, 0.976, -0.212);Ground_720_240:(-0.048, 0.976, -0.212);Ground_720_240:(-0.048, 0.976, -0.212);Ground_720_240:(-0.048, 0.976, -0.212);Ground_720_240:(-0.048, 0.976, -0.212);"
11.640,81.980,761.973,79.242,-150.486,6.693,-11.394,-1.341,-9.038,1.000,0.000,0.201,4,11.311,6.718,0.990,"Ground_720_240:(-0.037, 0.998, -0.050);Ground_720_240:(-0.037, 0.998, -0.050);Ground_720_240:(-0.037, 0.998, -0.050);Ground_720_240:(-0.037, 0.998, -0.050);Ground_720_240:(-0.037, 0.998, -0.050);Ground_720_240:(-0.037, 0.998, -0.050);Ground_720_240:(-0.041, 0.976, -0.212);Ground_720_240:(-0.041, 0.976, -0.212);Ground_720_240:(-0.041, 0.976, -0.212);Ground_720_240:(-0.041, 0.976, -0.212);Ground_720_240:(-0.041, 0.976, -0.212);Ground_720_240:(-0.041, 0.976, -0.212);"
11.660,81.797,761.748,79.224,-150.643,7.000,-11.437,-1.129,-8.329,1.000,0.000,0.201,4,12.622,8.333,0.994,"Ground_720_240:(-0.028, 0.999, -0.038);Ground_720_240:(-0.028, 0.999, -0.038);Ground_720_240:(-0.028, 0.999, -0.038);Ground_720_240:(-0.028, 0.999, -0.038);Ground_720_240:(-0.028, 0.999, -0.038);Ground_720_240:(-0.028, 0.999, -0.038);Ground_720_240:(-0.030, 0.982, -0.188);Ground_720_240:(-0.030, 0.982, -0.188);Ground_720_240:(-0.030, 0.982, -0.188);"
11.680,81.776,761.522,79.205,-150.789,7.284,-11.477,-0.988,-7.639,1.000,0.000,0.202,4,15.342,7.860,0.997,"Ground_720_240:(-0.028, 0.999, -0.038);Ground_720_240:(-0.028, 0.999, -0.038);Ground_720_240:(-0.028, 0.999, -0.038);Ground_720_240:(-0.028, 0.999, -0.038);Ground_720_240:(-0.028, 0.999, -0.038);Ground_720_240:(-0.028, 0.999, -0.038);Ground_720_240:(-0.030, 0.982, -0.188);Ground_720_240:(-0.030, 0.982, -0.188);Ground_720_240:(-0.030, 0.982, -0.188);"
11.700,81.579,761.294,79.190,-150.921,7.556,-11.512,-0.804,-6.947,1.000,0.000,0.201,4,17.832,7.439,0.998,"Ground_720_240:(-0.024, 0.999, -0.032);Ground_720_240:(-0.024, 0.999, -0.032);Ground_720_240:(-0.024, 0.999, -0.032);Ground_720_240:(-0.024, 0.999, -0.032);Ground_720_240:(-0.024, 0.999, -0.032);Ground_720_240:(-0.024, 0.999, -0.032);Ground_720_240:(-0.030, 0.982, -0.188);Ground_720_240:(-0.030, 0.982, -0.188);"
11.720,81.381,761.066,79.178,-151.041,7.818,-11.541,-0.592,-6.250,1.000,0.000,0.200,4,19.360,6.897,0.999,"Ground_720_240:(-0.024, 0.999, -0.032);Ground_720_240:(-0.024, 0.999, -0.032);Ground_720_240:(-0.024, 0.999, -0.032);Ground_720_240:(-0.024, 0.999, -0.032);Ground_720_240:(-0.024, 0.999, -0.032);Ground_720_240:(-0.024, 0.999, -0.032);"
11.740,81.179,760.837,79.172,-151.148,8.071,-11.554,-0.326,-5.543,1.000,0.000,0.199,4,19.844,6.358,1.000,"Ground_720_240:(-0.019, 1.000, -0.025);Ground_720_240:(-0.019, 1.000, -0.025);Ground_720_240:(-0.019, 1.000, -0.025);Ground_720_240:(-0.019, 1.000, -0.025);Ground_720_240:(-0.019, 1.000, -0.025);Ground_720_240:(-0.019, 1.000, -0.025);"
11.760,80.975,760.608,79.169,-151.241,8.325,-11.566,-0.122,-4.834,1.000,0.000,0.198,4,19.206,5.301,1.000,"Ground_720_240:(-0.023, 0.999, -0.025);Ground_720_240:(-0.023, 0.999, -0.025);Ground_720_240:(-0.023, 0.999, -0.025);Ground_720_240:(-0.023, 0.999, -0.025);Ground_720_240:(-0.023, 0.999, -0.025);Ground_720_240:(-0.023, 0.999, -0.025);"
11.780,80.769,760.378,79.171,-151.320,8.575,-11.569,0.066,-4.120,1.000,0.000,0.197,4,18.519,4.830,1.000,"Ground_720_240:(-0.023, 0.999, -0.024);Ground_720_240:(-0.023, 0.999, -0.024);Ground_720_240:(-0.023, 0.999, -0.024);Ground_720_240:(-0.023, 0.999, -0.024);Ground_720_240:(-0.023, 0.999, -0.024);Ground_720_240:(-0.023, 0.999, -0.024);"
11.800,80.561,760.149,79.175,-151.386,8.823,-11.563,0.234,-3.404,1.000,0.000,0.195,4,17.504,4.455,1.000,"Ground_720_240:(-0.023, 0.999, -0.024);Ground_720_240:(-0.023, 0.999, -0.024);Ground_720_240:(-0.023, 0.999, -0.024);Ground_720_240:(-0.023, 0.999, -0.024);Ground_720_240:(-0.023, 0.999, -0.024);Ground_720_240:(-0.023, 0.999, -0.024);"
11.820,80.350,759.919,79.183,-151.437,9.071,-11.548,0.376,-2.686,1.000,0.000,0.194,4,16.199,4.090,1.000,"Ground_720_240:(-0.017, 1.000, -0.017);Ground_720_240:(-0.017, 1.000, -0.017);Ground_720_240:(-0.017, 1.000, -0.017);Ground_720_240:(-0.017, 1.000, -0.017);Ground_720_240:(-0.017, 1.000, -0.017);Ground_720_240:(-0.017, 1.000, -0.017);"
11.840,80.138,759.690,79.192,-151.475,9.319,-11.525,0.487,-1.967,1.000,0.000,0.193,4,14.730,3.705,0.999,"Ground_720_240:(-0.017, 1.000, -0.017);Ground_720_240:(-0.017, 1.000, -0.017);Ground_720_240:(-0.017, 1.000, -0.017);Ground_720_240:(-0.017, 1.000, -0.017);Ground_720_240:(-0.017, 1.000, -0.017);Ground_720_240:(-0.017, 1.000, -0.017);"
11.860,79.923,759.461,79.204,-151.498,9.567,-11.495,0.568,-1.249,1.000,0.000,0.191,4,13.210,3.356,0.999,"Ground_720_240:(-0.017, 1.000, -0.017);Ground_720_240:(-0.017, 1.000, -0.017);Ground_720_240:(-0.017, 1.000, -0.017);Ground_720_240:(-0.017, 1.000, -0.017);Ground_720_240:(-0.017, 1.000, -0.017);Ground_720_240:(-0.017, 1.000, -0.017);"
11.880,79.806,759.232,79.216,-151.508,9.817,-11.456,0.617,-0.532,1.000,0.000,0.190,4,11.718,3.006,0.999,"Ground_720_240:(-0.017, 1.000, -0.017);Ground_720_240:(-0.017, 1.000, -0.017);Ground_720_240:(-0.017, 1.000, -0.017);Ground_720_240:(-0.017, 1.000, -0.017);Ground_720_240:(-0.017, 1.000, -0.017);Ground_720_240:(-0.017, 1.000, -0.017);"
11.900,79.665,759.005,79.229,-151.503,10.069,-11.410,0.639,0.184,1.000,0.000,0.189,4,10.308,2.706,0.999,"Ground_720_240:(-0.017, 1.000, -0.017);Ground_720_240:(-0.017, 1.000, -0.017);Ground_720_240:(-0.017, 1.000, -0.017);Ground_720_240:(-0.017, 1.000, -0.017);Ground_720_240:(-0.017, 1.000, -0.017);Ground_720_240:(-0.017, 1.000, -0.017);"
11.920,79.445,758.778,79.241,-151.485,10.322,-11.356,0.634,0.897,1.000,0.000,0.188,4,9.002,2.439,0.999,"Ground_720_240:(-0.017, 1.000, -0.017);Ground_720_240:(-0.017, 1.000, -0.017);Ground_720_240:(-0.017, 1.000, -0.017);Ground_720_240:(-0.017, 1.000, -0.017);Ground_720_240:(-0.017, 1.000, -0.017);Ground_720_240:(-0.017, 1.000, -0.017);"
11.940,79.223,758.553,79.253,-151.452,10.579,-11.294,0.606,1.608,1.000,0.000,0.186,4,7.867,2.140,0.999,"Ground_720_240:(-0.017, 1.000, -0.016);Ground_720_240:(-0.017, 1.000, -0.016);Ground_720_240:(-0.017, 1.000, -0.016);Ground_720_240:(-0.017, 1.000, -0.016);Ground_720_240:(-0.017, 1.000, -0.016);Ground_720_240:(-0.017, 1.000, -0.016);"
11.960,79.000,758.328,79.265,-151.406,10.838,-11.224,0.559,2.317,1.000,0.000,0.184,4,6.918,1.895,0.999,"Ground_720_240:(-0.016, 1.000, -0.015);Ground_720_240:(-0.016, 1.000, -0.015);Ground_720_240:(-0.016, 1.000, -0.015);Ground_720_240:(-0.016, 1.000, -0.015);Ground_720_240:(-0.016, 1.000, -0.015);Ground_720_240:(-0.016, 1.000, -0.015);"
11.980,78.775,758.106,79.274,-151.346,11.101,-11.147,0.497,3.024,1.000,0.000,0.183,4,6.158,1.665,0.999,"Ground_720_240:(-0.016, 1.000, -0.015);Ground_720_240:(-0.016, 1.000, -0.015);Ground_720_240:(-0.016, 1.000, -0.015);Ground_720_240:(-0.016, 1.000, -0.015);Ground_720_240:(-0.016, 1.000, -0.015);Ground_720_240:(-0.016, 1.000, -0.015);"
12.000,78.549,757.884,79.283,-151.271,11.366,-11.061,0.424,3.728,1.000,0.000,0.181,4,5.592,1.451,0.999,"Ground_720_240:(-0.016, 1.000, -0.015);Ground_720_240:(-0.016, 1.000, -0.015);Ground_720_240:(-0.016, 1.000, -0.015);Ground_720_240:(-0.016, 1.000, -0.015);Ground_720_240:(-0.016, 1.000, -0.015);Ground_720_240:(-0.016, 1.000, -0.015);"
12.020,78.321,757.664,79.290,-151.184,11.634,-11.000,0.343,4.378,1.000,0.000,0.179,4,5.216,1.252,0.999,"Ground_720_240:(-0.016, 1.000, -0.015);Ground_720_240:(-0.016, 1.000, -0.015);Ground_720_240:(-0.016, 1.000, -0.015);Ground_720_240:(-0.016, 1.000, -0.015);Ground_720_240:(-0.016, 1.000, -0.015);Ground_720_240:(-0.016, 1.000, -0.015);"
12.040,78.092,757.445,79.295,-151.086,11.904,-10.985,0.256,4.939,1.000,0.000,0.178,4,5.054,1.065,0.999,"Ground_720_240:(-0.016, 1.000, -0.015);Ground_720_240:(-0.016, 1.000, -0.015);Ground_720_240:(-0.016, 1.000, -0.015);Ground_720_240:(-0.016, 1.000, -0.015);Ground_720_240:(-0.016, 1.000, -0.015);Ground_720_240:(-0.016, 1.000, -0.015);"
12.060,77.861,757.224,79.298,-150.978,12.175,-11.005,0.168,5.433,1.000,0.000,0.176,4,5.108,0.896,0.999,"Ground_720_240:(-0.016, 1.000, -0.015);Ground_720_240:(-0.016, 1.000, -0.015);Ground_720_240:(-0.016, 1.000, -0.015);Ground_720_240:(-0.016, 1.000, -0.015);Ground_720_240:(-0.016, 1.000, -0.015);Ground_720_240:(-0.016, 1.000, -0.015);"
12.080,77.790,757.003,79.300,-150.861,12.446,-11.053,0.084,5.876,1.000,0.000,0.175,4,5.328,0.743,0.999,"Ground_720_240:(-0.016, 1.000, -0.015);Ground_720_240:(-0.016, 1.000, -0.015);Ground_720_240:(-0.016, 1.000, -0.015);Ground_720_240:(-0.016, 1.000, -0.015);Ground_720_240:(-0.016, 1.000, -0.015);Ground_720_240:(-0.016, 1.000, -0.015);"
12.100,77.553,756.781,79.300,-150.736,12.717,-11.120,0.006,6.280,1.000,0.000,0.173,4,5.672,0.602,0.999,"Ground_720_240:(-0.016, 0.999, -0.041);Ground_720_240:(-0.016, 0.999, -0.041);Ground_720_240:(-0.016, 0.999, -0.041);Ground_720_240:(-0.016, 0.999, -0.041);Ground_720_240:(-0.016, 0.999, -0.041);Ground_720_240:(-0.016, 0.999, -0.041);"
12.120,77.312,756.556,79.299,-150.603,12.988,-11.201,-0.065,6.656,1.000,0.000,0.172,4,6.102,0.471,0.999,"Ground_720_240:(-0.022, 0.998, -0.054);Ground_720_240:(-0.022, 0.998, -0.054);Ground_720_240:(-0.022, 0.998, -0.054);Ground_720_240:(-0.022, 0.998, -0.054);Ground_720_240:(-0.022, 0.998, -0.054);Ground_720_240:(-0.022, 0.998, -0.054);"
12.140,77.069,756.330,79.297,-150.464,13.257,-11.292,-0.125,7.010,1.000,0.000,0.170,4,6.589,0.352,0.999,"Ground_720_240:(-0.027, 0.998, -0.054);Ground_720_240:(-0.027, 0.998, -0.054);Ground_720_240:(-0.027, 0.998, -0.054);Ground_720_240:(-0.027, 0.998, -0.054);Ground_720_240:(-0.027, 0.998, -0.054);Ground_720_240:(-0.027, 0.998, -0.054);"
12.160,76.822,756.102,79.293,-150.318,13.526,-11.390,-0.171,7.348,1.000,0.000,0.168,4,7.195,0.435,0.999,"Ground_720_240:(-0.027, 0.998, -0.048);Ground_720_240:(-0.027, 0.998, -0.048);Ground_720_240:(-0.027, 0.998, -0.048);Ground_720_240:(-0.027, 0.998, -0.048);Ground_720_240:(-0.027, 0.998, -0.048);Ground_720_240:(-0.027, 0.998, -0.048);"
12.180,76.571,755.872,79.289,-150.165,13.793,-11.491,-0.201,7.674,1.000,0.000,0.166,4,7.800,0.520,0.999,"Ground_720_240:(-0.027, 0.998, -0.055);Ground_720_240:(-0.027, 0.998, -0.055);Ground_720_240:(-0.027, 0.998, -0.055);Ground_720_240:(-0.027, 0.998, -0.055);Ground_720_240:(-0.027, 0.998, -0.055);Ground_720_240:(-0.027, 0.998, -0.055);"
12.200,76.318,755.640,79.285,-150.006,14.059,-11.593,-0.219,7.992,1.000,0.000,0.163,4,8.456,0.388,1.000,"Ground_720_240:(-0.021, 0.999, -0.049);Ground_720_240:(-0.021, 0.999, -0.049);Ground_720_240:(-0.021, 0.999, -0.049);Ground_720_240:(-0.021, 0.999, -0.049);Ground_720_240:(-0.021, 0.999, -0.049);Ground_720_240:(-0.021, 0.999, -0.049);"
12.220,76.061,755.405,79.280,-149.841,14.323,-11.695,-0.224,8.305,1.000,0.000,0.161,4,9.077,0.256,1.000,"Ground_720_240:(-0.021, 0.999, -0.049);Ground_720_240:(-0.021, 0.999, -0.049);Ground_720_240:(-0.021, 0.999, -0.049);Ground_720_240:(-0.021, 0.999, -0.049);Ground_720_240:(-0.021, 0.999, -0.049);Ground_720_240:(-0.021, 0.999, -0.049);"
12.240,75.873,755.169,79.276,-149.670,14.585,-11.795,-0.218,8.613,1.000,0.000,0.159,4,9.654,0.130,1.000,"Ground_720_240:(-0.021, 0.999, -0.049);Ground_720_240:(-0.021, 0.999, -0.049);Ground_720_240:(-0.021, 0.999, -0.049);Ground_720_240:(-0.021, 0.999, -0.049);Ground_720_240:(-0.021, 0.999, -0.049);Ground_720_240:(-0.021, 0.999, -0.049);"
12.260,75.684,754.931,79.272,-149.493,14.846,-11.892,-0.201,8.919,1.000,0.000,0.158,4,10.180,0.011,1.000,"Ground_720_240:(-0.021, 0.999, -0.049);Ground_720_240:(-0.021, 0.999, -0.049);Ground_720_240:(-0.021, 0.999, -0.049);Ground_720_240:(-0.021, 0.999, -0.049);Ground_720_240:(-0.021, 0.999, -0.049);Ground_720_240:(-0.021, 0.999, -0.049);"
12.280,75.417,754.691,79.269,-149.309,15.104,-11.985,-0.170,9.224,1.000,0.000,0.155,4,10.715,0.096,1.000,"Ground_720_240:(-0.024, 0.998, -0.056);Ground_720_240:(-0.024, 0.998, -0.056);Ground_720_240:(-0.024, 0.998, -0.056);Ground_720_240:(-0.024, 0.998, -0.056);Ground_720_240:(-0.024, 0.998, -0.056);Ground_720_240:(-0.024, 0.998, -0.056);"
12.300,75.147,754.450,79.266,-149.120,15.360,-12.074,-0.127,9.527,1.000,0.000,0.153,4,11.211,0.221,1.000,"Ground_720_240:(-0.024, 0.998, -0.050);Ground_720_240:(-0.024, 0.998, -0.050);Ground_720_240:(-0.024, 0.998, -0.050);Ground_720_240:(-0.024, 0.998, -0.050);Ground_720_240:(-0.024, 0.998, -0.050);Ground_720_240:(-0.024, 0.998, -0.050);"
12.320,74.875,754.206,79.265,-148.924,15.615,-12.158,-0.076,9.830,1.000,0.000,0.150,4,11.608,0.264,1.000,"Ground_720_240:(-0.032, 0.998, -0.050);Ground_720_240:(-0.032, 0.998, -0.050);Ground_720_240:(-0.032, 0.998, -0.050);Ground_720_240:(-0.032, 0.998, -0.050);Ground_720_240:(-0.032, 0.998, -0.050);Ground_720_240:(-0.032, 0.998, -0.050);"
12.340,74.599,753.961,79.264,-148.723,15.867,-12.236,-0.020,10.133,1.000,0.000,0.148,4,11.850,0.241,1.000,"Ground_720_240:(-0.040, 0.977, -0.208);Ground_720_240:(-0.040, 0.977, -0.208);Ground_720_240:(-0.040, 0.977, -0.208);Ground_720_240:(-0.032, 0.998, -0.057);Ground_720_240:(-0.032, 0.998, -0.057);Ground_720_240:(-0.032, 0.998, -0.057);Ground_720_240:(-0.032, 0.998, -0.057);Ground_720_240:(-0.032, 0.998, -0.057);Ground_720_240:(-0.032, 0.998, -0.057);"
12.360,74.322,753.715,79.265,-148.515,16.118,-12.309,0.039,10.436,1.000,0.000,0.145,4,12.004,0.235,1.000,"Ground_720_240:(-0.040, 0.977, -0.208);Ground_720_240:(-0.040, 0.977, -0.208);Ground_720_240:(-0.040, 0.977, -0.208);Ground_720_240:(-0.032, 0.998, -0.057);Ground_720_240:(-0.032, 0.998, -0.057);Ground_720_240:(-0.032, 0.998, -0.057);Ground_720_240:(-0.032, 0.998, -0.057);Ground_720_240:(-0.032, 0.998, -0.057);Ground_720_240:(-0.032, 0.998, -0.057);"
12.380,74.041,753.467,79.271,-148.305,16.332,-12.381,0.284,10.678,1.000,0.000,0.142,4,12.494,0.531,1.000,"Ground_720_240:(-0.040, 0.977, -0.208);Ground_720_240:(-0.040, 0.977, -0.208);Ground_720_240:(-0.040, 0.977, -0.208);Ground_720_240:(-0.040, 0.977, -0.208);Ground_720_240:(-0.032, 0.998, -0.057);Ground_720_240:(-0.032, 0.998, -0.057);Ground_720_240:(-0.032, 0.998, -0.057);Ground_720_240:(-0.032, 0.998, -0.057);Ground_720_240:(-0.032, 0.998, -0.057);Ground_720_240:(-0.032, 0.998, -0.057);"
12.400,73.889,753.218,79.282,-148.093,16.538,-12.450,0.586,10.902,1.000,0.000,0.141,4,12.520,1.467,0.999,"Ground_720_240:(-0.040, 0.977, -0.208);Ground_720_240:(-0.040, 0.977, -0.208);Ground_720_240:(-0.040, 0.977, -0.208);Ground_720_240:(-0.040, 0.977, -0.208);Ground_720_240:(-0.028, 0.998, -0.057);Ground_720_240:(-0.028, 0.998, -0.057);Ground_720_240:(-0.028, 0.998, -0.057);Ground_720_240:(-0.028, 0.998, -0.057);Ground_720_240:(-0.028, 0.998, -0.057);Ground_720_240:(-0.028, 0.998, -0.057);"
12.420,73.606,752.968,79.297,-147.876,16.768,-12.509,0.756,11.169,1.000,0.000,0.139,4,12.683,4.677,0.998,"Ground_720_240:(-0.040, 0.977, -0.208);Ground_720_240:(-0.040, 0.977, -0.208);Ground_720_240:(-0.040, 0.977, -0.208);Ground_720_240:(-0.040, 0.977, -0.208);Ground_720_240:(-0.032, 0.998, -0.057);Ground_720_240:(-0.032, 0.998, -0.057);Ground_720_240:(-0.032, 0.998, -0.057);Ground_720_240:(-0.032, 0.998, -0.057);Ground_720_240:(-0.032, 0.998, -0.057);Ground_720_240:(-0.032, 0.998, -0.057);"
12.440,73.321,752.716,79.314,-147.653,17.006,-12.566,0.872,11.453,1.000,0.000,0.136,4,13.745,5.340,0.997,"Ground_720_240:(-0.052, 0.977, -0.208);Ground_720_240:(-0.052, 0.977, -0.208);Ground_720_240:(-0.052, 0.977, -0.208);Ground_720_240:(-0.052, 0.977, -0.208);Ground_720_240:(-0.052, 0.977, -0.208);Ground_720_240:(-0.052, 0.977, -0.208);Ground_720_240:(-0.041, 0.998, -0.057);Ground_720_240:(-0.041, 0.998, -0.057);Ground_720_240:(-0.041, 0.998, -0.057);Ground_720_240:(-0.041, 0.998, -0.057);"
12.460,73.034,752.463,79.334,-147.424,17.236,-12.622,1.024,11.719,1.000,0.000,0.134,4,14.843,4.786,0.995,"Ground_720_240:(-0.052, 0.977, -0.208);Ground_720_240:(-0.052, 0.977, -0.208);Ground_720_240:(-0.052, 0.977, -0.208);Ground_720_240:(-0.052, 0.977, -0.208);Ground_720_240:(-0.052, 0.977, -0.208);Ground_720_240:(-0.052, 0.977, -0.208);Ground_720_240:(-0.041, 0.998, -0.057);Ground_720_240:(-0.041, 0.998, -0.057);Ground_720_240:(-0.041, 0.998, -0.057);Ground_720_240:(-0.041, 0.998, -0.057);"
12.480,72.745,752.209,79.358,-147.189,17.465,-12.675,1.188,11.983,1.000,0.000,0.132,4,15.690,3.865,0.993,"Ground_720_240:(-0.065, 0.976, -0.208);Ground_720_240:(-0.065, 0.976, -0.208);Ground_720_240:(-0.065, 0.976, -0.208);Ground_720_240:(-0.065, 0.976, -0.208);Ground_720_240:(-0.065, 0.976, -0.208);Ground_720_240:(-0.065, 0.976, -0.208);Ground_720_240:(-0.041, 0.998, -0.057);Ground_720_240:(-0.041, 0.998, -0.057);Ground_720_240:(-0.041, 0.998, -0.057);"
12.500,72.454,751.954,79.385,-146.948,17.690,-12.725,1.379,12.239,1.000,0.000,0.129,4,16.473,2.852,0.991,"Ground_720_240:(-0.065, 0.976, -0.208);Ground_720_240:(-0.065, 0.976, -0.208);Ground_720_240:(-0.065, 0.976, -0.208);Ground_720_240:(-0.065, 0.976, -0.208);Ground_720_240:(-0.065, 0.976, -0.208);Ground_720_240:(-0.065, 0.976, -0.208);Ground_720_240:(-0.041, 0.998, -0.057);Ground_720_240:(-0.041, 0.998, -0.057);Ground_720_240:(-0.041, 0.998, -0.057);Ground_720_240:(-0.114, 0.925, -0.362);"
12.520,72.162,751.697,79.422,-146.711,17.816,-12.793,1.869,12.286,1.000,0.000,0.127,4,16.901,2.667,0.987,"Ground_720_240:(-0.075, 0.942, -0.326);Ground_720_240:(-0.075, 0.942, -0.326);Ground_720_240:(-0.075, 0.942, -0.326);Ground_720_240:(-0.065, 0.976, -0.208);Ground_720_240:(-0.065, 0.976, -0.208);Ground_720_240:(-0.065, 0.976, -0.208);Ground_720_240:(-0.065, 0.976, -0.208);Ground_720_240:(-0.065, 0.976, -0.208);Ground_720_240:(-0.065, 0.976, -0.208);"
12.540,71.982,751.439,79.464,-146.470,18.008,-12.845,2.191,12.456,1.000,0.000,0.127,4,15.836,6.805,0.981,"Ground_720_240:(-0.075, 0.942, -0.326);Ground_720_240:(-0.075, 0.942, -0.326);Ground_720_240:(-0.075, 0.942, -0.326);Ground_720_240:(-0.052, 0.977, -0.208);Ground_720_240:(-0.052, 0.977, -0.208);Ground_720_240:(-0.052, 0.977, -0.208);Ground_720_240:(-0.052, 0.977, -0.208);Ground_720_240:(-0.052, 0.977, -0.208);Ground_720_240:(-0.052, 0.977, -0.208);Ground_720_240:(-0.084, 0.928, -0.363);"
12.560,71.688,751.180,79.510,-146.224,18.223,-12.888,2.398,12.682,1.000,0.000,0.125,4,16.591,7.626,0.976,"Ground_720_240:(-0.075, 0.942, -0.326);Ground_720_240:(-0.075, 0.942, -0.326);Ground_720_240:(-0.075, 0.942, -0.326);Ground_720_240:(-0.075, 0.942, -0.326);Ground_720_240:(-0.059, 0.976, -0.208);Ground_720_240:(-0.059, 0.976, -0.208);Ground_720_240:(-0.059, 0.976, -0.208);Ground_720_240:(-0.059, 0.976, -0.208);Ground_720_240:(-0.059, 0.976, -0.208);Ground_720_240:(-0.059, 0.976, -0.208);"
12.580,71.393,750.920,79.561,-145.972,18.433,-12.937,2.623,12.889,1.000,0.000,0.124,4,17.700,6.616,0.971,"Ground_720_240:(-0.075, 0.942, -0.326);Ground_720_240:(-0.075, 0.942, -0.326);Ground_720_240:(-0.075, 0.942, -0.326);Ground_720_240:(-0.075, 0.942, -0.326);Ground_720_240:(-0.059, 0.976, -0.208);Ground_720_240:(-0.059, 0.976, -0.208);Ground_720_240:(-0.059, 0.976, -0.208);Ground_720_240:(-0.059, 0.976, -0.208);Ground_720_240:(-0.059, 0.976, -0.208);Ground_720_240:(-0.059, 0.976, -0.208);"
12.600,71.095,750.658,79.617,-145.715,18.638,-12.986,2.849,13.085,1.000,0.000,0.122,4,17.891,5.834,0.966,"Ground_720_240:(-0.085, 0.941, -0.326);Ground_720_240:(-0.085, 0.941, -0.326);Ground_720_240:(-0.085, 0.941, -0.326);Ground_720_240:(-0.085, 0.941, -0.326);Ground_720_240:(-0.085, 0.941, -0.326);Ground_720_240:(-0.085, 0.941, -0.326);Ground_720_240:(-0.077, 0.975, -0.208);Ground_720_240:(-0.077, 0.975, -0.208);Ground_720_240:(-0.077, 0.975, -0.208);Ground_720_240:(-0.077, 0.975, -0.208);"
12.620,70.796,750.395,79.677,-145.454,18.840,-13.034,3.066,13.277,1.000,0.000,0.119,4,17.479,5.173,0.962,"Ground_720_240:(-0.085, 0.941, -0.326);Ground_720_240:(-0.085, 0.941, -0.326);Ground_720_240:(-0.085, 0.941, -0.326);Ground_720_240:(-0.085, 0.941, -0.326);Ground_720_240:(-0.085, 0.941, -0.326);Ground_720_240:(-0.085, 0.941, -0.326);Ground_720_240:(-0.077, 0.975, -0.208);Ground_720_240:(-0.077, 0.975, -0.208);Ground_720_240:(-0.077, 0.975, -0.208);Ground_720_240:(-0.077, 0.975, -0.208);"
12.640,70.496,750.132,79.742,-145.188,19.039,-13.077,3.279,13.468,1.000,0.000,0.117,4,16.860,4.098,0.958,"Ground_720_240:(-0.091, 0.941, -0.326);Ground_720_240:(-0.091, 0.941, -0.326);Ground_720_240:(-0.091, 0.941, -0.326);Ground_720_240:(-0.091, 0.941, -0.326);Ground_720_240:(-0.091, 0.941, -0.326);Ground_720_240:(-0.091, 0.941, -0.326);Ground_720_240:(-0.077, 0.975, -0.208);Ground_720_240:(-0.077, 0.975, -0.208);Ground_720_240:(-0.077, 0.975, -0.208);"
12.660,70.195,749.868,79.811,-144.918,19.236,-13.115,3.494,13.657,1.000,0.000,0.114,4,16.475,3.277,0.955,"Ground_720_240:(-0.096, 0.941, -0.326);Ground_720_240:(-0.096, 0.941, -0.326);Ground_720_240:(-0.096, 0.941, -0.326);Ground_720_240:(-0.096, 0.941, -0.326);Ground_720_240:(-0.096, 0.941, -0.326);Ground_720_240:(-0.096, 0.941, -0.326);Ground_720_240:(-0.077, 0.975, -0.208);Ground_720_240:(-0.077, 0.975, -0.208);Ground_720_240:(-0.077, 0.975, -0.208);Ground_720_240:(-0.111, 0.897, -0.428);"
12.680,69.988,749.603,79.884,-144.643,19.429,-13.146,3.697,13.848,1.000,0.000,0.112,4,15.831,3.057,0.951,"Ground_720_240:(-0.090, 0.937, -0.338);Ground_720_240:(-0.090, 0.937, -0.338);Ground_720_240:(-0.090, 0.937, -0.338);Ground_720_240:(-0.090, 0.937, -0.338);Ground_720_240:(-0.090, 0.937, -0.338);Ground_720_240:(-0.090, 0.937, -0.338);Ground_720_240:(-0.111, 0.897, -0.428);"
12.700,69.684,749.338,79.961,-144.365,19.620,-13.170,3.901,14.040,1.000,0.000,0.109,4,15.248,2.309,0.948,"Ground_720_240:(-0.090, 0.932, -0.351);Ground_720_240:(-0.090, 0.932, -0.351);Ground_720_240:(-0.090, 0.932, -0.351);Ground_720_240:(-0.090, 0.932, -0.351);Ground_720_240:(-0.090, 0.932, -0.351);Ground_720_240:(-0.090, 0.932, -0.351);"
12.720,69.379,749.072,80.042,-144.082,19.809,-13.188,4.099,14.234,1.000,0.000,0.105,4,14.817,2.088,0.945,"Ground_720_240:(-0.090, 0.932, -0.351);Ground_720_240:(-0.090, 0.932, -0.351);Ground_720_240:(-0.090, 0.932, -0.351);Ground_720_240:(-0.090, 0.932, -0.351);Ground_720_240:(-0.090, 0.932, -0.351);Ground_720_240:(-0.090, 0.932, -0.351);"
12.740,69.074,748.807,80.127,-143.796,19.995,-13.197,4.284,14.434,1.000,0.000,0.102,4,14.116,1.888,0.942,"Ground_720_240:(-0.090, 0.932, -0.351);Ground_720_240:(-0.090, 0.932, -0.351);Ground_720_240:(-0.090, 0.932, -0.351);Ground_720_240:(-0.090, 0.932, -0.351);Ground_720_240:(-0.090, 0.932, -0.351);Ground_720_240:(-0.090, 0.932, -0.351);"
12.760,68.768,748.541,80.215,-143.505,20.180,-13.198,4.456,14.638,1.000,0.000,0.098,4,13.389,1.827,0.940,"Ground_720_240:(-0.113, 0.920, -0.375);Ground_720_240:(-0.113, 0.920, -0.375);Ground_720_240:(-0.113, 0.920, -0.375);Ground_720_240:(-0.113, 0.920, -0.375);Ground_720_240:(-0.113, 0.920, -0.375);Ground_720_240:(-0.113, 0.920, -0.375);"
12.780,68.462,748.276,80.307,-143.210,20.362,-13.194,4.625,14.844,1.000,0.000,0.094,4,12.822,1.447,0.937,"Ground_720_240:(-0.113, 0.920, -0.375);Ground_720_240:(-0.113, 0.920, -0.375);Ground_720_240:(-0.113, 0.920, -0.375);Ground_720_240:(-0.113, 0.920, -0.375);Ground_720_240:(-0.113, 0.920, -0.375);Ground_720_240:(-0.113, 0.920, -0.375);"
12.800,68.235,748.012,80.402,-142.911,20.543,-13.185,4.797,15.046,1.000,0.000,0.091,4,12.726,1.121,0.934,"Ground_720_240:(-0.121, 0.914, -0.386);Ground_720_240:(-0.121, 0.914, -0.386);Ground_720_240:(-0.121, 0.914, -0.386);Ground_720_240:(-0.121, 0.914, -0.386);Ground_720_240:(-0.121, 0.914, -0.386);Ground_720_240:(-0.121, 0.914, -0.386);"
12.820,67.928,747.747,80.501,-142.609,20.723,-13.170,4.968,15.249,1.000,0.000,0.087,4,12.576,1.135,0.931,"Ground_720_240:(-0.120, 0.906, -0.406);Ground_720_240:(-0.120, 0.906, -0.406);Ground_720_240:(-0.120, 0.906, -0.406);Ground_720_240:(-0.120, 0.906, -0.406);Ground_720_240:(-0.120, 0.906, -0.406);Ground_720_240:(-0.120, 0.906, -0.406);"
12.840,67.622,747.483,80.605,-142.305,20.901,-13.153,5.152,15.443,1.000,0.000,0.083,4,12.966,0.951,0.926,"Ground_720_240:(-0.120, 0.903, -0.413);Ground_720_240:(-0.120, 0.903, -0.413);Ground_720_240:(-0.120, 0.903, -0.413);Ground_720_240:(-0.120, 0.903, -0.413);Ground_720_240:(-0.120, 0.903, -0.413);Ground_720_240:(-0.120, 0.903, -0.413);Ground_720_240:(-0.133, 0.877, -0.462);"
12.860,67.315,747.219,80.712,-141.995,21.075,-13.135,5.346,15.629,1.000,0.000,0.079,4,13.565,0.927,0.923,"Ground_720_240:(-0.124, 0.903, -0.412);Ground_720_240:(-0.124, 0.903, -0.412);Ground_720_240:(-0.124, 0.903, -0.412);Ground_720_240:(-0.124, 0.903, -0.412);Ground_720_240:(-0.124, 0.903, -0.412);Ground_720_240:(-0.124, 0.903, -0.412);Ground_720_240:(-0.133, 0.877, -0.462);"
12.880,67.009,746.955,80.823,-141.683,21.250,-13.114,5.538,15.811,1.000,0.000,0.075,4,13.550,0.897,0.918,"Ground_720_240:(-0.136, 0.889, -0.437);Ground_720_240:(-0.136, 0.889, -0.437);Ground_720_240:(-0.136, 0.889, -0.437);Ground_720_240:(-0.136, 0.889, -0.437);Ground_720_240:(-0.136, 0.889, -0.437);Ground_720_240:(-0.136, 0.889, -0.437);"
12.900,66.702,746.692,80.937,-141.366,21.419,-13.097,5.731,15.985,1.000,0.000,0.071,4,13.756,1.037,0.915,"Ground_720_240:(-0.136, 0.891, -0.433);Ground_720_240:(-0.136, 0.891, -0.433);Ground_720_240:(-0.136, 0.891, -0.433);Ground_720_240:(-0.136, 0.891, -0.433);Ground_720_240:(-0.136, 0.891, -0.433);Ground_720_240:(-0.136, 0.891, -0.433);"
12.920,66.400,746.430,81.055,-141.045,21.586,-13.078,5.927,16.154,1.000,0.000,0.067,4,13.623,0.748,0.912,"Ground_720_240:(-0.135, 0.890, -0.436);Ground_720_240:(-0.135, 0.890, -0.436);Ground_720_240:(-0.135, 0.890, -0.436);Ground_720_240:(-0.135, 0.890, -0.436);Ground_720_240:(-0.135, 0.890, -0.436);Ground_720_240:(-0.135, 0.890, -0.436);"
12.940,66.154,746.168,81.178,-140.722,21.753,-13.058,6.121,16.319,1.000,0.000,0.063,4,13.580,0.753,0.908,"Ground_720_240:(-0.143, 0.879, -0.455);Ground_720_240:(-0.143, 0.879, -0.455);Ground_720_240:(-0.143, 0.879, -0.455);Ground_720_240:(-0.143, 0.879, -0.455);Ground_720_240:(-0.143, 0.879, -0.455);Ground_720_240:(-0.143, 0.879, -0.455);"
12.960,65.847,745.906,81.304,-140.394,21.916,-13.041,6.317,16.476,1.000,0.000,0.059,4,13.669,0.548,0.906,"Ground_720_240:(-0.147, 0.878, -0.456);Ground_720_240:(-0.147, 0.878, -0.456);Ground_720_240:(-0.147, 0.878, -0.456);Ground_720_240:(-0.147, 0.878, -0.456);Ground_720_240:(-0.147, 0.878, -0.456);Ground_720_240:(-0.147, 0.878, -0.456);"
12.980,65.540,745.645,81.433,-140.062,22.077,-13.021,6.506,16.633,1.000,0.000,0.055,4,13.284,0.586,0.903,"Ground_720_240:(-0.146, 0.879, -0.455);Ground_720_240:(-0.146, 0.879, -0.455);Ground_720_240:(-0.146, 0.879, -0.455);Ground_720_240:(-0.146, 0.879, -0.455);Ground_720_240:(-0.146, 0.879, -0.455);Ground_720_240:(-0.146, 0.879, -0.455);"
13.000,65.234,745.385,81.566,-139.728,22.227,-12.994,6.682,16.785,0.962,0.000,0.050,4,12.824,0.613,0.901,"Ground_720_240:(-0.146, 0.879, -0.455);Ground_720_240:(-0.146, 0.879, -0.455);Ground_720_240:(-0.146, 0.879, -0.455);Ground_720_240:(-0.146, 0.879, -0.455);Ground_720_240:(-0.146, 0.879, -0.455);Ground_720_240:(-0.146, 0.879, -0.455);"
13.020,64.928,745.125,81.702,-139.390,22.359,-12.958,6.840,16.924,0.886,0.000,0.045,4,12.227,0.593,0.899,"Ground_720_240:(-0.154, 0.876, -0.458);Ground_720_240:(-0.154, 0.876, -0.458);Ground_720_240:(-0.154, 0.876, -0.458);Ground_720_240:(-0.154, 0.876, -0.458);Ground_720_240:(-0.154, 0.876, -0.458);Ground_720_240:(-0.154, 0.876, -0.458);"
13.040,64.623,744.866,81.841,-139.050,22.475,-12.914,6.983,17.052,0.820,0.000,0.041,4,11.613,0.432,0.897,"Ground_720_240:(-0.154, 0.875, -0.460);Ground_720_240:(-0.154, 0.875, -0.460);Ground_720_240:(-0.154, 0.875, -0.460);Ground_720_240:(-0.154, 0.875, -0.460);Ground_720_240:(-0.154, 0.875, -0.460);Ground_720_240:(-0.154, 0.875, -0.460);"
13.060,64.367,744.608,81.983,-138.708,22.577,-12.866,7.113,17.168,0.762,0.000,0.037,4,11.142,0.270,0.895,"Ground_720_240:(-0.160, 0.873, -0.460);Ground_720_240:(-0.160, 0.873, -0.460);Ground_720_240:(-0.160, 0.873, -0.460);Ground_720_240:(-0.160, 0.873, -0.460);Ground_720_240:(-0.160, 0.873, -0.460);Ground_720_240:(-0.160, 0.873, -0.460);"
13.080,64.063,744.351,82.127,-138.363,22.667,-12.813,7.228,17.276,0.711,0.000,0.032,4,10.639,0.407,0.893,"Ground_720_240:(-0.164, 0.872, -0.461);Ground_720_240:(-0.164, 0.872, -0.461);Ground_720_240:(-0.164, 0.872, -0.461);Ground_720_240:(-0.164, 0.872, -0.461);Ground_720_240:(-0.164, 0.872, -0.461);Ground_720_240:(-0.164, 0.872, -0.461);"
13.100,63.759,744.095,82.273,-138.017,22.745,-12.757,7.326,17.378,0.667,0.000,0.027,4,10.055,0.430,0.891,"Ground_720_240:(-0.164, 0.872, -0.461);Ground_720_240:(-0.164, 0.872, -0.461);Ground_720_240:(-0.164, 0.872, -0.461);Ground_720_240:(-0.164, 0.872, -0.461);Ground_720_240:(-0.164, 0.872, -0.461);Ground_720_240:(-0.164, 0.872, -0.461);"
13.120,63.456,743.841,82.421,-137.668,22.814,-12.699,7.408,17.474,0.627,0.000,0.023,4,9.476,0.434,0.890,"Ground_720_240:(-0.166, 0.872, -0.461);Ground_720_240:(-0.166, 0.872, -0.461);Ground_720_240:(-0.166, 0.872, -0.461);Ground_720_240:(-0.166, 0.872, -0.461);Ground_720_240:(-0.166, 0.872, -0.461);Ground_720_240:(-0.166, 0.872, -0.461);"
13.140,63.153,743.587,82.570,-137.318,22.875,-12.641,7.476,17.564,0.593,0.000,0.018,4,8.922,0.324,0.888,"Ground_720_240:(-0.166, 0.872, -0.461);Ground_720_240:(-0.166, 0.872, -0.461);Ground_720_240:(-0.166, 0.872, -0.461);Ground_720_240:(-0.166, 0.872, -0.461);Ground_720_240:(-0.166, 0.872, -0.461);Ground_720_240:(-0.166, 0.872, -0.461);"
13.160,62.852,743.335,82.720,-136.965,22.929,-12.584,7.528,17.650,0.562,0.000,0.013,4,8.342,0.402,0.886,"Ground_720_240:(-0.168, 0.872, -0.460);Ground_720_240:(-0.168, 0.872, -0.460);Ground_720_240:(-0.168, 0.872, -0.460);Ground_720_240:(-0.168, 0.872, -0.460);Ground_720_240:(-0.168, 0.872, -0.460);Ground_720_240:(-0.168, 0.872, -0.460);"
13.180,62.793,743.084,82.871,-136.611,22.976,-12.529,7.564,17.733,0.536,0.000,0.012,4,7.751,0.372,0.885,"Ground_720_240:(-0.169, 0.877, -0.450);Ground_720_240:(-0.169, 0.877, -0.450);Ground_720_240:(-0.169, 0.877, -0.450);Ground_720_240:(-0.169, 0.877, -0.450);Ground_720_240:(-0.169, 0.877, -0.450);Ground_720_240:(-0.169, 0.877, -0.450);"
13.200,62.500,742.833,83.022,-136.255,23.017,-12.473,7.580,17.817,0.512,0.000,0.007,4,6.939,0.618,0.884,"Ground_720_240:(-0.171, 0.875, -0.452);Ground_720_240:(-0.171, 0.875, -0.452);Ground_720_240:(-0.171, 0.875, -0.452);Ground_720_240:(-0.171, 0.875, -0.452);Ground_720_240:(-0.171, 0.875, -0.452);Ground_720_240:(-0.171, 0.875, -0.452);"
13.220,62.196,742.584,83.173,-135.898,23.054,-12.420,7.576,17.900,0.491,0.000,0.002,4,6.143,0.548,0.883,"Ground_720_240:(-0.173, 0.875, -0.452);Ground_720_240:(-0.173, 0.875, -0.452);Ground_720_240:(-0.173, 0.875, -0.452);Ground_720_240:(-0.173, 0.875, -0.452);Ground_720_240:(-0.173, 0.875, -0.452);Ground_720_240:(-0.173, 0.875, -0.452);"
13.240,61.893,742.336,83.324,-135.538,23.087,-12.370,7.556,17.983,0.473,0.000,-0.002,4,5.461,0.479,0.882,"Ground_720_240:(-0.174, 0.875, -0.452);Ground_720_240:(-0.174, 0.875, -0.452);Ground_720_240:(-0.174, 0.875, -0.452);Ground_720_240:(-0.174, 0.875, -0.452);Ground_720_240:(-0.174, 0.875, -0.452);Ground_720_240:(-0.174, 0.875, -0.452);"
13.260,61.591,742.089,83.474,-135.177,23.116,-12.323,7.520,18.065,0.457,0.000,-0.007,4,4.830,0.519,0.881,"Ground_720_240:(-0.174, 0.875, -0.452);Ground_720_240:(-0.174, 0.875, -0.452);Ground_720_240:(-0.174, 0.875, -0.452);Ground_720_240:(-0.174, 0.875, -0.452);Ground_720_240:(-0.174, 0.875, -0.452);Ground_720_240:(-0.174, 0.875, -0.452);"
13.280,61.289,741.842,83.624,-134.814,23.142,-12.279,7.464,18.149,0.442,0.000,-0.012,4,3.983,0.543,0.881,"Ground_720_240:(-0.177, 0.886, -0.428);Ground_720_240:(-0.177, 0.886, -0.428);Ground_720_240:(-0.177, 0.886, -0.428);Ground_720_240:(-0.177, 0.886, -0.428);Ground_720_240:(-0.177, 0.886, -0.428);Ground_720_240:(-0.177, 0.886, -0.428);"
13.300,60.987,741.597,83.771,-134.449,23.165,-12.238,7.385,18.236,0.429,0.000,-0.017,4,3.121,0.806,0.881,"Ground_720_240:(-0.177, 0.890, -0.421);Ground_720_240:(-0.177, 0.890, -0.421);Ground_720_240:(-0.177, 0.890, -0.421);Ground_720_240:(-0.177, 0.890, -0.421);Ground_720_240:(-0.177, 0.890, -0.421);Ground_720_240:(-0.177, 0.890, -0.421);"
13.320,60.686,741.352,83.917,-134.082,23.187,-12.202,7.284,18.327,0.417,0.000,-0.021,4,2.036,0.675,0.881,"Ground_720_240:(-0.178, 0.890, -0.421);Ground_720_240:(-0.178, 0.890, -0.421);Ground_720_240:(-0.178, 0.890, -0.421);Ground_720_240:(-0.178, 0.890, -0.421);Ground_720_240:(-0.178, 0.890, -0.421);Ground_720_240:(-0.178, 0.890, -0.421);"
13.340,60.669,741.107,84.060,-133.713,23.207,-12.171,7.170,18.416,0.407,0.000,-0.022,2,1.464,0.531,0.881,"Ground_720_240:(-0.178, 0.890, -0.421);Ground_720_240:(-0.178, 0.890, -0.421);Ground_720_240:(-0.178, 0.890, -0.421);Ground_720_240:(-0.178, 0.890, -0.421);Ground_720_240:(-0.178, 0.890, -0.421);Ground_720_240:(-0.178, 0.890, -0.421);"
13.360,60.448,740.864,84.202,-133.343,23.225,-12.147,7.050,18.500,0.397,0.000,-0.026,2,1.309,0.639,0.881,"Ground_720_240:(-0.178, 0.890, -0.421);Ground_720_240:(-0.178, 0.890, -0.421);Ground_720_240:(-0.178, 0.890, -0.421);Ground_720_240:(-0.178, 0.890, -0.421);Ground_720_240:(-0.178, 0.890, -0.421);Ground_720_240:(-0.178, 0.890, -0.421);"
13.380,60.138,740.620,84.340,-132.970,23.242,-12.127,6.913,18.586,0.387,0.000,-0.031,2,0.818,0.770,0.882,"Ground_720_240:(-0.181, 0.896, -0.406);Ground_720_240:(-0.181, 0.896, -0.406);Ground_720_240:(-0.181, 0.896, -0.406);Ground_720_240:(-0.181, 0.896, -0.406);Ground_720_240:(-0.181, 0.896, -0.406);Ground_720_240:(-0.181, 0.896, -0.406);"
13.400,59.827,740.377,84.475,-132.596,23.259,-12.113,6.761,18.671,0.379,0.000,-0.035,2,0.252,0.690,0.883,"Ground_720_240:(-0.184, 0.910, -0.372);Ground_720_240:(-0.184, 0.910, -0.372);Ground_720_240:(-0.184, 0.910, -0.372);Ground_720_240:(-0.184, 0.910, -0.372);Ground_720_240:(-0.184, 0.910, -0.372);Ground_720_240:(-0.184, 0.910, -0.372);"
13.420,59.516,740.134,84.607,-132.222,23.192,-12.109,6.563,18.664,0.371,0.000,-0.040,0,0.000,0.859,0.883,"Ground_720_240:(-0.183, 0.910, -0.371);Ground_720_240:(-0.183, 0.910, -0.371);Ground_720_240:(-0.183, 0.910, -0.371);Ground_720_240:(-0.183, 0.910, -0.371);Ground_720_240:(-0.183, 0.910, -0.371);Ground_720_240:(-0.183, 0.910, -0.371);"
13.440,59.205,739.892,84.734,-131.848,23.127,-12.104,6.364,18.656,0.404,0.000,-0.044,0,0.000,0.846,0.884,"Ground_720_240:(-0.182, 0.906, -0.382);Ground_720_240:(-0.182, 0.906, -0.382);Ground_720_240:(-0.182, 0.906, -0.382);Ground_720_240:(-0.182, 0.906, -0.382);Ground_720_240:(-0.182, 0.906, -0.382);Ground_720_240:(-0.182, 0.906, -0.382);"
13.460,58.893,739.649,84.858,-131.475,23.063,-12.099,6.165,18.649,0.437,0.000,-0.048,0,0.000,0.834,0.885,"Ground_720_240:(-0.182, 0.906, -0.382);Ground_720_240:(-0.182, 0.906, -0.382);Ground_720_240:(-0.182, 0.906, -0.382);Ground_720_240:(-0.182, 0.906, -0.382);Ground_720_240:(-0.182, 0.906, -0.382);Ground_720_240:(-0.182, 0.906, -0.382);"
13.480,58.581,739.406,84.978,-131.101,23.000,-12.094,5.967,18.641,0.469,0.000,-0.053,0,0.000,0.821,0.887,"Ground_720_240:(-0.185, 0.918, -0.351);Ground_720_240:(-0.185, 0.918, -0.351);Ground_720_240:(-0.185, 0.918, -0.351);Ground_720_240:(-0.185, 0.918, -0.351);Ground_720_240:(-0.185, 0.918, -0.351);Ground_720_240:(-0.185, 0.918, -0.351);"
13.500,58.511,739.164,85.093,-130.727,22.938,-12.089,5.768,18.634,0.500,0.000,-0.054,0,0.000,0.808,0.888,"Ground_720_240:(-0.188, 0.924, -0.332);Ground_720_240:(-0.188, 0.924, -0.332);Ground_720_240:(-0.188, 0.924, -0.332);Ground_720_240:(-0.188, 0.924, -0.332);Ground_720_240:(-0.188, 0.924, -0.332);Ground_720_240:(-0.188, 0.924, -0.332);"
13.520,58.233,738.922,85.205,-130.353,22.878,-12.084,5.570,18.627,0.531,0.000,-0.059,0,0.000,0.794,0.889,"Ground_720_240:(-0.185, 0.926, -0.328);Ground_720_240:(-0.185, 0.926, -0.328);Ground_720_240:(-0.185, 0.926, -0.328);Ground_720_240:(-0.185, 0.926, -0.328);Ground_720_240:(-0.185, 0.926, -0.328);"
13.540,57.912,738.680,85.313,-129.980,22.819,-12.080,5.371,18.619,0.561,0.000,-0.064,0,0.000,0.781,0.891,"Ground_720_240:(-0.183, 0.927, -0.328);Ground_720_240:(-0.183, 0.927, -0.328);"
13.560,57.592,738.438,85.417,-129.606,22.762,-12.075,5.173,18.612,0.590,0.000,-0.069,0,0.000,0.767,0.893,"Ground_720_240:(-0.183, 0.927, -0.328);Ground_720_240:(-0.183, 0.927, -0.328);"
13.580,57.270,738.196,85.517,-129.233,22.706,-12.070,4.975,18.604,0.619,0.000,-0.074,0,0.000,0.753,0.895,"Ground_720_240:(-0.183, 0.927, -0.328);"
13.600,56.949,737.955,85.613,-128.860,22.652,-12.065,4.777,18.597,0.647,0.000,-0.079,0,0.000,0.738,0.896,""
13.620,56.627,737.713,85.705,-128.487,22.599,-12.060,4.579,18.589,0.674,0.000,-0.084,0,0.000,0.723,0.898,""
13.640,56.323,737.472,85.793,-128.114,22.548,-12.055,4.381,18.582,0.700,0.000,-0.089,0,0.000,0.709,0.900,""
13.660,56.191,737.231,85.878,-127.741,22.498,-12.051,4.183,18.574,0.726,0.000,-0.093,0,0.000,0.693,0.903,""
13.680,55.862,736.989,85.958,-127.368,22.450,-12.046,3.985,18.567,0.751,0.000,-0.099,0,0.000,0.678,0.905,""
13.700,55.533,736.748,86.034,-126.995,22.403,-12.041,3.787,18.560,0.775,0.000,-0.105,0,0.000,0.663,0.907,""
13.720,55.203,736.508,86.107,-126.622,22.358,-12.036,3.590,18.552,0.798,0.000,-0.111,0,0.000,0.647,0.909,""
13.740,54.873,736.267,86.175,-126.250,22.314,-12.031,3.392,18.545,0.821,0.000,-0.117,0,0.000,0.631,0.912,""
13.760,54.542,736.026,86.240,-125.877,22.272,-12.027,3.195,18.537,0.843,0.000,-0.123,0,0.000,0.615,0.914,""
13.780,54.211,735.786,86.301,-125.505,22.232,-12.022,2.997,18.530,0.864,0.000,-0.129,0,0.000,0.599,0.917,""
13.800,54.032,735.546,86.357,-125.132,22.193,-12.017,2.800,18.523,0.884,0.000,-0.134,0,0.000,0.583,0.919,""
13.820,53.695,735.306,86.410,-124.760,22.156,-12.012,2.603,18.515,0.903,0.000,-0.141,0,0.000,0.567,0.922,""
13.840,53.358,735.065,86.459,-124.388,22.120,-12.007,2.406,18.508,0.922,0.000,-0.147,0,0.000,0.551,0.924,""
13.860,53.020,734.826,86.504,-124.016,22.086,-12.003,2.209,18.500,0.940,0.000,-0.154,0,0.000,0.535,0.927,""
13.880,52.682,734.586,86.545,-123.644,22.054,-11.998,2.012,18.493,0.957,0.000,-0.161,0,0.000,0.518,0.930,""
13.900,52.343,734.346,86.582,-123.273,22.023,-11.993,1.815,18.485,0.973,0.000,-0.167,0,0.000,0.502,0.932,""
13.920,52.004,734.107,86.615,-122.901,21.994,-11.988,1.618,18.478,0.988,0.000,-0.174,0,0.000,0.486,0.935,""
13.940,51.770,733.867,86.644,-122.529,21.967,-11.983,1.421,18.471,1.000,0.000,-0.181,0,0.000,0.469,0.937,""
13.960,51.426,733.628,86.669,-122.158,21.941,-11.979,1.224,18.463,1.000,0.000,-0.188,0,0.000,0.453,0.940,""
13.980,51.081,733.389,86.691,-121.787,21.916,-11.974,1.028,18.456,1.000,0.000,-0.195,0,0.000,0.437,0.943,""
14.000,50.736,733.150,86.708,-121.416,21.893,-11.969,0.831,18.449,1.000,0.000,-0.202,0,0.000,0.420,0.945,""
14.020,50.391,732.911,86.721,-121.045,21.872,-11.964,0.635,18.441,1.000,0.000,-0.209,0,0.000,0.404,0.948,""
14.040,50.045,732.672,86.731,-120.674,21.853,-11.959,0.438,18.434,1.000,0.000,-0.217,0,0.000,0.388,0.950,""
14.060,49.699,732.434,86.736,-120.303,21.834,-11.955,0.242,18.426,1.000,0.000,-0.224,0,0.000,0.373,0.953,""
14.080,49.418,732.195,86.738,-119.932,21.818,-11.950,0.046,18.419,1.000,0.000,-0.231,0,0.000,0.357,0.955,""
14.100,49.067,731.957,86.735,-119.562,21.803,-11.945,-0.150,18.412,1.000,0.000,-0.239,0,0.000,0.342,0.957,""
14.120,48.716,731.719,86.729,-119.191,21.790,-11.940,-0.346,18.404,1.000,0.000,-0.246,0,0.000,0.327,0.960,""
14.140,48.364,731.481,86.719,-118.821,21.778,-11.935,-0.542,18.397,1.000,0.000,-0.253,0,0.000,0.312,0.962,""
14.160,48.012,731.243,86.705,-118.451,21.768,-11.931,-0.738,18.390,1.000,0.000,-0.260,0,0.000,0.298,0.964,""
14.180,47.660,731.005,86.687,-118.081,21.759,-11.926,-0.934,18.382,1.000,0.000,-0.267,0,0.000,0.283,0.966,""
14.200,47.341,730.767,86.665,-117.711,21.751,-11.921,-1.130,18.375,1.000,0.000,-0.275,0,0.000,0.270,0.968,""
14.220,46.988,730.529,86.639,-117.341,21.745,-11.916,-1.326,18.368,1.000,0.000,-0.282,0,0.000,0.257,0.970,""
14.240,46.631,730.292,86.609,-116.972,21.741,-11.912,-1.521,18.360,1.000,0.000,-0.289,0,0.000,0.244,0.972,""
14.260,46.274,730.054,86.575,-116.602,21.738,-11.907,-1.717,18.353,1.000,0.000,-0.296,0,0.000,0.233,0.974,""
14.280,45.916,729.817,86.537,-116.233,21.737,-11.902,-1.912,18.346,1.000,0.000,-0.303,0,0.000,0.222,0.976,""
14.300,45.558,729.580,86.496,-115.864,21.736,-11.897,-2.107,18.338,1.000,0.000,-0.310,0,0.000,0.211,0.978,""
14.320,45.200,729.343,86.450,-115.495,21.738,-11.893,-2.303,18.331,1.000,0.000,-0.317,0,0.000,0.202,0.979,""
14.340,44.852,729.106,86.401,-115.126,21.740,-11.888,-2.498,18.323,1.000,0.000,-0.324,0,0.000,0.194,0.981,""
14.360,44.489,728.869,86.347,-114.757,21.744,-11.883,-2.693,18.316,1.000,0.000,-0.330,0,0.000,0.187,0.982,""
14.380,44.127,728.632,86.290,-114.389,21.749,-11.878,-2.888,18.309,1.000,0.000,-0.337,0,0.000,0.181,0.984,""
14.400,43.764,728.396,86.229,-114.021,21.756,-11.874,-3.083,18.302,1.000,0.000,-0.343,0,0.000,0.176,0.985,""
14.420,43.401,728.159,86.163,-113.652,21.763,-11.869,-3.278,18.294,1.000,0.000,-0.350,0,0.000,0.173,0.987,""
14.440,43.038,727.923,86.094,-113.284,21.772,-11.864,-3.473,18.287,1.000,0.000,-0.356,0,0.000,0.171,0.988,""
14.460,42.665,727.687,86.021,-112.916,21.782,-11.859,-3.667,18.280,1.000,0.000,-0.362,0,0.000,0.171,0.989,""
14.480,42.298,727.450,85.944,-112.549,21.794,-11.855,-3.862,18.272,1.000,0.000,-0.367,0,0.000,0.172,0.990,""
14.500,41.931,727.214,85.863,-112.181,21.806,-11.850,-4.057,18.265,1.000,0.000,-0.373,0,0.000,0.174,0.991,""
14.520,41.564,726.978,85.779,-111.814,21.819,-11.845,-4.251,18.258,1.000,0.000,-0.379,0,0.000,0.177,0.992,""
14.540,41.196,726.743,85.690,-111.447,21.834,-11.840,-4.446,18.250,1.000,0.000,-0.384,0,0.000,0.181,0.993,""
14.560,40.828,726.507,85.597,-111.080,21.849,-11.836,-4.640,18.243,1.000,0.000,-0.389,0,0.000,0.186,0.993,""
14.580,40.435,726.271,85.501,-110.713,21.866,-11.831,-4.834,18.236,1.000,0.000,-0.394,0,0.000,0.192,0.994,""
14.600,40.064,726.036,85.400,-110.346,21.883,-11.826,-5.028,18.228,1.000,0.000,-0.398,0,0.000,0.198,0.994,""
14.620,39.692,725.800,85.296,-109.979,21.901,-11.821,-5.223,18.221,1.000,0.000,-0.403,0,0.000,0.205,0.995,""
14.640,39.320,725.565,85.188,-109.613,21.920,-11.817,-5.417,18.214,1.000,0.000,-0.408,0,0.000,0.212,0.995,""
14.660,38.948,725.330,85.076,-109.247,21.940,-11.812,-5.611,18.207,1.000,0.000,-0.412,0,0.000,0.220,0.996,""
14.680,38.576,725.094,84.960,-108.881,21.961,-11.807,-5.804,18.199,1.000,0.000,-0.416,0,0.000,0.227,0.996,""
14.700,38.167,724.859,84.840,-108.515,21.982,-11.803,-5.998,18.192,1.000,0.000,-0.419,0,0.000,0.235,0.996,""
14.720,37.792,724.624,84.716,-108.149,22.005,-11.798,-6.192,18.185,1.000,0.000,-0.422,0,0.000,0.243,0.997,""
14.740,37.416,724.390,84.588,-107.784,22.027,-11.793,-6.386,18.177,0.998,0.000,-0.426,0,0.000,0.251,0.997,""
14.760,37.040,724.155,84.457,-107.419,22.050,-11.788,-6.579,18.170,0.986,0.000,-0.429,0,0.000,0.259,0.997,""
14.780,36.664,723.920,84.321,-107.054,22.074,-11.784,-6.773,18.163,0.975,0.000,-0.432,0,0.000,0.267,0.997,""
14.800,36.288,723.685,84.182,-106.689,22.099,-11.779,-6.966,18.156,0.963,0.000,-0.435,0,0.000,0.275,0.997,""
14.820,35.865,723.451,84.039,-106.324,22.123,-11.774,-7.159,18.148,0.951,0.000,-0.437,0,0.000,0.282,0.997,""
14.840,35.486,723.217,83.892,-105.959,22.149,-11.770,-7.353,18.141,0.938,0.000,-0.439,0,0.000,0.290,0.997,""
14.860,35.107,722.982,83.741,-105.595,22.174,-11.765,-7.546,18.134,0.926,0.000,-0.441,0,0.000,0.297,0.996,""
14.880,34.728,722.748,83.586,-105.231,22.200,-11.760,-7.739,18.127,0.913,0.000,-0.444,0,0.000,0.304,0.996,""
14.900,34.348,722.514,83.427,-104.867,22.226,-11.755,-7.932,18.119,0.900,0.000,-0.445,0,0.000,0.311,0.996,""
14.920,33.968,722.280,83.265,-104.503,22.252,-11.751,-8.125,18.112,0.887,0.000,-0.447,0,0.000,0.318,0.996,""
14.940,33.535,722.046,83.098,-104.139,22.279,-11.746,-8.318,18.105,0.874,0.000,-0.447,0,0.000,0.324,0.995,""
14.960,33.153,721.812,82.928,-103.776,22.305,-11.741,-8.511,18.098,0.861,0.000,-0.448,0,0.000,0.331,0.995,""
14.980,32.770,721.578,82.754,-103.413,22.332,-11.737,-8.703,18.090,0.847,0.000,-0.449,0,0.000,0.337,0.995,""
15.000,32.388,721.345,82.576,-103.050,22.358,-11.732,-8.896,18.083,0.834,0.000,-0.450,0,0.000,0.342,0.994,""
15.020,32.005,721.111,82.394,-102.687,22.385,-11.727,-9.088,18.076,0.821,0.000,-0.451,0,0.000,0.348,0.994,""
15.040,31.621,720.877,82.208,-102.324,22.411,-11.723,-9.281,18.069,0.808,0.000,-0.452,0,0.000,0.353,0.993,""
15.060,31.180,720.644,82.019,-101.962,22.437,-11.718,-9.473,18.061,0.794,0.000,-0.451,0,0.000,0.358,0.993,""
15.080,30.795,720.411,81.825,-101.599,22.463,-11.713,-9.666,18.054,0.781,0.000,-0.451,0,0.000,0.362,0.993,""
15.100,30.409,720.177,81.628,-101.237,22.489,-11.708,-9.858,18.047,0.768,0.000,-0.451,0,0.000,0.366,0.992,""
15.120,30.023,719.944,81.427,-100.875,22.515,-11.704,-10.050,18.040,0.755,0.000,-0.451,0,0.000,0.370,0.992,""
15.140,29.637,719.711,81.222,-100.513,22.540,-11.699,-10.242,18.033,0.743,0.000,-0.451,0,0.000,0.374,0.991,""
15.160,29.251,719.478,81.013,-100.152,22.565,-11.694,-10.434,18.025,0.730,0.000,-0.450,0,0.000,0.377,0.991,""
15.180,28.804,719.245,80.800,-99.791,22.589,-11.690,-10.626,18.018,0.718,0.000,-0.448,0,0.000,0.380,0.990,""
15.200,28.416,719.012,80.584,-99.429,22.613,-11.685,-10.818,18.011,0.705,0.000,-0.447,0,0.000,0.383,0.990,""
15.220,28.027,718.779,80.363,-99.068,22.636,-11.680,-11.010,18.004,0.694,0.000,-0.447,0,0.000,0.385,0.989,""
15.240,27.639,718.547,80.139,-98.708,22.659,-11.676,-11.202,17.997,0.682,0.000,-0.446,0,0.000,0.388,0.989,""
15.260,27.250,718.314,79.911,-98.347,22.681,-11.671,-11.393,17.989,0.670,0.000,-0.445,0,0.000,0.389,0.988,""
15.280,26.801,718.082,79.679,-97.987,22.703,-11.666,-11.585,17.982,0.659,0.000,-0.442,0,0.000,0.391,0.988,""
15.300,26.410,717.849,79.444,-97.626,22.723,-11.662,-11.776,17.975,0.649,0.000,-0.441,0,0.000,0.392,0.987,""
15.320,26.020,717.617,79.204,-97.266,22.743,-11.657,-11.968,17.968,0.638,0.000,-0.439,0,0.000,0.393,0.987,""
15.340,25.628,717.384,78.961,-96.906,22.763,-11.652,-12.159,17.961,0.628,0.000,-0.438,0,0.000,0.394,0.987,""
15.360,25.237,717.152,78.714,-96.547,22.781,-11.648,-12.350,17.953,0.619,0.000,-0.436,0,0.000,0.394,0.986,""
15.380,24.788,716.920,78.463,-96.187,22.798,-11.643,-12.541,17.946,0.610,0.000,-0.433,0,0.000,0.395,0.986,""
15.400,24.395,716.688,78.208,-95.828,22.815,-11.638,-12.733,17.939,0.601,0.000,-0.431,0,0.000,0.394,0.985,""
15.420,24.002,716.456,77.950,-95.469,22.830,-11.634,-12.924,17.932,0.593,0.000,-0.429,0,0.000,0.394,0.985,""
15.440,23.609,716.224,77.687,-95.110,22.845,-11.629,-13.115,17.925,0.585,0.000,-0.427,0,0.000,0.393,0.985,""
15.460,23.215,715.992,77.421,-94.751,22.859,-11.624,-13.305,17.918,0.577,0.000,-0.425,0,0.000,0.392,0.984,""
15.480,22.821,715.760,77.151,-94.393,22.871,-11.620,-13.496,17.910,0.571,0.000,-0.423,0,0.000,0.391,0.984,""
15.500,22.372,715.528,76.877,-94.034,22.882,-11.615,-13.687,17.903,0.564,0.000,-0.419,0,0.000,0.390,0.984,""
15.520,21.977,715.297,76.600,-93.676,22.893,-11.610,-13.878,17.896,0.559,0.000,-0.417,0,0.000,0.388,0.984,""
15.540,21.582,715.065,76.318,-93.318,22.902,-11.606,-14.068,17.889,0.554,0.000,-0.414,0,0.000,0.386,0.983,""
15.560,21.186,714.834,76.033,-92.961,22.910,-11.601,-14.259,17.882,0.549,0.000,-0.412,0,0.000,0.384,0.983,""
15.580,20.791,714.602,75.744,-92.603,22.916,-11.597,-14.449,17.875,0.545,0.000,-0.409,0,0.000,0.382,0.983,""
15.600,20.345,714.371,75.451,-92.245,22.922,-11.592,-14.639,17.867,0.542,0.000,-0.406,0,0.000,0.379,0.983,""
15.620,19.948,714.140,75.154,-91.888,22.926,-11.587,-14.830,17.860,0.539,0.000,-0.403,0,0.000,0.376,0.983,""
15.640,19.551,713.909,74.854,-91.531,22.929,-11.583,-15.020,17.853,0.537,0.000,-0.401,0,0.000,0.373,0.983,""
15.660,19.153,713.677,74.550,-91.174,22.930,-11.578,-15.210,17.846,0.536,0.000,-0.398,0,0.000,0.370,0.983,""
15.680,18.756,713.446,74.242,-90.818,22.930,-11.573,-15.400,17.839,0.535,0.000,-0.395,0,0.000,0.367,0.983,""
15.700,18.315,713.215,73.930,-90.461,22.929,-11.569,-15.590,17.832,0.535,0.000,-0.392,0,0.000,0.363,0.983,""
15.720,17.917,712.985,73.614,-90.105,22.926,-11.564,-15.780,17.825,0.535,0.000,-0.389,0,0.000,0.359,0.983,""
15.740,17.518,712.754,73.295,-89.748,22.922,-11.560,-15.970,17.817,0.537,0.000,-0.386,0,0.000,0.355,0.983,""
15.760,17.119,712.523,72.972,-89.392,22.917,-11.555,-16.159,17.810,0.539,0.000,-0.383,0,0.000,0.351,0.983,""
15.780,16.719,712.292,72.645,-89.037,22.910,-11.550,-16.349,17.803,0.542,0.000,-0.380,0,0.000,0.347,0.983,""
15.800,16.286,712.062,72.314,-88.681,22.902,-11.546,-16.539,17.796,0.545,0.000,-0.377,0,0.000,0.342,0.983,""
15.820,15.886,711.831,71.980,-88.325,22.892,-11.541,-16.728,17.789,0.549,0.000,-0.374,0,0.000,0.337,0.983,""
15.840,15.485,711.601,71.641,-87.970,22.881,-11.536,-16.918,17.782,0.554,0.000,-0.371,0,0.000,0.332,0.983,""
15.860,15.084,711.370,71.299,-87.615,22.868,-11.532,-17.107,17.775,0.560,0.000,-0.368,0,0.000,0.327,0.983,""
15.880,14.661,711.140,70.953,-87.260,22.854,-11.527,-17.296,17.768,0.566,0.000,-0.365,0,0.000,0.322,0.983,""
15.900,14.260,710.910,70.604,-86.905,22.838,-11.523,-17.485,17.761,0.573,0.000,-0.368,0,0.000,0.317,0.984,""
15.920,13.858,710.680,70.250,-86.551,22.821,-11.518,-17.675,17.753,0.581,0.000,-0.371,0,0.000,0.311,0.984,""
15.940,13.456,710.450,69.893,-86.196,22.802,-11.513,-17.864,17.746,0.590,0.000,-0.375,0,0.000,0.306,0.984,""
15.960,13.054,710.220,69.532,-85.842,22.782,-11.509,-18.053,17.739,0.599,0.000,-0.378,0,0.000,0.300,0.984,""
15.980,12.643,709.990,69.167,-85.488,22.760,-11.504,-18.241,17.732,0.609,0.000,-0.381,0,0.000,0.294,0.985,""
16.000,12.241,709.760,68.799,-85.134,22.737,-11.500,-18.430,17.725,0.620,0.000,-0.385,0,0.000,0.289,0.985,""
16.020,11.838,709.530,68.426,-84.780,22.713,-11.495,-18.619,17.718,0.631,0.000,-0.388,0,0.000,0.283,0.985,""
16.040,11.435,709.300,68.050,-84.426,22.687,-11.490,-18.808,17.711,0.644,0.000,-0.392,0,0.000,0.277,0.986,""
16.060,11.039,709.071,67.671,-84.073,22.659,-11.486,-18.996,17.704,0.657,0.000,-0.395,0,0.000,0.270,0.986,""
16.080,1072.495,708.841,67.287,-83.720,22.631,-11.481,-19.185,17.697,0.670,0.000,-0.146,0,0.000,0.264,0.986,""
16.100,1072.137,708.612,66.900,-83.367,22.600,-11.477,-19.373,17.690,0.685,0.000,-0.145,0,0.000,0.258,0.987,""
16.120,1071.778,708.382,66.508,-83.014,22.569,-11.472,-19.562,17.683,0.700,0.000,-0.145,0,0.000,0.251,0.987,""
16.140,1071.453,708.153,66.114,-82.661,22.536,-11.467,-19.750,17.675,0.716,0.000,-0.145,0,0.000,0.245,0.987,""
16.160,1071.094,707.924,65.715,-82.308,22.501,-11.463,-19.938,17.668,0.732,0.000,-0.145,0,0.000,0.239,0.988,""
16.180,1070.735,707.695,65.312,-81.956,22.465,-11.458,-20.126,17.661,0.749,0.000,-0.145,0,0.000,0.232,0.988,"Ground_720_320:(-0.629, 0.777, 0.007);Ground_720_320:(-0.629, 0.777, 0.007);"
16.200,1070.376,707.466,64.906,-81.603,22.428,-11.454,-20.314,17.654,0.767,0.000,-0.144,0,0.000,0.225,0.988,"Ground_720_320:(-0.629, 0.777, 0.007);Ground_720_320:(-0.629, 0.777, 0.007);"
16.220,1070.018,707.225,64.505,-81.250,22.846,-11.787,-20.087,17.637,0.786,0.000,-0.144,0,0.000,0.219,0.989,"Ground_720_320:(-0.631, 0.775, -0.018);Ground_720_320:(-0.631, 0.775, -0.018);Ground_720_320:(-0.631, 0.775, -0.018);Ground_720_320:(-0.631, 0.775, -0.018);Ground_720_320:(-0.631, 0.775, -0.018);Ground_720_320:(-0.631, 0.775, -0.018);Ground_720_320:(-0.554, 0.830, -0.065);Ground_720_320:(-0.554, 0.830, -0.065);"
16.240,1069.683,706.941,64.138,-80.891,24.365,-13.041,-18.232,17.579,0.577,0.000,-0.148,1,11.250,0.598,0.986,"Ground_720_320:(-0.634, 0.773, -0.022);Ground_720_320:(-0.634, 0.773, -0.022);Ground_720_320:(-0.634, 0.773, -0.022);Ground_720_320:(-0.634, 0.773, -0.022);Ground_720_320:(-0.634, 0.773, -0.022);Ground_720_320:(-0.634, 0.773, -0.022);Ground_720_320:(-0.555, 0.831, -0.041);Ground_720_320:(-0.555, 0.831, -0.041);Ground_720_320:(-0.555, 0.831, -0.041);Ground_720_320:(-0.555, 0.831, -0.041);Ground_720_320:(-0.555, 0.831, -0.041);Ground_720_320:(-0.555, 0.831, -0.041);"
16.260,1069.317,706.606,63.833,-80.561,24.341,-14.620,-15.184,16.768,0.000,0.000,-0.166,1,11.250,3.058,0.974,"Ground_720_320:(-0.553, 0.832, -0.057);Ground_720_320:(-0.553, 0.832, -0.057);Ground_720_320:(-0.553, 0.832, -0.057);Ground_720_320:(-0.553, 0.832, -0.057);Ground_720_320:(-0.553, 0.832, -0.057);Ground_720_320:(-0.553, 0.832, -0.057);"
16.280,1068.981,706.262,63.582,-80.255,23.509,-15.443,-12.192,16.206,0.000,0.000,-0.158,4,45.000,38.033,0.949,"Ground_720_320:(-0.552, 0.831, -0.066);Ground_720_320:(-0.552, 0.831, -0.066);Ground_720_320:(-0.552, 0.831, -0.066);Ground_720_320:(-0.552, 0.831, -0.066);Ground_720_320:(-0.552, 0.831, -0.066);Ground_720_320:(-0.552, 0.831, -0.066);"
16.300,1068.668,705.926,63.362,-79.940,23.434,-15.578,-10.635,16.533,0.246,0.000,-0.099,4,45.000,38.124,0.920,"Ground_720_320:(-0.552, 0.831, -0.065);Ground_720_320:(-0.552, 0.831, -0.065);Ground_720_320:(-0.552, 0.831, -0.065);Ground_720_320:(-0.552, 0.831, -0.065);Ground_720_320:(-0.552, 0.831, -0.065);Ground_720_320:(-0.552, 0.831, -0.065);Ground_720_320:(-0.437, 0.897, -0.075);Ground_720_320:(-0.437, 0.897, -0.075);Ground_720_320:(-0.437, 0.897, -0.075);Ground_720_320:(-0.437, 0.897, -0.075);Ground_720_320:(-0.437, 0.897, -0.075);Ground_720_320:(-0.437, 0.897, -0.075);"
16.320,1068.347,705.595,63.176,-79.625,23.189,-15.846,-8.966,16.583,0.283,0.000,-0.028,4,40.852,29.751,0.898,"Ground_720_320:(-0.436, 0.897, -0.075);Ground_720_320:(-0.436, 0.897, -0.075);Ground_720_320:(-0.436, 0.897, -0.075);Ground_720_320:(-0.436, 0.897, -0.075);Ground_720_320:(-0.436, 0.897, -0.075);Ground_720_320:(-0.436, 0.897, -0.075);Ground_720_320:(-0.553, 0.831, -0.065);Ground_720_320:(-0.553, 0.831, -0.065);Ground_720_320:(-0.553, 0.831, -0.065);Ground_720_320:(-0.553, 0.831, -0.065);Ground_720_320:(-0.553, 0.831, -0.065);Ground_720_320:(-0.553, 0.831, -0.065);"
16.340,1068.044,705.271,63.016,-79.304,23.126,-15.910,-7.822,16.730,0.405,0.000,0.027,4,30.437,22.436,0.883,"Ground_720_320:(-0.553, 0.831, -0.065);Ground_720_320:(-0.553, 0.831, -0.065);Ground_720_320:(-0.553, 0.831, -0.065);Ground_720_320:(-0.553, 0.831, -0.065);Ground_720_320:(-0.553, 0.831, -0.065);Ground_720_320:(-0.553, 0.831, -0.065);Ground_720_320:(-0.436, 0.897, -0.075);Ground_720_320:(-0.436, 0.897, -0.075);Ground_720_320:(-0.436, 0.897, -0.075);Ground_720_320:(-0.436, 0.897, -0.075);Ground_720_320:(-0.436, 0.897, -0.075);Ground_720_320:(-0.436, 0.897, -0.075);"
16.360,1067.717,704.949,62.883,-78.970,23.069,-15.969,-6.591,16.854,0.437,0.000,0.061,4,25.681,16.925,0.878,"Ground_720_320:(-0.436, 0.897, -0.075);Ground_720_320:(-0.436, 0.897, -0.075);Ground_720_320:(-0.436, 0.897, -0.075);Ground_720_320:(-0.436, 0.897, -0.075);Ground_720_320:(-0.436, 0.897, -0.075);Ground_720_320:(-0.436, 0.897, -0.075);Ground_720_320:(-0.553, 0.831, -0.065);Ground_720_320:(-0.553, 0.831, -0.065);Ground_720_320:(-0.553, 0.831, -0.065);Ground_720_320:(-0.553, 0.831, -0.065);Ground_720_320:(-0.553, 0.831, -0.065);Ground_720_320:(-0.553, 0.831, -0.065);"
16.380,1067.378,704.633,62.759,-78.628,23.169,-15.711,-6.129,17.188,0.466,0.000,0.077,4,17.604,5.532,0.874,"Ground_720_320:(-0.436, 0.896, -0.076);Ground_720_320:(-0.436, 0.896, -0.076);Ground_720_320:(-0.436, 0.896, -0.076);Ground_720_320:(-0.436, 0.896, -0.076);Ground_720_320:(-0.436, 0.896, -0.076);Ground_720_320:(-0.436, 0.896, -0.076);"
16.400,1067.031,704.327,62.648,-78.279,23.238,-15.462,-5.578,17.511,0.415,0.000,0.090,4,15.574,3.724,0.878,"Ground_720_320:(-0.435, 0.897, -0.079);Ground_720_320:(-0.435, 0.897, -0.079);Ground_720_320:(-0.435, 0.897, -0.079);Ground_720_320:(-0.435, 0.897, -0.079);Ground_720_320:(-0.435, 0.897, -0.079);Ground_720_320:(-0.435, 0.897, -0.079);Ground_720_320:(-0.267, 0.959, -0.093);Ground_720_320:(-0.267, 0.959, -0.093);"
16.420,1066.677,704.032,62.575,-77.934,23.074,-15.257,-4.399,17.643,0.381,0.000,0.092,4,14.471,3.045,0.898,"Ground_720_320:(-0.261, 0.961, -0.087);Ground_720_320:(-0.261, 0.961, -0.087);Ground_720_320:(-0.261, 0.961, -0.087);Ground_720_320:(-0.435, 0.897, -0.080);Ground_720_320:(-0.435, 0.897, -0.080);Ground_720_320:(-0.435, 0.897, -0.080);Ground_720_320:(-0.435, 0.897, -0.080);Ground_720_320:(-0.435, 0.897, -0.080);Ground_720_320:(-0.435, 0.897, -0.080);"
16.440,1066.340,703.743,62.498,-77.577,23.139,-14.912,-4.082,17.988,0.463,0.000,0.071,4,14.832,12.319,0.911,"Ground_720_320:(-0.263, 0.961, -0.087);Ground_720_320:(-0.263, 0.961, -0.087);Ground_720_320:(-0.263, 0.961, -0.087);Ground_720_320:(-0.263, 0.961, -0.087);Ground_720_320:(-0.263, 0.961, -0.087);Ground_720_320:(-0.263, 0.961, -0.087);Ground_720_320:(-0.436, 0.896, -0.080);Ground_720_320:(-0.436, 0.896, -0.080);Ground_720_320:(-0.436, 0.896, -0.080);Ground_720_320:(-0.436, 0.896, -0.080);Ground_720_320:(-0.436, 0.896, -0.080);Ground_720_320:(-0.436, 0.896, -0.080);"
16.460,1065.978,703.459,62.428,-77.212,23.188,-14.586,-3.680,18.304,0.430,0.000,0.059,4,19.524,10.016,0.922,"Ground_720_320:(-0.263, 0.961, -0.087);Ground_720_320:(-0.263, 0.961, -0.087);Ground_720_320:(-0.263, 0.961, -0.087);Ground_720_320:(-0.263, 0.961, -0.087);Ground_720_320:(-0.263, 0.961, -0.087);Ground_720_320:(-0.263, 0.961, -0.087);Ground_720_320:(-0.435, 0.897, -0.079);Ground_720_320:(-0.435, 0.897, -0.079);Ground_720_320:(-0.435, 0.897, -0.079);Ground_720_320:(-0.435, 0.897, -0.079);Ground_720_320:(-0.435, 0.897, -0.079);Ground_720_320:(-0.435, 0.897, -0.079);"
16.480,1065.608,703.181,62.373,-76.839,23.197,-14.290,-2.925,18.536,0.406,0.000,0.050,4,22.206,7.969,0.934,"Ground_720_320:(-0.263, 0.961, -0.087);Ground_720_320:(-0.263, 0.961, -0.087);Ground_720_320:(-0.263, 0.961, -0.087);Ground_720_320:(-0.263, 0.961, -0.087);Ground_720_320:(-0.263, 0.961, -0.087);Ground_720_320:(-0.263, 0.961, -0.087);Ground_720_320:(-0.435, 0.897, -0.079);Ground_720_320:(-0.435, 0.897, -0.079);Ground_720_320:(-0.435, 0.897, -0.079);Ground_720_320:(-0.435, 0.897, -0.079);Ground_720_320:(-0.435, 0.897, -0.079);Ground_720_320:(-0.435, 0.897, -0.079);"
16.500,1065.230,702.910,62.326,-76.458,23.264,-13.929,-2.500,18.839,0.401,0.000,0.040,4,20.441,8.355,0.945,"Ground_720_320:(-0.262, 0.961, -0.090);Ground_720_320:(-0.262, 0.961, -0.090);Ground_720_320:(-0.262, 0.961, -0.090);Ground_720_320:(-0.262, 0.961, -0.090);Ground_720_320:(-0.262, 0.961, -0.090);Ground_720_320:(-0.262, 0.961, -0.090);Ground_720_320:(-0.433, 0.898, -0.081);Ground_720_320:(-0.433, 0.898, -0.081);Ground_720_320:(-0.433, 0.898, -0.081);Ground_720_320:(-0.439, 0.895, -0.081);"
16.520,1064.845,702.646,62.285,-76.072,23.336,-13.548,-2.140,19.153,0.368,0.000,0.031,4,20.364,8.348,0.953,"Ground_720_320:(-0.263, 0.960, -0.092);Ground_720_320:(-0.263, 0.960, -0.092);Ground_720_320:(-0.263, 0.960, -0.092);Ground_720_320:(-0.263, 0.960, -0.092);Ground_720_320:(-0.263, 0.960, -0.092);Ground_720_320:(-0.263, 0.960, -0.092);Ground_720_320:(-0.036, 0.994, -0.100);"
16.540,1064.464,702.398,62.279,-75.689,23.054,-13.061,-0.536,19.172,0.332,0.000,0.023,4,20.114,7.808,0.966,"Ground_720_320:(-0.033, 0.995, -0.097);Ground_720_320:(-0.033, 0.995, -0.097);Ground_720_320:(-0.033, 0.995, -0.097);Ground_720_320:(-0.264, 0.960, -0.092);Ground_720_320:(-0.264, 0.960, -0.092);Ground_720_320:(-0.264, 0.960, -0.092);Ground_720_320:(-0.264, 0.960, -0.092);Ground_720_320:(-0.264, 0.960, -0.092);Ground_720_320:(-0.264, 0.960, -0.092);"
16.560,1064.078,702.156,62.279,-75.300,23.114,-12.676,-0.169,19.457,0.473,0.000,0.003,4,12.837,13.903,0.975,"Ground_720_320:(-0.033, 0.995, -0.097);Ground_720_320:(-0.033, 0.995, -0.097);Ground_720_320:(-0.033, 0.995, -0.097);Ground_720_320:(-0.263, 0.960, -0.091);Ground_720_320:(-0.263, 0.960, -0.091);Ground_720_320:(-0.263, 0.960, -0.091);Ground_720_320:(-0.263, 0.960, -0.091);Ground_720_320:(-0.263, 0.960, -0.091);Ground_720_320:(-0.263, 0.960, -0.091);"
16.580,1063.685,701.919,62.282,-74.905,23.187,-12.344,0.050,19.721,0.443,0.000,-0.011,4,14.172,11.612,0.982,"Ground_720_320:(-0.033, 0.995, -0.097);Ground_720_320:(-0.033, 0.995, -0.097);Ground_720_320:(-0.033, 0.995, -0.097);Ground_720_320:(-0.033, 0.995, -0.097);Ground_720_320:(-0.261, 0.961, -0.089);Ground_720_320:(-0.261, 0.961, -0.089);Ground_720_320:(-0.261, 0.961, -0.089);Ground_720_320:(-0.261, 0.961, -0.089);Ground_720_320:(-0.261, 0.961, -0.089);Ground_720_320:(-0.261, 0.961, -0.089);"
16.600,1063.287,701.688,62.289,-74.506,23.248,-12.059,0.291,19.940,0.407,0.000,-0.022,4,16.639,11.253,0.987,"Ground_720_320:(-0.032, 0.995, -0.097);Ground_720_320:(-0.032, 0.995, -0.097);Ground_720_320:(-0.032, 0.995, -0.097);Ground_720_320:(-0.032, 0.995, -0.097);Ground_720_320:(-0.032, 0.995, -0.097);Ground_720_320:(-0.032, 0.995, -0.097);Ground_720_320:(-0.261, 0.961, -0.092);Ground_720_320:(-0.261, 0.961, -0.092);Ground_720_320:(-0.261, 0.961, -0.092);Ground_720_320:(-0.261, 0.961, -0.092);Ground_720_320:(-0.261, 0.961, -0.092);Ground_720_320:(-0.261, 0.961, -0.092);"
16.620,1062.884,701.460,62.301,-74.103,23.305,-11.821,0.516,20.127,0.376,0.000,-0.031,4,18.041,9.606,0.991,"Ground_720_320:(-0.032, 0.995, -0.099);Ground_720_320:(-0.032, 0.995, -0.099);Ground_720_320:(-0.032, 0.995, -0.099);Ground_720_320:(-0.032, 0.995, -0.099);Ground_720_320:(-0.032, 0.995, -0.099);Ground_720_320:(-0.032, 0.995, -0.099);Ground_720_320:(-0.261, 0.961, -0.093);Ground_720_320:(-0.261, 0.961, -0.093);Ground_720_320:(-0.261, 0.961, -0.093);"
16.640,1062.484,701.234,62.316,-73.696,23.360,-11.627,0.749,20.281,0.347,0.000,-0.038,4,19.644,9.052,0.993,"Ground_720_320:(-0.032, 0.995, -0.099);Ground_720_320:(-0.032, 0.995, -0.099);Ground_720_320:(-0.032, 0.995, -0.099);Ground_720_320:(-0.032, 0.995, -0.099);Ground_720_320:(-0.032, 0.995, -0.099);Ground_720_320:(-0.032, 0.995, -0.099);Ground_720_320:(-0.261, 0.961, -0.093);Ground_720_320:(-0.261, 0.961, -0.093);Ground_720_320:(-0.261, 0.961, -0.093);"
16.660,1062.074,701.011,62.337,-73.287,23.408,-11.471,0.994,20.403,0.320,0.000,-0.043,4,21.061,7.215,0.995,"Ground_720_320:(-0.032, 0.995, -0.099);Ground_720_320:(-0.032, 0.995, -0.099);Ground_720_320:(-0.032, 0.995, -0.099);Ground_720_320:(-0.032, 0.995, -0.099);Ground_720_320:(-0.032, 0.995, -0.099);Ground_720_320:(-0.032, 0.995, -0.099);Ground_720_320:(-0.261, 0.961, -0.093);Ground_720_320:(-0.261, 0.961, -0.093);Ground_720_320:(-0.261, 0.961, -0.093);"
16.680,1061.662,700.790,62.362,-72.877,23.448,-11.343,1.261,20.497,0.296,0.000,-0.046,4,21.703,6.671,0.996,"Ground_720_320:(-0.032, 0.995, -0.098);Ground_720_320:(-0.032, 0.995, -0.098);Ground_720_320:(-0.032, 0.995, -0.098);Ground_720_320:(-0.032, 0.995, -0.098);Ground_720_320:(-0.032, 0.995, -0.098);Ground_720_320:(-0.032, 0.995, -0.098);"
16.700,1061.248,700.573,62.405,-72.468,23.371,-11.142,2.158,20.439,0.276,0.000,-0.047,4,21.574,6.031,0.996,"Ground_720_320:(-0.031, 0.995, -0.100);Ground_720_320:(-0.031, 0.995, -0.100);Ground_720_320:(-0.031, 0.995, -0.100);Ground_720_320:(-0.031, 0.995, -0.100);Ground_720_320:(-0.031, 0.995, -0.100);Ground_720_320:(-0.031, 0.995, -0.100);Ground_720_320:(0.097, 0.990, -0.101);Ground_720_320:(0.097, 0.990, -0.101);Ground_720_320:(0.097, 0.990, -0.101);Ground_720_320:(0.097, 0.990, -0.101);Ground_720_320:(0.097, 0.990, -0.101);"
16.720,1060.840,700.358,62.453,-72.058,23.397,-11.050,2.381,20.491,0.314,0.000,-0.050,4,15.644,6.859,0.996,"Ground_720_320:(0.097, 0.990, -0.100);Ground_720_320:(0.097, 0.990, -0.100);Ground_720_320:(0.097, 0.990, -0.100);Ground_720_320:(0.097, 0.990, -0.100);Ground_720_320:(0.097, 0.990, -0.100);Ground_720_320:(0.097, 0.990, -0.100);Ground_720_320:(-0.030, 0.995, -0.100);Ground_720_320:(-0.030, 0.995, -0.100);Ground_720_320:(-0.030, 0.995, -0.100);Ground_720_320:(-0.030, 0.995, -0.100);Ground_720_320:(-0.030, 0.995, -0.100);Ground_720_320:(-0.030, 0.995, -0.100);"
16.740,1060.428,700.143,62.503,-71.647,23.435,-10.999,2.513,20.544,0.302,0.000,-0.051,4,15.009,6.096,0.996,"Ground_720_320:(0.097, 0.990, -0.100);Ground_720_320:(0.097, 0.990, -0.100);Ground_720_320:(0.097, 0.990, -0.100);Ground_720_320:(0.097, 0.990, -0.100);Ground_720_320:(0.097, 0.990, -0.100);Ground_720_320:(0.097, 0.990, -0.100);Ground_720_320:(-0.030, 0.995, -0.100);Ground_720_320:(-0.030, 0.995, -0.100);Ground_720_320:(-0.030, 0.995, -0.100);Ground_720_320:(-0.030, 0.995, -0.100);Ground_720_320:(-0.030, 0.995, -0.100);Ground_720_320:(-0.030, 0.995, -0.100);"
16.760,1060.014,699.927,62.556,-71.234,23.472,-10.967,2.626,20.588,0.282,0.000,-0.051,4,15.026,5.206,0.995,"Ground_720_320:(0.097, 0.990, -0.100);Ground_720_320:(0.097, 0.990, -0.100);Ground_720_320:(0.097, 0.990, -0.100);Ground_720_320:(0.097, 0.990, -0.100);Ground_720_320:(0.097, 0.990, -0.100);Ground_720_320:(0.097, 0.990, -0.100);Ground_720_320:(-0.030, 0.995, -0.099);Ground_720_320:(-0.030, 0.995, -0.099);Ground_720_320:(-0.030, 0.995, -0.099);Ground_720_320:(-0.030, 0.995, -0.099);Ground_720_320:(-0.030, 0.995, -0.099);Ground_720_320:(-0.030, 0.995, -0.099);"
16.780,1059.599,699.712,62.610,-70.822,23.503,-10.949,2.734,20.618,0.264,0.000,-0.050,4,15.009,4.776,0.994,"Ground_720_320:(0.097, 0.990, -0.100);Ground_720_320:(0.097, 0.990, -0.100);Ground_720_320:(0.097, 0.990, -0.100);Ground_720_320:(0.097, 0.990, -0.100);Ground_720_320:(0.097, 0.990, -0.100);Ground_720_320:(0.097, 0.990, -0.100);Ground_720_320:(-0.030, 0.995, -0.099);Ground_720_320:(-0.030, 0.995, -0.099);Ground_720_320:(-0.030, 0.995, -0.099);Ground_720_320:(-0.030, 0.995, -0.099);Ground_720_320:(-0.030, 0.995, -0.099);Ground_720_320:(-0.030, 0.995, -0.099);"
16.800,1059.183,699.496,62.667,-70.408,23.529,-10.943,2.838,20.638,0.249,0.000,-0.048,4,14.855,3.788,0.994,"Ground_720_320:(0.098, 0.990, -0.102);Ground_720_320:(0.098, 0.990, -0.102);Ground_720_320:(0.098, 0.990, -0.102);Ground_720_320:(0.098, 0.990, -0.102);Ground_720_320:(0.098, 0.990, -0.102);Ground_720_320:(0.098, 0.990, -0.102);Ground_720_320:(-0.029, 0.994, -0.101);Ground_720_320:(-0.029, 0.994, -0.101);Ground_720_320:(-0.029, 0.994, -0.101);"
16.820,1058.770,699.280,62.725,-69.995,23.552,-10.949,2.943,20.646,0.235,0.000,-0.046,4,14.826,2.927,0.993,"Ground_720_320:(0.098, 0.990, -0.102);Ground_720_320:(0.098, 0.990, -0.102);Ground_720_320:(0.098, 0.990, -0.102);Ground_720_320:(0.098, 0.990, -0.102);Ground_720_320:(0.098, 0.990, -0.102);Ground_720_320:(0.098, 0.990, -0.102);Ground_720_320:(-0.029, 0.994, -0.101);Ground_720_320:(-0.029, 0.994, -0.101);Ground_720_320:(-0.029, 0.994, -0.101);"
16.840,1058.354,699.063,62.786,-69.582,23.571,-10.967,3.052,20.643,0.224,0.000,-0.043,4,15.056,2.743,0.992,"Ground_720_320:(0.099, 0.990, -0.101);Ground_720_320:(0.099, 0.990, -0.101);Ground_720_320:(0.099, 0.990, -0.101);Ground_720_320:(0.099, 0.990, -0.101);Ground_720_320:(0.099, 0.990, -0.101);Ground_720_320:(0.099, 0.990, -0.101);Ground_720_320:(-0.029, 0.994, -0.101);Ground_720_320:(-0.029, 0.994, -0.101);Ground_720_320:(-0.029, 0.994, -0.101);"
16.860,1057.938,698.845,62.849,-69.169,23.586,-10.996,3.162,20.630,0.215,0.000,-0.040,4,15.055,2.547,0.992,"Ground_720_320:(0.099, 0.990, -0.101);Ground_720_320:(0.099, 0.990, -0.101);Ground_720_320:(0.099, 0.990, -0.101);Ground_720_320:(0.099, 0.990, -0.101);Ground_720_320:(0.099, 0.990, -0.101);Ground_720_320:(0.099, 0.990, -0.101);"
16.880,1057.522,698.626,62.914,-68.757,23.599,-11.032,3.267,20.610,0.207,0.000,-0.036,4,14.866,2.372,0.991,"Ground_720_320:(0.100, 0.990, -0.102);Ground_720_320:(0.100, 0.990, -0.102);Ground_720_320:(0.100, 0.990, -0.102);Ground_720_320:(0.100, 0.990, -0.102);Ground_720_320:(0.100, 0.990, -0.102);Ground_720_320:(0.100, 0.990, -0.102);Ground_720_320:(0.105, 0.989, -0.103);Ground_720_320:(0.105, 0.989, -0.103);"
16.900,1057.107,698.407,62.982,-68.345,23.610,-11.076,3.367,20.585,0.200,0.000,-0.031,4,14.545,2.195,0.991,"Ground_720_320:(0.101, 0.989, -0.104);Ground_720_320:(0.101, 0.989, -0.104);Ground_720_320:(0.101, 0.989, -0.104);Ground_720_320:(0.101, 0.989, -0.104);Ground_720_320:(0.101, 0.989, -0.104);Ground_720_320:(0.101, 0.989, -0.104);"
16.920,1056.694,698.185,63.051,-67.934,23.619,-11.125,3.458,20.555,0.195,0.000,-0.027,4,14.131,1.988,0.990,"Ground_720_320:(0.102, 0.989, -0.103);Ground_720_320:(0.102, 0.989, -0.103);Ground_720_320:(0.102, 0.989, -0.103);Ground_720_320:(0.102, 0.989, -0.103);Ground_720_320:(0.102, 0.989, -0.103);Ground_720_320:(0.102, 0.989, -0.103);"
16.940,1056.280,697.963,63.121,-67.524,23.627,-11.177,3.539,20.522,0.190,0.000,-0.022,4,13.629,1.787,0.990,"Ground_720_320:(0.101, 0.990, -0.102);Ground_720_320:(0.101, 0.990, -0.102);Ground_720_320:(0.101, 0.990, -0.102);Ground_720_320:(0.101, 0.990, -0.102);Ground_720_320:(0.101, 0.990, -0.102);Ground_720_320:(0.101, 0.990, -0.102);"
16.960,1055.866,697.739,63.193,-67.114,23.633,-11.232,3.609,20.488,0.187,0.000,-0.017,4,13.068,1.630,0.989,"Ground_720_320:(0.101, 0.990, -0.102);Ground_720_320:(0.101, 0.990, -0.102);Ground_720_320:(0.101, 0.990, -0.102);Ground_720_320:(0.101, 0.990, -0.102);Ground_720_320:(0.101, 0.990, -0.102);Ground_720_320:(0.101, 0.990, -0.102);"
16.980,1055.454,697.514,63.266,-66.705,23.638,-11.287,3.667,20.453,0.183,0.000,-0.012,4,12.487,1.454,0.989,"Ground_720_320:(0.103, 0.989, -0.104);Ground_720_320:(0.103, 0.989, -0.104);Ground_720_320:(0.103, 0.989, -0.104);Ground_720_320:(0.103, 0.989, -0.104);Ground_720_320:(0.103, 0.989, -0.104);Ground_720_320:(0.103, 0.989, -0.104);"
17.000,1055.042,697.288,63.341,-66.297,23.643,-11.341,3.713,20.420,0.181,0.000,-0.007,4,11.923,1.318,0.988,"Ground_720_320:(0.103, 0.989, -0.104);Ground_720_320:(0.103, 0.989, -0.104);Ground_720_320:(0.103, 0.989, -0.104);Ground_720_320:(0.103, 0.989, -0.104);Ground_720_320:(0.103, 0.989, -0.104);Ground_720_320:(0.103, 0.989, -0.104);"
17.020,1054.631,697.061,63.416,-65.889,23.646,-11.393,3.750,20.388,0.179,0.000,-0.001,4,11.400,1.167,0.988,"Ground_720_320:(0.103, 0.989, -0.104);Ground_720_320:(0.103, 0.989, -0.104);Ground_720_320:(0.103, 0.989, -0.104);Ground_720_320:(0.103, 0.989, -0.104);Ground_720_320:(0.103, 0.989, -0.104);Ground_720_320:(0.103, 0.989, -0.104);"
17.040,1054.221,696.832,63.491,-65.482,23.649,-11.442,3.775,20.359,0.177,0.000,0.004,4,10.891,1.044,0.988,"Ground_720_320:(0.105, 0.989, -0.104);Ground_720_320:(0.105, 0.989, -0.104);Ground_720_320:(0.105, 0.989, -0.104);Ground_720_320:(0.105, 0.989, -0.104);Ground_720_320:(0.105, 0.989, -0.104);Ground_720_320:(0.105, 0.989, -0.104);"
17.060,1053.811,696.603,63.567,-65.076,23.652,-11.486,3.791,20.333,0.175,0.000,0.009,4,10.406,0.929,0.988,"Ground_720_320:(0.106, 0.989, -0.104);Ground_720_320:(0.106, 0.989, -0.104);Ground_720_320:(0.106, 0.989, -0.104);Ground_720_320:(0.106, 0.989, -0.104);Ground_720_320:(0.106, 0.989, -0.104);Ground_720_320:(0.106, 0.989, -0.104);"
17.080,1053.401,696.373,63.643,-64.670,23.654,-11.524,3.798,20.312,0.174,0.000,0.015,4,9.975,0.795,0.988,"Ground_720_320:(0.106, 0.989, -0.105);Ground_720_320:(0.106, 0.989, -0.105);Ground_720_320:(0.106, 0.989, -0.105);Ground_720_320:(0.106, 0.989, -0.105);Ground_720_320:(0.106, 0.989, -0.105);Ground_720_320:(0.106, 0.989, -0.105);"
17.100,1052.992,696.142,63.719,-64.264,23.655,-11.555,3.798,20.295,0.173,0.000,0.020,4,9.612,0.700,0.987,"Ground_720_320:(0.107, 0.989, -0.106);Ground_720_320:(0.107, 0.989, -0.106);Ground_720_320:(0.107, 0.989, -0.106);Ground_720_320:(0.107, 0.989, -0.106);Ground_720_320:(0.107, 0.989, -0.106);Ground_720_320:(0.107, 0.989, -0.106);"
17.120,1052.583,695.910,63.794,-63.859,23.657,-11.579,3.792,20.283,0.172,0.000,0.026,4,9.328,0.591,0.987,"Ground_720_320:(0.107, 0.989, -0.106);Ground_720_320:(0.107, 0.989, -0.106);Ground_720_320:(0.107, 0.989, -0.106);Ground_720_320:(0.107, 0.989, -0.106);Ground_720_320:(0.107, 0.989, -0.106);Ground_720_320:(0.107, 0.989, -0.106);"
17.140,1052.175,695.678,63.870,-63.453,23.658,-11.595,3.780,20.276,0.172,0.000,0.031,4,9.084,0.499,0.987,"Ground_720_320:(0.107, 0.989, -0.106);Ground_720_320:(0.107, 0.989, -0.106);Ground_720_320:(0.107, 0.989, -0.106);Ground_720_320:(0.107, 0.989, -0.106);Ground_720_320:(0.107, 0.989, -0.106);Ground_720_320:(0.107, 0.989, -0.106);"
17.160,1051.767,695.446,63.945,-63.048,23.658,-11.602,3.764,20.276,0.171,0.000,0.037,4,8.884,0.397,0.987,"Ground_720_320:(0.108, 0.989, -0.105);Ground_720_320:(0.108, 0.989, -0.105);Ground_720_320:(0.108, 0.989, -0.105);Ground_720_320:(0.108, 0.989, -0.105);Ground_720_320:(0.108, 0.989, -0.105);Ground_720_320:(0.108, 0.989, -0.105);"
17.180,1051.358,695.214,64.020,-62.643,23.659,-11.599,3.745,20.281,0.171,0.000,0.042,4,8.762,0.319,0.987,"Ground_720_320:(0.110, 0.988, -0.106);Ground_720_320:(0.110, 0.988, -0.106);Ground_720_320:(0.110, 0.988, -0.106);Ground_720_320:(0.110, 0.988, -0.106);Ground_720_320:(0.110, 0.988, -0.106);Ground_720_320:(0.110, 0.988, -0.106);"
17.200,1050.950,694.982,64.095,-62.237,23.659,-11.586,3.725,20.291,0.171,0.000,0.047,4,8.701,0.259,0.987,"Ground_720_320:(0.110, 0.988, -0.107);Ground_720_320:(0.110, 0.988, -0.107);Ground_720_320:(0.110, 0.988, -0.107);Ground_720_320:(0.110, 0.988, -0.107);Ground_720_320:(0.110, 0.988, -0.107);Ground_720_320:(0.110, 0.988, -0.107);"
17.220,1050.541,694.751,64.169,-61.831,23.658,-11.563,3.703,20.308,0.171,0.000,0.052,4,8.684,0.212,0.987,"Ground_720_320:(0.110, 0.988, -0.107);Ground_720_320:(0.110, 0.988, -0.107);Ground_720_320:(0.110, 0.988, -0.107);Ground_720_320:(0.110, 0.988, -0.107);Ground_720_320:(0.110, 0.988, -0.107);Ground_720_320:(0.110, 0.988, -0.107);"
17.240,1050.132,694.520,64.242,-61.425,23.658,-11.529,3.682,20.330,0.171,0.000,0.057,4,8.689,0.171,0.987,"Ground_720_320:(0.112, 0.988, -0.107);Ground_720_320:(0.112, 0.988, -0.107);Ground_720_320:(0.112, 0.988, -0.107);Ground_720_320:(0.112, 0.988, -0.107);Ground_720_320:(0.112, 0.988, -0.107);Ground_720_320:(0.112, 0.988, -0.107);"
17.260,1049.723,694.290,64.316,-61.018,23.657,-11.485,3.660,20.358,0.171,0.000,0.062,4,8.718,0.119,0.987,"Ground_720_320:(0.112, 0.988, -0.107);Ground_720_320:(0.112, 0.988, -0.107);Ground_720_320:(0.112, 0.988, -0.107);Ground_720_320:(0.112, 0.988, -0.107);Ground_720_320:(0.112, 0.988, -0.107);Ground_720_320:(0.112, 0.988, -0.107);"
17.280,1049.313,694.061,64.388,-60.611,23.656,-11.429,3.639,20.392,0.172,0.000,0.066,4,8.795,0.071,0.987,"Ground_720_320:(0.113, 0.988, -0.108);Ground_720_320:(0.113, 0.988, -0.108);Ground_720_320:(0.113, 0.988, -0.108);Ground_720_320:(0.113, 0.988, -0.108);Ground_720_320:(0.113, 0.988, -0.108);Ground_720_320:(0.113, 0.988, -0.108);"
17.300,1048.903,693.834,64.461,-60.202,23.654,-11.363,3.620,20.432,0.172,0.000,0.070,4,8.910,0.050,0.987,"Ground_720_320:(0.113, 0.988, -0.108);Ground_720_320:(0.113, 0.988, -0.108);Ground_720_320:(0.113, 0.988, -0.108);Ground_720_320:(0.113, 0.988, -0.108);Ground_720_320:(0.113, 0.988, -0.108);Ground_720_320:(0.113, 0.988, -0.108);"
17.320,1048.491,693.608,64.533,-59.793,23.652,-11.285,3.603,20.476,0.173,0.000,0.074,4,9.037,0.060,0.987,"Ground_720_320:(0.114, 0.988, -0.109);Ground_720_320:(0.114, 0.988, -0.109);Ground_720_320:(0.114, 0.988, -0.109);Ground_720_320:(0.114, 0.988, -0.109);Ground_720_320:(0.114, 0.988, -0.109);Ground_720_320:(0.114, 0.988, -0.109);"
17.340,1048.079,693.384,64.605,-59.383,23.650,-11.197,3.587,20.526,0.174,0.000,0.078,4,9.174,0.081,0.987,"Ground_720_320:(0.114, 0.988, -0.109);Ground_720_320:(0.114, 0.988, -0.109);Ground_720_320:(0.114, 0.988, -0.109);Ground_720_320:(0.114, 0.988, -0.109);Ground_720_320:(0.114, 0.988, -0.109);Ground_720_320:(0.114, 0.988, -0.109);"
17.360,1047.666,693.161,64.676,-58.972,23.648,-11.097,3.574,20.581,0.175,0.000,0.082,4,9.312,0.113,0.987,"Ground_720_320:(0.115, 0.988, -0.108);Ground_720_320:(0.115, 0.988, -0.108);Ground_720_320:(0.115, 0.988, -0.108);Ground_720_320:(0.115, 0.988, -0.108);Ground_720_320:(0.115, 0.988, -0.108);Ground_720_320:(0.115, 0.988, -0.108);"
17.380,1047.252,692.942,64.747,-58.559,23.645,-10.987,3.563,20.640,0.176,0.000,0.085,4,9.461,0.131,0.987,"Ground_720_320:(0.116, 0.987, -0.109);Ground_720_320:(0.116, 0.987, -0.109);Ground_720_320:(0.116, 0.987, -0.109);Ground_720_320:(0.116, 0.987, -0.109);Ground_720_320:(0.116, 0.987, -0.109);Ground_720_320:(0.116, 0.987, -0.109);"
17.400,1046.837,692.724,64.818,-58.145,23.642,-10.867,3.554,20.703,0.177,0.000,0.088,4,9.603,0.126,0.987,"Ground_720_320:(0.116, 0.987, -0.109);Ground_720_320:(0.116, 0.987, -0.109);Ground_720_320:(0.116, 0.987, -0.109);Ground_720_320:(0.116, 0.987, -0.109);Ground_720_320:(0.116, 0.987, -0.109);Ground_720_320:(0.116, 0.987, -0.109);"
17.420,1046.420,692.509,64.889,-57.730,23.639,-10.736,3.548,20.770,0.179,0.000,0.091,4,9.734,0.134,0.987,"Ground_720_320:(0.117, 0.987, -0.110);Ground_720_320:(0.117, 0.987, -0.110);Ground_720_320:(0.117, 0.987, -0.110);Ground_720_320:(0.117, 0.987, -0.110);Ground_720_320:(0.117, 0.987, -0.110);Ground_720_320:(0.117, 0.987, -0.110);"
17.440,1046.002,692.297,64.960,-57.314,23.636,-10.595,3.542,20.841,0.180,0.000,0.094,4,9.837,0.164,0.987,"Ground_720_320:(0.117, 0.987, -0.110);Ground_720_320:(0.117, 0.987, -0.110);Ground_720_320:(0.117, 0.987, -0.110);Ground_720_320:(0.117, 0.987, -0.110);Ground_720_320:(0.117, 0.987, -0.110);Ground_720_320:(0.117, 0.987, -0.110);"
17.460,1045.583,692.088,65.031,-56.896,23.632,-10.444,3.537,20.915,0.182,0.000,0.096,4,9.931,0.159,0.987,"Ground_720_320:(0.118, 0.987, -0.109);Ground_720_320:(0.118, 0.987, -0.109);Ground_720_320:(0.118, 0.987, -0.109);Ground_720_320:(0.118, 0.987, -0.109);Ground_720_320:(0.118, 0.987, -0.109);Ground_720_320:(0.118, 0.987, -0.109);"
17.480,1045.163,691.882,65.102,-56.476,23.628,-10.284,3.534,20.992,0.184,0.000,0.099,4,10.032,0.168,0.987,"Ground_720_320:(0.120, 0.987, -0.110);Ground_720_320:(0.120, 0.987, -0.110);Ground_720_320:(0.120, 0.987, -0.110);Ground_720_320:(0.120, 0.987, -0.110);Ground_720_320:(0.120, 0.987, -0.110);Ground_720_320:(0.120, 0.987, -0.110);"
17.500,1044.741,691.680,65.172,-56.055,23.625,-10.115,3.531,21.072,0.186,0.000,0.101,4,10.128,0.168,0.987,"Ground_720_320:(0.120, 0.987, -0.110);Ground_720_320:(0.120, 0.987, -0.110);Ground_720_320:(0.120, 0.987, -0.110);Ground_720_320:(0.120, 0.987, -0.110);Ground_720_320:(0.120, 0.987, -0.110);Ground_720_320:(0.120, 0.987, -0.110);"
17.520,1044.317,691.481,65.243,-55.632,23.621,-9.938,3.530,21.153,0.188,0.000,0.102,4,10.211,0.180,0.987,"Ground_720_320:(0.120, 0.987, -0.110);Ground_720_320:(0.120, 0.987, -0.110);Ground_720_320:(0.120, 0.987, -0.110);Ground_720_320:(0.120, 0.987, -0.110);Ground_720_320:(0.120, 0.987, -0.110);Ground_720_320:(0.120, 0.987, -0.110);"
17.540,1043.893,691.286,65.313,-55.207,23.617,-9.753,3.529,21.237,0.190,0.000,0.104,4,10.274,0.200,0.987,"Ground_720_320:(0.121, 0.987, -0.110);Ground_720_320:(0.121, 0.987, -0.110);Ground_720_320:(0.121, 0.987, -0.110);Ground_720_320:(0.121, 0.987, -0.110);Ground_720_320:(0.121, 0.987, -0.110);Ground_720_320:(0.121, 0.987, -0.110);"
17.560,1043.466,691.094,65.384,-54.781,23.613,-9.560,3.527,21.322,0.192,0.000,0.105,4,10.319,0.182,0.987,"Ground_720_320:(0.121, 0.986, -0.110);Ground_720_320:(0.121, 0.986, -0.110);Ground_720_320:(0.121, 0.986, -0.110);Ground_720_320:(0.121, 0.986, -0.110);Ground_720_320:(0.121, 0.986, -0.110);Ground_720_320:(0.121, 0.986, -0.110);"
17.580,1043.038,690.907,65.454,-54.353,23.609,-9.359,3.526,21.408,0.193,0.000,0.106,4,10.357,0.180,0.987,"Ground_720_320:(0.121, 0.986, -0.111);Ground_720_320:(0.121, 0.986, -0.111);Ground_720_320:(0.121, 0.986, -0.111);Ground_720_320:(0.121, 0.986, -0.111);Ground_720_320:(0.121, 0.986, -0.111);Ground_720_320:(0.121, 0.986, -0.111);"
17.600,1042.608,690.724,65.525,-53.923,23.606,-9.152,3.525,21.494,0.195,0.000,0.107,4,10.381,0.165,0.987,"Ground_720_320:(0.121, 0.986, -0.111);Ground_720_320:(0.121, 0.986, -0.111);Ground_720_320:(0.121, 0.986, -0.111);Ground_720_320:(0.121, 0.986, -0.111);Ground_720_320:(0.121, 0.986, -0.111);Ground_720_320:(0.121, 0.986, -0.111);"
17.620,1042.176,690.545,65.595,-53.492,23.602,-8.939,3.523,21.581,0.197,0.000,0.107,4,10.377,0.165,0.987,"Ground_720_320:(0.122, 0.986, -0.111);Ground_720_320:(0.122, 0.986, -0.111);Ground_720_320:(0.122, 0.986, -0.111);Ground_720_320:(0.122, 0.986, -0.111);Ground_720_320:(0.122, 0.986, -0.111);Ground_720_320:(0.122, 0.986, -0.111);"
17.640,1041.744,690.371,65.666,-53.059,23.599,-8.721,3.519,21.668,0.199,0.000,0.107,4,10.349,0.154,0.987,"Ground_720_320:(0.122, 0.986, -0.111);Ground_720_320:(0.122, 0.986, -0.111);Ground_720_320:(0.122, 0.986, -0.111);Ground_720_320:(0.122, 0.986, -0.111);Ground_720_320:(0.122, 0.986, -0.111);Ground_720_320:(0.122, 0.986, -0.111);"
17.660,1041.309,690.201,65.736,-52.624,23.596,-8.497,3.514,21.755,0.201,0.000,0.108,4,10.322,0.158,0.987,"Ground_720_320:(0.124, 0.986, -0.112);Ground_720_320:(0.124, 0.986, -0.112);Ground_720_320:(0.124, 0.986, -0.112);Ground_720_320:(0.124, 0.986, -0.112);Ground_720_320:(0.124, 0.986, -0.112);Ground_720_320:(0.124, 0.986, -0.112);"
17.680,1040.872,690.036,65.806,-52.187,23.593,-8.269,3.508,21.841,0.202,0.000,0.107,4,10.294,0.139,0.987,"Ground_720_320:(0.124, 0.986, -0.112);Ground_720_320:(0.124, 0.986, -0.112);Ground_720_320:(0.124, 0.986, -0.112);Ground_720_320:(0.124, 0.986, -0.112);Ground_720_320:(0.124, 0.986, -0.112);Ground_720_320:(0.124, 0.986, -0.112);"
17.700,1040.434,689.875,65.876,-51.748,23.590,-8.036,3.500,21.927,0.204,0.000,0.107,4,10.264,0.150,0.987,"Ground_720_320:(0.125, 0.986, -0.111);Ground_720_320:(0.125, 0.986, -0.111);Ground_720_320:(0.125, 0.986, -0.111);Ground_720_320:(0.125, 0.986, -0.111);Ground_720_320:(0.125, 0.986, -0.111);Ground_720_320:(0.125, 0.986, -0.111);"
17.720,1039.994,689.719,65.946,-51.308,23.588,-7.800,3.491,22.011,0.205,0.000,0.107,4,10.226,0.150,0.987,"Ground_720_320:(0.125, 0.986, -0.111);Ground_720_320:(0.125, 0.986, -0.111);Ground_720_320:(0.125, 0.986, -0.111);Ground_720_320:(0.125, 0.986, -0.111);Ground_720_320:(0.125, 0.986, -0.111);Ground_720_320:(0.125, 0.986, -0.111);"
17.740,1039.554,689.568,66.015,-50.867,23.585,-7.561,3.481,22.094,0.206,0.000,0.106,4,10.184,0.143,0.987,"Ground_720_320:(0.125, 0.986, -0.111);Ground_720_320:(0.125, 0.986, -0.111);Ground_720_320:(0.125, 0.986, -0.111);Ground_720_320:(0.125, 0.986, -0.111);Ground_720_320:(0.125, 0.986, -0.111);Ground_720_320:(0.125, 0.986, -0.111);"
17.760,1039.111,689.421,66.085,-50.423,23.584,-7.319,3.469,22.176,0.207,0.000,0.105,4,10.148,0.136,0.987,"Ground_720_320:(0.126, 0.986, -0.112);Ground_720_320:(0.126, 0.986, -0.112);Ground_720_320:(0.126, 0.986, -0.112);Ground_720_320:(0.126, 0.986, -0.112);Ground_720_320:(0.126, 0.986, -0.112);Ground_720_320:(0.126, 0.986, -0.112);"
17.780,1038.666,689.280,66.154,-49.978,23.582,-7.076,3.456,22.255,0.208,0.000,0.104,4,10.115,0.127,0.987,"Ground_720_320:(0.126, 0.986, -0.112);Ground_720_320:(0.126, 0.986, -0.112);Ground_720_320:(0.126, 0.986, -0.112);Ground_720_320:(0.126, 0.986, -0.112);Ground_720_320:(0.126, 0.986, -0.112);Ground_720_320:(0.126, 0.986, -0.112);"
17.800,1038.220,689.143,66.223,-49.531,23.581,-6.830,3.441,22.333,0.209,0.000,0.103,4,10.071,0.121,0.986,"Ground_720_320:(0.127, 0.986, -0.111);Ground_720_320:(0.127, 0.986, -0.111);Ground_720_320:(0.127, 0.986, -0.111);Ground_720_320:(0.127, 0.986, -0.111);Ground_720_320:(0.127, 0.986, -0.111);Ground_720_320:(0.127, 0.986, -0.111);"
17.820,1037.772,689.012,66.291,-49.083,23.580,-6.584,3.425,22.409,0.210,0.000,0.102,4,10.015,0.116,0.986,"Ground_720_320:(0.127, 0.986, -0.111);Ground_720_320:(0.127, 0.986, -0.111);Ground_720_320:(0.127, 0.986, -0.111);Ground_720_320:(0.127, 0.986, -0.111);Ground_720_320:(0.127, 0.986, -0.111);Ground_720_320:(0.127, 0.986, -0.111);"
17.840,1037.323,688.885,66.359,-48.634,23.580,-6.337,3.407,22.482,0.210,0.000,0.101,4,9.953,0.095,0.986,"Ground_720_320:(0.127, 0.986, -0.111);Ground_720_320:(0.127, 0.986, -0.111);Ground_720_320:(0.127, 0.986, -0.111);Ground_720_320:(0.127, 0.986, -0.111);Ground_720_320:(0.127, 0.986, -0.111);Ground_720_320:(0.127, 0.986, -0.111);"
17.860,1036.876,688.763,66.427,-48.183,23.579,-6.090,3.388,22.552,0.210,0.000,0.099,4,9.902,0.077,0.986,"Ground_720_320:(0.127, 0.986, -0.111);Ground_720_320:(0.127, 0.986, -0.111);Ground_720_320:(0.127, 0.986, -0.111);Ground_720_320:(0.127, 0.986, -0.111);Ground_720_320:(0.127, 0.986, -0.111);Ground_720_320:(0.127, 0.986, -0.111);"
17.880,1036.424,688.647,66.494,-47.730,23.580,-5.843,3.367,22.621,0.210,0.000,0.098,4,9.848,0.074,0.986,"Ground_720_320:(0.128, 0.986, -0.111);Ground_720_320:(0.128, 0.986, -0.111);Ground_720_320:(0.128, 0.986, -0.111);Ground_720_320:(0.128, 0.986, -0.111);Ground_720_320:(0.128, 0.986, -0.111);Ground_720_320:(0.128, 0.986, -0.111);"
17.900,1035.971,688.535,66.561,-47.277,23.580,-5.596,3.345,22.686,0.210,0.000,0.096,4,9.789,0.070,0.986,"Ground_720_320:(0.128, 0.986, -0.111);Ground_720_320:(0.128, 0.986, -0.111);Ground_720_320:(0.128, 0.986, -0.111);Ground_720_320:(0.128, 0.986, -0.111);Ground_720_320:(0.128, 0.986, -0.111);Ground_720_320:(0.128, 0.986, -0.111);"
17.920,1035.516,688.428,66.628,-46.822,23.581,-5.351,3.321,22.749,0.210,0.000,0.094,4,9.725,0.064,0.986,"Ground_720_320:(0.128, 0.985, -0.111);Ground_720_320:(0.128, 0.985, -0.111);Ground_720_320:(0.128, 0.985, -0.111);Ground_720_320:(0.128, 0.985, -0.111);Ground_720_320:(0.128, 0.985, -0.111);Ground_720_320:(0.128, 0.985, -0.111);"
17.940,1035.061,688.319,66.737,-46.620,13.618,-4.795,5.673,12.065,0.209,0.000,0.092,4,9.668,0.056,0.963,"Tree trunk:(0.000, 0.000, -1.000);Tree trunk:(0.000, 0.000, -1.000);Tree trunk:(0.000, 0.000, -1.000);Ground_720_320:(0.130, 0.985, -0.111);Ground_720_320:(0.130, 0.985, -0.111);Ground_720_320:(0.130, 0.985, -0.111);Ground_720_320:(0.130, 0.985, -0.111);Ground_720_320:(0.130, 0.985, -0.111);Ground_720_320:(0.130, 0.985, -0.111);"
17.960,1034.862,688.226,66.848,-46.396,13.891,-4.159,5.886,12.321,1.000,0.000,0.084,2,20.335,48.850,0.940,"Ground_720_320:(0.129, 0.985, -0.111);Ground_720_320:(0.129, 0.985, -0.111);Ground_720_320:(0.129, 0.985, -0.111);Ground_720_320:(0.129, 0.985, -0.111);Ground_720_320:(0.129, 0.985, -0.111);Ground_720_320:(0.129, 0.985, -0.111);Ground_720_320:(0.126, 0.986, -0.112);Tree trunk:(-0.961, 0.000, -0.277);"
17.980,1034.639,688.146,66.960,-46.162,14.076,-3.548,5.921,12.578,1.000,0.000,0.076,2,14.396,32.078,0.916,"Ground_720_320:(0.129, 0.985, -0.111);Ground_720_320:(0.129, 0.985, -0.111);Ground_720_320:(0.129, 0.985, -0.111);Ground_720_320:(0.129, 0.985, -0.111);Ground_720_320:(0.129, 0.985, -0.111);Ground_720_320:(0.129, 0.985, -0.111);Tree trunk:(-0.996, 0.009, -0.092);Tree trunk:(-0.996, 0.009, -0.092);Tree trunk:(-0.996, 0.009, -0.092);Tree trunk:(-0.996, 0.009, -0.092);"
18.000,1034.405,688.079,67.073,-45.919,14.210,-2.968,5.945,12.805,1.000,0.000,0.070,2,14.074,28.167,0.894,"Ground_720_320:(0.129, 0.985, -0.111);Ground_720_320:(0.129, 0.985, -0.111);Ground_720_320:(0.129, 0.985, -0.111);Ground_720_320:(0.129, 0.985, -0.111);Ground_720_320:(0.129, 0.985, -0.111);Ground_720_320:(0.129, 0.985, -0.111);Tree trunk:(-0.998, -0.016, -0.055);Tree trunk:(-0.998, -0.016, -0.055);Tree trunk:(-0.998, -0.016, -0.055);Tree trunk:(-0.998, -0.016, -0.055);"
18.020,1034.162,688.023,67.187,-45.668,14.319,-2.482,5.950,13.012,1.000,0.000,0.064,2,12.944,24.482,0.876,"Ground_720_320:(0.129, 0.985, -0.111);Ground_720_320:(0.129, 0.985, -0.111);Ground_720_320:(0.129, 0.985, -0.111);Ground_720_320:(0.129, 0.985, -0.111);Ground_720_320:(0.129, 0.985, -0.111);Ground_720_320:(0.129, 0.985, -0.111);Tree trunk:(-0.999, -0.034, -0.024);Tree trunk:(-0.999, -0.034, -0.024);Tree trunk:(-0.999, -0.034, -0.024);Tree trunk:(-0.999, -0.034, -0.024);"
