time=3.599999 position=(742.35, 79.81, -20.67) hit=Ground_CR117 downhill summit return impulse=0 contacts=(743.32, 79.29, -20.99) normal=(0.01, 1.00, -0.02)
time=3.839999 position=(743.43, 79.72, -23.05) hit=Ground_720_320 impulse=0 contacts=(744.38, 79.12, -23.71) normal=(0.01, 1.00, -0.03);(744.23, 79.13, -23.23) normal=(0.01, 1.00, -0.03);(744.16, 79.14, -23.00) normal=(0.01, 1.00, -0.03)
time=5.279998 position=(734.74, 79.49, -42.88) hit=Ground_CR117 rounded start turn impulse=0 contacts=(733.74, 79.02, -42.75) normal=(0.00, 1.00, 0.00);(733.65, 79.02, -42.74) normal=(0.00, 1.00, 0.00);(733.72, 79.02, -42.85) normal=(0.00, 1.00, 0.00)
time=5.539998 position=(731.18, 79.54, -44.95) hit=Ground_CR110 main supported trail impulse=0 contacts=(730.08, 79.04, -44.74) normal=(0.01, 1.00, 0.01);(730.21, 79.04, -44.97) normal=(0.01, 1.00, 0.01);(730.29, 79.04, -44.62) normal=(0.01, 1.00, 0.01)
time=6.539998 position=(720.60, 79.82, -57.57) hit=Ground_720_320 impulse=0 contacts=(721.00, 79.12, -58.53) normal=(0.02, 1.00, 0.06);(720.30, 79.12, -58.30) normal=(0.02, 1.00, 0.06);(720.00, 79.12, -58.20) normal=(0.02, 1.00, 0.06);(721.06, 79.12, -58.55) normal=(0.02, 1.00, 0.06);(719.68, 79.12, -58.10) normal=(0.02, 1.00, 0.06);(719.71, 79.11, -58.00) normal=(0.02, 1.00, 0.06)
time=8.719996 position=(720.71, 82.40, -102.72) hit=Ground_CR110 main supported trail impulse=0 contacts=(720.43, 82.26, -103.80) normal=(-0.02, 1.00, 0.09);(720.56, 82.27, -103.73) normal=(-0.02, 1.00, 0.09);(720.36, 82.24, -103.63) normal=(-0.02, 1.00, 0.09)
time=9.259996 position=(725.87, 83.90, -111.50) hit=Ground_CR110 main supported trail impulse=0 contacts=(726.97, 83.27, -111.33) normal=(-0.10, 0.99, 0.04);(727.09, 83.29, -111.43) normal=(-0.10, 0.99, 0.04)
time=9.279997 position=(726.07, 83.91, -111.82) hit=Ground_CR117 rounded start turn impulse=0 contacts=(727.09, 83.29, -111.56) normal=(-0.08, 1.00, 0.04);(726.21, 83.27, -112.72) normal=(-0.08, 1.00, 0.04);(727.28, 83.31, -111.73) normal=(-0.08, 1.00, 0.04);(726.35, 83.29, -112.84) normal=(-0.08, 1.00, 0.04)
time=9.339996 position=(726.70, 83.93, -112.78) hit=Ground_720_240 impulse=0 contacts=(727.93, 83.33, -112.63) normal=(-0.10, 0.99, 0.06);(727.00, 83.30, -113.75) normal=(-0.10, 0.99, 0.06);(727.05, 83.31, -113.78) normal=(-0.10, 0.99, 0.06);(727.00, 83.26, -113.00) normal=(-0.10, 0.99, 0.06);(727.36, 83.32, -113.36) normal=(-0.10, 0.99, 0.06);(727.64, 83.33, -113.00) normal=(-0.10, 0.99, 0.06)
time=10.56 position=(742.50, 85.97, -119.68) hit=Ground_CR117 gully approach impulse=0 contacts=(743.19, 86.04, -120.48) normal=(-0.01, 0.99, 0.11);(743.10, 86.06, -120.67) normal=(-0.01, 0.99, 0.11);(743.08, 86.07, -120.75) normal=(-0.01, 0.99, 0.12);(743.12, 86.06, -120.67) normal=(-0.01, 0.99, 0.12);(742.93, 86.06, -120.68) normal=(-0.01, 0.99, 0.12)
time=10.7 position=(743.97, 86.63, -120.19) hit=Ground_CR117 gully approach impulse=0 contacts=(745.01, 86.04, -120.25) normal=(-0.01, 0.99, 0.11)
time=11 position=(747.20, 86.92, -121.74) hit=Ground_CR110 main supported trail impulse=0 contacts=(748.38, 86.29, -121.86) normal=(-0.14, 0.99, 0.03)
time=11 position=(747.20, 86.92, -121.74) hit=Ground_CR117 gully approach impulse=0 contacts=(747.86, 86.32, -122.45) normal=(-0.01, 0.99, 0.10);(747.40, 86.37, -122.98) normal=(-0.01, 0.99, 0.10);(747.86, 86.32, -122.45) normal=(-0.01, 0.99, 0.10)
time=11.04 position=(747.58, 86.90, -121.97) hit=Ground_720_240 impulse=0 contacts=(748.00, 86.29, -122.94) normal=(-0.01, 0.99, 0.10);(747.76, 86.31, -123.20) normal=(-0.01, 0.99, 0.10);(747.94, 86.30, -123.00) normal=(-0.01, 0.99, 0.10);(747.97, 86.29, -122.97) normal=(-0.01, 0.99, 0.10)
time=11.3 position=(749.51, 86.88, -123.88) hit=Ground_CR110 narrow ridge cut impulse=0 contacts=(749.38, 86.25, -122.30) normal=(-0.18, 0.98, -0.09)
time=18.23999 position=(799.29, 110.08, -266.24) hit=Ground_Mountain_0_0 impulse=0 contacts=(800.31, 109.50, -266.08) normal=(-0.04, 1.00, 0.03);(800.00, 109.50, -266.51) normal=(-0.04, 1.00, 0.03);(800.21, 109.50, -266.21) normal=(-0.04, 1.00, 0.03);(800.21, 109.49, -266.00) normal=(-0.04, 1.00, 0.03);(800.00, 109.48, -265.85) normal=(-0.04, 1.00, 0.03);(800.00, 109.48, -266.00) normal=(-0.04, 1.00, 0.03)
time=18.45999 position=(803.55, 110.33, -269.22) hit=Ground_CR117 outer ravine impulse=0 contacts=(803.82, 109.65, -270.21) normal=(-0.04, 1.00, 0.03);(803.95, 109.65, -270.00) normal=(-0.04, 1.00, 0.03);(803.47, 109.64, -270.00) normal=(-0.04, 1.00, 0.03)
time=20.21999 position=(843.64, 110.62, -275.15) hit=Ground_CR117 outer ravine impulse=0 contacts=(844.23, 109.84, -274.33) normal=(0.00, 1.00, 0.00);(844.32, 109.84, -275.00) normal=(0.00, 1.00, 0.00);(844.43, 109.84, -275.77) normal=(0.00, 1.00, 0.00)
time=20.45999 position=(849.29, 110.53, -274.40) hit=Ground_CR117 gully takeoff impulse=0 contacts=(850.07, 110.04, -275.05) normal=(0.00, 1.00, 0.00);(850.00, 110.04, -274.46) normal=(0.00, 1.00, 0.00);(850.00, 110.04, -275.05) normal=(0.00, 1.00, 0.00)
time=32.27999 position=(1268.06, 103.83, -273.08) hit=Ground_CR117 gully catch impulse=93.1732 contacts=(1267.77, 103.31, -273.82) normal=(0.12, 0.99, 0.00);(1266.20, 103.51, -272.33) normal=(0.12, 0.99, 0.00);(1266.16, 103.51, -273.78) normal=(0.12, 0.99, 0.00);(1267.79, 103.31, -272.37) normal=(0.12, 0.99, 0.00);(1266.27, 103.50, -273.78) normal=(0.12, 0.99, 0.00);(1266.29, 103.50, -272.33) normal=(0.12, 0.99, 0.00)
time=32.29999 position=(1268.76, 103.52, -273.08) hit=Ground_CR117 outer ravine impulse=0 contacts=(1266.85, 103.12, -272.30) normal=(0.12, 0.99, -0.05);(1266.81, 103.06, -273.75) normal=(0.12, 0.99, -0.05);(1267.31, 103.07, -272.31) normal=(0.12, 0.99, -0.05);(1268.79, 102.81, -273.79) normal=(0.12, 0.99, -0.05);(1269.17, 102.83, -272.35) normal=(0.12, 0.99, -0.05);(1269.12, 102.77, -273.80) normal=(0.12, 0.99, -0.05)
time=35.01999 position=(1346.02, 99.61, -273.95) hit=Ground_CR117 tangent gully return impulse=0 contacts=(1347.02, 99.20, -273.34) normal=(-0.02, 1.00, -0.04);(1347.02, 99.20, -273.35) normal=(-0.02, 1.00, -0.04);(1347.00, 99.20, -273.34) normal=(-0.02, 1.00, -0.04)
time=39.23999 position=(1384.16, 103.58, -209.16) hit=Ground_CR117 outer ravine impulse=0 contacts=(1385.06, 102.87, -208.57) normal=(-0.05, 0.98, -0.17);(1385.00, 102.87, -208.55) normal=(-0.05, 0.98, -0.17);(1383.67, 102.88, -208.14) normal=(-0.05, 0.98, -0.17)
time=46.75998 position=(1293.64, 134.83, -72.41) hit=Ground_CR117 tangent gully return impulse=0 contacts=(1292.60, 134.16, -72.71) normal=(0.13, 0.99, -0.07);(1293.24, 134.16, -71.41) normal=(0.13, 0.99, -0.07)
time=50.83998 position=(1200.31, 143.59, -54.18) hit=Ground_Mountain_3_2 impulse=0 contacts=(1200.00, 143.02, -54.90) normal=(0.07, 1.00, 0.00);(1199.58, 143.05, -53.44) normal=(0.07, 1.00, 0.00);(1199.56, 143.05, -54.89) normal=(0.07, 1.00, 0.00);(1200.00, 143.02, -53.45) normal=(0.07, 1.00, 0.00);(1200.00, 143.02, -54.00) normal=(0.07, 1.00, 0.00);(1199.57, 143.05, -54.00) normal=(0.07, 1.00, 0.00)
time=54.35998 position=(1119.31, 146.74, -69.16) hit=Ground_Mountain_3_1 impulse=0 contacts=(1119.10, 146.12, -70.14) normal=(0.00, 1.00, 0.00);(1119.01, 146.12, -70.00) normal=(0.00, 1.00, 0.00);(1119.33, 146.13, -70.00) normal=(0.00, 1.00, 0.00)
time=55.33998 position=(1100.79, 146.09, -83.30) hit=Ground_Mountain_2_1 impulse=0 contacts=(1099.81, 145.46, -83.26) normal=(-0.03, 1.00, -0.02);(1100.00, 145.46, -83.45) normal=(-0.03, 1.00, -0.02);(1100.00, 145.48, -83.07) normal=(-0.03, 1.00, -0.02)
time=60.27998 position=(1000.78, 134.21, -129.15) hit=Ground_Mountain_1_1 impulse=0 contacts=(999.98, 133.50, -129.72) normal=(-0.15, 0.99, 0.01);(1000.00, 133.51, -129.61) normal=(-0.15, 0.99, 0.01);(1000.00, 133.51, -129.73) normal=(-0.15, 0.99, 0.01)
time=63.91998 position=(998.96, 136.13, -76.59) hit=Ground_Mountain_2_1 impulse=0 contacts=(1000.01, 135.65, -76.49) normal=(-0.08, 0.99, -0.10);(1000.00, 135.65, -76.48) normal=(-0.08, 0.99, -0.10);(1000.00, 135.65, -76.49) normal=(-0.08, 0.99, -0.10)
time=64.23997 position=(1003.91, 137.10, -70.91) hit=Ground_Mountain_2_2 impulse=0 contacts=(1004.00, 136.62, -70.00) normal=(-0.08, 0.99, -0.10);(1004.04, 136.62, -70.00) normal=(-0.08, 0.99, -0.10);(1004.00, 136.62, -69.97) normal=(-0.08, 0.99, -0.10);(1003.86, 136.62, -69.86) normal=(-0.08, 0.99, -0.10);(1003.74, 136.60, -70.00) normal=(-0.08, 0.99, -0.10);(1003.87, 136.62, -69.85) normal=(-0.08, 0.99, -0.10)
time=64.75998 position=(1012.14, 138.70, -61.86) hit=Ground_CR110 narrow ridge cut impulse=0 contacts=(1012.16, 138.22, -60.84) normal=(-0.10, 0.99, 0.04);(1012.60, 138.28, -61.27) normal=(-0.10, 0.99, 0.04);(1011.96, 138.20, -61.04) normal=(-0.10, 0.99, 0.04)
time=64.97998 position=(1015.76, 139.39, -58.16) hit=Ground_CR110 main supported trail impulse=0 contacts=(1016.87, 138.74, -58.11) normal=(-0.18, 0.98, -0.11)
time=73.83997 position=(995.28, 164.09, 106.77) hit=Ground_CR110 main supported trail impulse=0 contacts=(996.69, 163.49, 106.25) normal=(0.05, 1.00, -0.05);(996.45, 163.49, 106.03) normal=(0.05, 1.00, -0.05);(996.68, 163.49, 106.26) normal=(0.05, 1.00, -0.05);(995.60, 163.50, 105.30) normal=(0.05, 1.00, -0.05);(996.44, 163.49, 106.03) normal=(0.05, 1.00, -0.05)
time=74.11997 position=(993.59, 164.26, 108.97) hit=Ground_CR103 supported connection impulse=0 contacts=(992.52, 163.87, 109.50) normal=(0.04, 1.00, -0.04);(992.45, 163.89, 109.48) normal=(0.04, 1.00, -0.04);(992.48, 163.88, 109.48) normal=(0.04, 1.00, -0.04);(992.51, 163.87, 109.52) normal=(0.04, 1.00, -0.04);(992.52, 163.87, 109.50) normal=(0.22, 0.97, 0.07);(992.51, 163.87, 109.51) normal=(0.22, 0.97, 0.07)
time=76.13998 position=(1000.57, 161.25, 125.80) hit=Ground_CR103 supported connection impulse=0 contacts=(1000.55, 160.84, 124.90) normal=(0.14, 0.99, 0.06)
time=76.15997 position=(1000.72, 161.09, 125.96) hit=GOLD impulse=0 contacts=(999.70, 161.05, 126.44) normal=(0.31, 0.92, -0.23);(999.53, 161.08, 126.42) normal=(0.31, 0.92, -0.23)
time=76.21997 position=(1001.19, 160.72, 126.46) hit=Ground_CR103 supported connection impulse=759.4785 contacts=(1002.01, 160.46, 125.40) normal=(0.23, 0.97, 0.08)
time=76.49997 position=(1003.85, 159.71, 128.18) hit=Ground_Mountain_2_3 impulse=0 contacts=(1004.36, 158.32, 128.18) normal=(0.26, 0.93, -0.27)
time=76.65997 position=(1005.31, 159.17, 129.14) hit=Ground_Mountain_2_4 impulse=0 contacts=(1005.47, 158.41, 130.00) normal=(0.34, 0.92, -0.22)
time=77.45998 position=(1012.73, 157.49, 132.64) hit=Ground_Mountain_2_4 impulse=0 contacts=(1013.42, 156.39, 132.29) normal=(0.30, 0.91, -0.29)
time=81.17997 position=(1079.81, 152.10, 134.57) hit=Ground_CR103 supported connection impulse=0 contacts=(1079.08, 151.92, 133.80) normal=(-0.01, 1.00, 0.00);(1080.64, 151.94, 135.35) normal=(-0.01, 1.00, 0.00);(1079.01, 151.92, 135.24) normal=(-0.01, 1.00, 0.00);(1080.74, 151.94, 133.91) normal=(-0.01, 1.00, 0.00);(1079.93, 151.93, 133.85) normal=(-0.01, 1.00, 0.00);(1080.03, 151.93, 135.31) normal=(-0.01, 1.00, 0.00);(1078.23, 151.91, 135.19) normal=(-0.01, 1.00, 0.00);(1078.33, 151.91, 133.75) normal=(-0.01, 1.00, 0.00);(1078.54, 151.91, 135.21) normal=(-0.01, 1.00, 0.00);(1078.43, 151.91, 133.75) normal=(-0.01, 1.00, 0.00)
time=81.83997 position=(1092.09, 152.67, 135.43) hit=Ground_CR103 supported connection impulse=0 contacts=(1090.61, 152.03, 134.57) normal=(-0.01, 1.00, 0.00);(1092.37, 152.04, 136.19) normal=(-0.01, 1.00, 0.00);(1090.48, 152.03, 136.02) normal=(-0.01, 1.00, 0.00);(1092.95, 152.05, 134.78) normal=(-0.01, 1.00, 0.00);(1091.05, 152.04, 134.61) normal=(-0.01, 1.00, 0.00);(1091.86, 152.04, 134.69) normal=(-0.01, 1.00, 0.00)
time=81.87997 position=(1092.85, 152.59, 135.48) hit=Ground_Mountain_2_4 impulse=0 contacts=(1093.57, 151.95, 136.29) normal=(0.00, 1.00, 0.00);(1091.36, 151.95, 134.63) normal=(0.00, 1.00, 0.00);(1093.70, 151.95, 134.84) normal=(0.00, 1.00, 0.00);(1091.23, 151.95, 136.07) normal=(0.00, 1.00, 0.00);(1091.36, 151.95, 134.64) normal=(0.00, 1.00, 0.00);(1091.37, 151.95, 134.63) normal=(0.00, 1.00, 0.00)
time=82.19997 position=(1099.49, 152.50, 136.18) hit=Ground_Mountain_3_4 impulse=0 contacts=(1100.31, 152.00, 135.57) normal=(0.01, 1.00, 0.00);(1100.00, 152.00, 136.99) normal=(0.01, 1.00, 0.00);(1100.00, 152.00, 135.52) normal=(0.01, 1.00, 0.00);(1100.11, 152.00, 137.00) normal=(0.01, 1.00, 0.00);(1100.00, 152.00, 136.00) normal=(0.01, 1.00, 0.00);(1100.29, 152.00, 135.71) normal=(0.01, 1.00, 0.00)
time=87.09997 position=(1190.31, 152.53, 191.36) hit=Ground_Summit authored launch impulse=0 contacts=(1190.07, 152.00, 192.24) normal=(0.00, 1.00, 0.00);(1190.10, 152.00, 192.25) normal=(0.00, 1.00, 0.00);(1190.07, 152.00, 192.26) normal=(0.00, 1.00, 0.00);(1189.76, 152.00, 192.32) normal=(0.00, 1.00, 0.00);(1189.72, 152.00, 192.14) normal=(0.00, 1.00, 0.00)
time=88.17997 position=(1191.13, 152.53, 203.25) hit=Ground_Mountain_3_4 impulse=0 contacts=(1192.28, 152.00, 202.22) normal=(0.00, 1.00, 0.00);(1190.10, 152.00, 203.91) normal=(0.00, 1.00, 0.00);(1190.92, 152.00, 201.71) normal=(0.00, 1.00, 0.00);(1191.45, 152.00, 204.42) normal=(0.00, 1.00, 0.00);(1190.34, 152.00, 204.00) normal=(0.00, 1.00, 0.00);(1191.61, 152.00, 204.00) normal=(0.00, 1.00, 0.00)
time=88.17997 position=(1191.13, 152.53, 203.25) hit=Ground_Summit authored launch impulse=0 contacts=(1190.92, 152.00, 201.71) normal=(0.00, 1.00, 0.00);(1191.45, 152.00, 204.42) normal=(0.00, 1.00, 0.00);(1190.10, 152.00, 203.91) normal=(0.00, 1.00, 0.00);(1192.28, 152.00, 202.22) normal=(0.00, 1.00, 0.00);(1191.62, 152.00, 203.99) normal=(0.00, 1.00, 0.00);(1191.31, 152.00, 204.36) normal=(0.00, 1.00, 0.00)
time=92.47997 position=(1100.55, 152.50, 179.83) hit=Ground_Mountain_2_4 impulse=0 contacts=(1099.96, 151.94, 180.42) normal=(0.00, 1.00, 0.00);(1100.00, 151.94, 180.27) normal=(0.00, 1.00, 0.00);(1100.00, 151.94, 180.43) normal=(0.00, 1.00, 0.00)
time=95.05997 position=(1000.34, 163.67, 151.37) hit=Ground_Mountain_1_4 impulse=0 contacts=(1000.00, 163.36, 152.03) normal=(0.49, 0.86, 0.14);(999.95, 163.63, 150.51) normal=(0.49, 0.86, 0.14);(1000.00, 163.60, 150.52) normal=(0.49, 0.86, 0.14);(999.56, 163.63, 151.91) normal=(0.49, 0.86, 0.14);(999.89, 163.43, 152.00) normal=(0.49, 0.86, 0.14);(999.98, 163.37, 152.02) normal=(0.49, 0.86, 0.14)
time=100.44 position=(873.00, 173.19, 115.34) hit=Ground_Mountain_0_3 impulse=3793.647 contacts=(871.96, 173.17, 114.24) normal=(0.90, 0.33, 0.28);(871.32, 173.75, 115.56) normal=(0.90, 0.33, 0.28);(871.74, 173.76, 114.26) normal=(0.90, 0.33, 0.28);(871.51, 173.16, 115.62) normal=(0.90, 0.33, 0.28);(871.81, 173.64, 114.19) normal=(0.90, 0.33, 0.28);(871.78, 173.70, 114.22) normal=(0.90, 0.33, 0.28)
time=103.28 position=(884.70, 133.84, 121.06) hit=Ground_Mountain_0_3 impulse=0 contacts=(883.72, 132.88, 121.11) normal=(-0.13, 0.99, 0.09)
