time=3.399999 position=(727.12, 78.88, -10.52) hit=Ground_CR110 main supported trail impulse=0 contacts=(727.54, 78.40, -11.48) normal=(0.00, 1.00, 0.02);(726.69, 78.35, -9.29) normal=(0.00, 1.00, 0.02);(726.89, 78.40, -11.53) normal=(0.00, 1.00, 0.02);(727.33, 78.35, -9.24) normal=(0.00, 1.00, 0.02);(727.50, 78.39, -11.13) normal=(0.00, 1.00, 0.02);(726.85, 78.39, -11.10) normal=(0.00, 1.00, 0.02)
time=3.639999 position=(727.32, 78.92, -12.68) hit=Ground_720_320 impulse=0 contacts=(727.72, 78.36, -13.57) normal=(0.00, 1.00, 0.02);(726.88, 78.31, -11.38) normal=(0.00, 1.00, 0.02);(727.07, 78.36, -13.62) normal=(0.00, 1.00, 0.02);(727.52, 78.31, -11.33) normal=(0.00, 1.00, 0.02);(727.58, 78.36, -13.58) normal=(0.00, 1.00, 0.02);(727.02, 78.35, -13.02) normal=(0.00, 1.00, 0.02)
time=5.119998 position=(727.39, 79.53, -41.24) hit=Ground_CR117 rounded start turn impulse=0 contacts=(727.62, 79.02, -41.93) normal=(0.00, 1.00, 0.01);(726.97, 79.02, -41.84) normal=(0.00, 1.00, 0.01);(727.67, 79.02, -41.54) normal=(0.00, 1.00, 0.01);(727.03, 79.02, -41.41) normal=(0.00, 1.00, 0.01)
time=7.839997 position=(721.83, 82.53, -103.54) hit=Ground_CR110 main supported trail impulse=0 contacts=(721.85, 82.43, -104.37) normal=(-0.02, 1.00, 0.10);(721.88, 82.43, -104.35) normal=(-0.02, 1.00, 0.10);(721.86, 82.43, -104.34) normal=(-0.02, 1.00, 0.10)
time=8.339997 position=(726.42, 84.25, -112.88) hit=Ground_CR110 main supported trail impulse=0 contacts=(726.90, 83.37, -113.49) normal=(-0.11, 0.99, 0.04);(726.93, 83.37, -113.46) normal=(-0.11, 0.99, 0.04);(727.34, 83.39, -113.01) normal=(-0.11, 0.99, 0.04);(726.94, 83.37, -113.44) normal=(-0.11, 0.99, 0.04)
time=8.339997 position=(726.42, 84.25, -112.88) hit=Ground_CR117 rounded start turn impulse=0 contacts=(727.38, 83.41, -113.04) normal=(-0.19, 0.97, 0.12);(726.94, 83.39, -113.52) normal=(-0.19, 0.97, 0.12);(726.80, 83.34, -113.41) normal=(-0.07, 1.00, 0.04)
time=8.379997 position=(726.80, 84.26, -113.63) hit=Ground_720_240 impulse=0 contacts=(727.31, 83.36, -114.20) normal=(-0.10, 0.99, 0.05);(727.48, 83.37, -114.00) normal=(-0.10, 0.99, 0.05)
time=8.419997 position=(727.18, 84.25, -114.38) hit=EMBER impulse=0 contacts=(727.68, 84.55, -115.01) normal=(-0.48, -0.02, 0.88)
time=10.44 position=(741.96, 85.93, -121.27) hit=Ground_720_240 impulse=0 contacts=(742.94, 85.62, -121.91) normal=(-0.34, 0.91, 0.25)
time=10.56 position=(742.56, 86.02, -121.44) hit=Ground_CR110 main supported trail impulse=0 contacts=(741.55, 85.35, -120.78) normal=(-0.13, 0.99, 0.04);(741.35, 85.35, -121.39) normal=(-0.13, 0.99, 0.04);(741.71, 85.37, -120.82) normal=(-0.13, 0.99, 0.04);(741.52, 85.37, -121.45) normal=(-0.13, 0.99, 0.04);(741.91, 85.43, -121.58) normal=(-0.13, 0.99, 0.04);(742.17, 85.44, -120.98) normal=(-0.13, 0.99, 0.04)
time=10.64 position=(743.01, 86.31, -121.55) hit=Ground_CR117 gully approach impulse=72.59179 contacts=(744.12, 86.18, -121.63) normal=(-0.01, 0.99, 0.11);(741.81, 86.13, -121.44) normal=(-0.01, 0.99, 0.11);(743.89, 86.25, -122.23) normal=(-0.01, 0.99, 0.11);(742.04, 86.06, -120.83) normal=(-0.01, 0.99, 0.11);(741.82, 86.13, -121.41) normal=(-0.01, 0.99, 0.11);(741.83, 86.13, -121.41) normal=(-0.01, 0.99, 0.11)
time=11.2 position=(747.42, 87.02, -124.17) hit=Ground_720_240 impulse=0 contacts=(747.00, 86.31, -123.21) normal=(-0.01, 0.99, 0.10);(746.85, 86.29, -123.02) normal=(-0.01, 0.99, 0.10)
time=17.97999 position=(799.57, 109.83, -258.48) hit=Ground_Mountain_0_0 impulse=0 contacts=(800.31, 109.23, -258.68) normal=(-0.06, 1.00, 0.06);(800.00, 109.23, -259.06) normal=(-0.06, 1.00, 0.06);(800.00, 109.21, -258.42) normal=(-0.06, 1.00, 0.06)
time=18.75999 position=(814.30, 110.76, -269.61) hit=Ground_CR117 outer ravine impulse=0 contacts=(814.76, 110.04, -270.18) normal=(-0.04, 1.00, 0.02);(814.86, 110.05, -270.00) normal=(-0.04, 1.00, 0.02);(814.39, 110.04, -270.00) normal=(-0.04, 1.00, 0.02)
time=19.77999 position=(837.79, 110.73, -274.03) hit=Ground_CR117 outer ravine impulse=0 contacts=(838.45, 109.87, -273.74) normal=(0.00, 1.00, -0.02)
time=20.27999 position=(849.63, 110.52, -275.04) hit=Ground_CR117 gully takeoff impulse=0 contacts=(850.24, 110.04, -275.44) normal=(0.00, 1.00, 0.00);(850.00, 110.04, -274.76) normal=(0.00, 1.00, 0.00);(850.00, 110.04, -275.41) normal=(0.00, 1.00, 0.00);(850.24, 110.04, -275.42) normal=(0.00, 1.00, 0.00);(850.25, 110.04, -274.78) normal=(0.00, 1.00, 0.00);(850.31, 110.04, -274.79) normal=(0.00, 1.00, 0.00)
time=32.07999 position=(1282.77, 102.35, -268.85) hit=Ground_CR117 gully catch impulse=0 contacts=(1281.83, 101.75, -269.16) normal=(0.10, 1.00, 0.00);(1280.96, 101.83, -268.40) normal=(0.10, 1.00, 0.00);(1280.88, 101.84, -269.05) normal=(0.10, 1.00, 0.00);(1281.84, 101.75, -268.51) normal=(0.10, 1.00, 0.00);(1281.00, 101.83, -269.06) normal=(0.10, 1.00, 0.00);(1281.00, 101.83, -268.40) normal=(0.10, 1.00, 0.00)
time=32.09999 position=(1283.47, 102.01, -268.85) hit=Ground_CR117 outer ravine impulse=0 contacts=(1281.65, 101.57, -268.39) normal=(0.10, 1.00, 0.00);(1281.57, 101.58, -269.03) normal=(0.10, 1.00, 0.00);(1283.79, 101.36, -269.31) normal=(0.10, 1.00, 0.00);(1283.84, 101.36, -268.84) normal=(0.10, 1.00, 0.00);(1283.63, 101.38, -268.63) normal=(0.10, 1.00, 0.00);(1283.86, 101.35, -268.66) normal=(0.10, 1.00, 0.00)
time=34.07999 position=(1341.53, 99.55, -273.94) hit=Ground_CR117 outer ravine impulse=0 contacts=(1342.33, 98.88, -273.54) normal=(-0.01, 1.00, 0.00);(1342.38, 98.88, -274.19) normal=(-0.01, 1.00, 0.00)
time=34.35999 position=(1345.74, 99.60, -273.46) hit=Ground_CR117 tangent gully return impulse=0 contacts=(1346.50, 99.20, -272.97) normal=(-0.02, 1.00, -0.04);(1346.52, 99.20, -273.08) normal=(-0.02, 1.00, -0.04);(1346.38, 99.20, -273.00) normal=(-0.02, 1.00, -0.04)
time=37.81999 position=(1386.13, 103.17, -212.80) hit=Ground_CR117 outer ravine impulse=0 contacts=(1386.63, 102.39, -212.13) normal=(-0.06, 0.99, -0.15)
time=45.53999 position=(1298.09, 134.45, -71.15) hit=Ground_CR117 tangent gully return impulse=0 contacts=(1297.26, 133.69, -71.08) normal=(0.13, 0.99, -0.07)
time=49.81998 position=(1200.43, 143.58, -55.29) hit=Ground_Mountain_3_2 impulse=0 contacts=(1199.74, 143.04, -55.62) normal=(0.07, 1.00, 0.00);(1199.74, 143.04, -54.97) normal=(0.07, 1.00, 0.00);(1200.00, 143.02, -55.61) normal=(0.07, 1.00, 0.00);(1200.00, 143.02, -54.96) normal=(0.07, 1.00, 0.00)
time=53.69998 position=(1111.09, 146.62, -69.58) hit=Ground_Mountain_3_1 impulse=0 contacts=(1110.79, 146.00, -70.24) normal=(-0.01, 1.00, -0.01);(1110.60, 146.00, -70.00) normal=(-0.01, 1.00, -0.01);(1111.10, 146.01, -70.00) normal=(-0.01, 1.00, -0.01)
time=54.29998 position=(1100.52, 146.20, -79.17) hit=Ground_Mountain_2_1 impulse=0 contacts=(1099.88, 145.57, -79.46) normal=(-0.02, 1.00, -0.02);(1100.00, 145.57, -79.56) normal=(-0.02, 1.00, -0.02);(1100.00, 145.58, -79.32) normal=(-0.02, 1.00, -0.02)
time=59.33998 position=(1000.60, 134.16, -126.98) hit=Ground_Mountain_1_1 impulse=0 contacts=(999.90, 133.45, -127.08) normal=(-0.16, 0.99, 0.00);(1000.00, 133.46, -126.74) normal=(-0.16, 0.99, 0.00);(1000.00, 133.47, -127.11) normal=(-0.16, 0.99, 0.00)
time=62.65998 position=(999.38, 135.35, -84.69) hit=Ground_Mountain_2_1 impulse=0 contacts=(1000.04, 134.89, -84.27) normal=(-0.08, 0.99, -0.10);(1000.00, 134.89, -84.24) normal=(-0.08, 0.99, -0.10);(1000.00, 134.88, -84.33) normal=(-0.08, 0.99, -0.10)
time=63.37998 position=(1008.75, 137.55, -70.53) hit=Ground_Mountain_2_2 impulse=0 contacts=(1008.92, 137.06, -69.76) normal=(-0.08, 0.99, -0.10);(1009.25, 137.06, -70.00) normal=(-0.08, 0.99, -0.10);(1008.74, 137.02, -70.00) normal=(-0.08, 0.99, -0.10)
time=63.77998 position=(1014.50, 138.81, -63.09) hit=Ground_CR110 narrow ridge cut impulse=0 contacts=(1014.99, 138.56, -62.13) normal=(-0.11, 0.99, 0.04)
time=63.77998 position=(1014.50, 138.81, -63.09) hit=Ground_CR110 main supported trail impulse=0 contacts=(1015.31, 138.03, -62.72) normal=(-0.19, 0.98, -0.09)
time=64.11998 position=(1019.70, 140.31, -57.15) hit=Ground_CR110 main supported trail impulse=0 contacts=(1020.48, 139.46, -56.83) normal=(-0.16, 0.98, -0.11)
time=65.43998 position=(1040.69, 144.53, -34.75) hit=Ground_Mountain_2_2 impulse=0 contacts=(1040.64, 143.77, -33.90) normal=(-0.07, 0.99, -0.11);(1040.70, 143.75, -34.00) normal=(-0.07, 0.99, -0.11)
time=68.27998 position=(1048.03, 151.45, 29.34) hit=Ground_Mountain_2_3 impulse=0 contacts=(1048.21, 151.01, 30.00) normal=(0.02, 0.99, -0.13);(1047.73, 151.02, 30.00) normal=(0.02, 0.99, -0.13);(1048.00, 151.01, 30.00) normal=(0.02, 0.99, -0.13);(1048.19, 151.02, 30.10) normal=(0.02, 0.99, -0.13);(1047.95, 151.02, 30.05) normal=(0.02, 0.99, -0.13);(1047.95, 151.02, 30.05) normal=(0.02, 0.99, -0.13)
time=72.09998 position=(1000.64, 163.53, 101.48) hit=Ground_Mountain_1_3 impulse=0 contacts=(1000.00, 163.00, 102.02) normal=(0.06, 1.00, -0.06);(1000.00, 162.97, 101.66) normal=(0.06, 1.00, -0.06);(1000.00, 163.00, 102.00) normal=(0.06, 1.00, -0.06);(999.99, 163.00, 102.01) normal=(0.06, 1.00, -0.06);(999.82, 163.00, 101.84) normal=(0.06, 1.00, -0.06);(999.98, 163.00, 102.00) normal=(0.06, 1.00, -0.06)
time=72.85998 position=(994.69, 164.16, 107.67) hit=Ground_Mountain_1_3 impulse=0 contacts=(995.19, 163.49, 106.44) normal=(0.05, 1.00, -0.05);(995.41, 163.48, 106.59) normal=(0.05, 1.00, -0.05);(995.72, 163.48, 106.82) normal=(0.05, 1.00, -0.05)
time=73.01997 position=(993.80, 164.25, 108.95) hit=Ground_CR103 supported connection impulse=0 contacts=(993.14, 163.73, 109.69) normal=(0.04, 1.00, -0.04)
time=75.01997 position=(1004.60, 160.52, 124.18) hit=Ground_CR103 supported connection impulse=0 contacts=(1003.10, 160.33, 123.82) normal=(0.22, 0.97, 0.08);(1005.35, 159.78, 124.22) normal=(0.22, 0.97, 0.08);(1003.16, 160.26, 124.47) normal=(0.22, 0.97, 0.08);(1005.29, 159.85, 123.57) normal=(0.22, 0.97, 0.08);(1005.30, 159.79, 124.22) normal=(0.22, 0.97, 0.08);(1005.33, 159.80, 124.06) normal=(0.22, 0.97, 0.08)
time=75.01997 position=(1004.60, 160.52, 124.18) hit=Ground_Mountain_2_3 impulse=0 contacts=(1005.34, 159.75, 124.21) normal=(0.22, 0.97, 0.08);(1005.32, 159.77, 124.00) normal=(0.22, 0.97, 0.08);(1004.00, 160.04, 124.37) normal=(0.22, 0.97, 0.08);(1004.32, 160.02, 123.68) normal=(0.22, 0.97, 0.08);(1005.28, 159.81, 123.57) normal=(0.22, 0.97, 0.08)
time=77.51997 position=(1049.54, 152.68, 129.64) hit=Ground_Mountain_2_4 impulse=0 contacts=(1050.00, 152.22, 130.00) normal=(0.05, 1.00, 0.01);(1049.66, 152.24, 130.00) normal=(0.05, 1.00, 0.01);(1049.95, 152.22, 130.05) normal=(0.05, 1.00, 0.01);(1050.00, 152.22, 130.06) normal=(0.05, 1.00, 0.01);(1050.09, 152.21, 130.08) normal=(0.05, 1.00, 0.01);(1050.11, 152.21, 130.00) normal=(0.05, 1.00, 0.01)
time=79.65997 position=(1099.38, 152.57, 137.53) hit=Ground_Mountain_3_4 impulse=0 contacts=(1100.06, 152.00, 137.28) normal=(0.00, 1.00, 0.00);(1100.00, 152.00, 137.84) normal=(0.00, 1.00, 0.00);(1100.00, 152.00, 137.27) normal=(0.00, 1.00, 0.00)
time=84.51997 position=(1189.56, 152.53, 191.47) hit=Ground_Summit authored launch impulse=0 contacts=(1189.59, 152.00, 192.10) normal=(0.00, 1.00, 0.00);(1189.89, 152.00, 192.19) normal=(0.00, 1.00, 0.00);(1189.55, 152.00, 192.26) normal=(0.00, 1.00, 0.00);(1189.54, 152.00, 192.26) normal=(0.00, 1.00, 0.00);(1189.33, 152.00, 192.03) normal=(0.00, 1.00, 0.00);(1189.38, 152.00, 192.29) normal=(0.00, 1.00, 0.00)
time=89.69997 position=(1099.91, 152.50, 182.88) hit=Ground_Mountain_2_4 impulse=0 contacts=(1099.68, 151.94, 182.48) normal=(0.00, 1.00, 0.00);(1099.51, 151.94, 183.11) normal=(0.00, 1.00, 0.00);(1100.00, 151.94, 182.57) normal=(0.00, 1.00, 0.00);(1100.00, 151.94, 183.24) normal=(0.00, 1.00, 0.00)
time=92.15997 position=(1000.52, 164.22, 147.72) hit=Ground_Mountain_1_4 impulse=0 contacts=(999.97, 164.03, 147.93) normal=(0.50, 0.86, 0.14);(1000.00, 164.03, 147.82) normal=(0.50, 0.86, 0.14);(1000.00, 164.01, 147.94) normal=(0.50, 0.86, 0.14)
time=100.38 position=(763.01, 87.48, 141.69) hit=Ground_720_400 impulse=1556.071 contacts=(764.91, 87.29, 141.68) normal=(-0.18, 0.98, 0.03);(762.63, 86.87, 141.64) normal=(-0.18, 0.98, 0.03);(764.74, 87.27, 141.05) normal=(-0.18, 0.98, 0.03);(762.80, 86.89, 142.27) normal=(-0.18, 0.98, 0.03);(764.78, 87.28, 141.22) normal=(-0.18, 0.98, 0.03);(764.00, 87.13, 141.26) normal=(-0.18, 0.98, 0.03)
time=105.8 position=(738.48, 102.09, 96.59) hit=Ground_CR103 smooth landing impulse=6.755981 contacts=(739.29, 101.47, 96.04) normal=(-0.33, 0.94, -0.09);(739.22, 101.44, 96.00) normal=(-0.33, 0.94, -0.09);(739.15, 101.41, 95.96) normal=(-0.33, 0.94, -0.09)
time=111.48 position=(747.10, 102.48, 73.10) hit=Ground_CR103 smooth landing impulse=0 contacts=(746.45, 101.65, 72.59) normal=(-0.34, 0.94, -0.10);(746.91, 101.88, 73.19) normal=(-0.34, 0.94, -0.10);(746.52, 101.69, 72.69) normal=(-0.34, 0.94, -0.10);(746.99, 101.81, 72.26) normal=(-0.34, 0.94, -0.10);(746.59, 101.69, 72.47) normal=(-0.34, 0.94, -0.10);(746.93, 101.78, 72.17) normal=(-0.34, 0.94, -0.10)
time=115.42 position=(734.26, 98.16, 72.32) hit=Ground_720_400 impulse=631.7132 contacts=(733.33, 97.44, 72.84) normal=(0.28, 0.63, -0.73);(733.46, 97.58, 73.00) normal=(0.28, 0.63, -0.73);(733.68, 97.56, 73.29) normal=(0.39, 0.88, -0.26);(733.74, 97.58, 73.33) normal=(-0.01, 0.80, -0.60);(733.71, 97.55, 73.29) normal=(-0.01, 0.80, -0.60)
time=115.42 position=(734.26, 98.16, 72.32) hit=Ground_CR103 smooth landing impulse=0 contacts=(733.59, 97.42, 72.61) normal=(-0.29, 0.95, -0.08);(733.42, 97.38, 72.75) normal=(-0.29, 0.95, -0.08)
time=115.6 position=(733.55, 98.38, 72.66) hit=Ground_CR103 supported return impulse=0 contacts=(732.84, 98.18, 72.67) normal=(-0.20, 0.98, 0.06);(733.07, 98.19, 73.28) normal=(-0.20, 0.98, 0.06);(732.75, 98.16, 72.72) normal=(-0.20, 0.98, 0.06);(732.95, 98.16, 73.35) normal=(-0.20, 0.98, 0.06)
