310 (924.54, 123.36, -48.00)
315 (919.54, 122.41, -48.00)
320 (914.54, 121.43, -48.00)
325 (909.54, 120.42, -48.00)
330 (904.54, 119.41, -48.00)
335 (899.54, 118.40, -48.00)
340 (894.54, 117.41, -48.00)
345 (889.54, 116.46, -48.00)
350 (884.55, 115.55, -48.20)
355 (879.77, 114.62, -49.62)
360 (875.42, 113.73, -52.07)
365 (871.57, 112.92, -55.25)
370 (868.27, 112.20, -59.01)
375 (865.61, 111.60, -63.23)
380 (863.76, 111.18, -67.86)
385 (863.00, 111.25, -72.79)
390 (863.63, 111.46, -77.74)
395 (865.35, 111.79, -82.42)
400 (867.89, 112.24, -86.72)
405 (871.06, 112.78, -90.58)
410 (874.78, 113.40, -93.92)
415 (878.99, 114.10, -96.61)
420 (883.64, 114.85, -98.42)
425 (888.59, 115.65, -99.00)
430 (893.59, 116.47, -99.06)
435 (898.58, 117.32, -99.19)
440 (903.58, 118.16, -99.38)
445 (908.57, 118.92, -99.63)
450 (913.57, 119.82, -99.91)
455 (918.56, 120.93, -100.21)
460 (923.55, 122.01, -100.52)
