160 nav=(768.15, 99.50, 65.11) floor=(768.15, 100.02, 65.11) normal=(-0.40, 0.92, 0.03)
162 nav=(769.98, 100.24, 64.80) floor=(769.98, 100.82, 64.80) normal=(-0.39, 0.92, 0.03)
164 nav=(771.81, 100.97, 64.48) floor=(771.81, 101.59, 64.48) normal=(-0.37, 0.93, 0.03)
166 nav=(773.65, 101.70, 64.16) floor=(773.65, 102.30, 64.16) normal=(-0.34, 0.94, 0.04)
168 nav=(775.48, 102.43, 63.85) floor=(775.48, 102.94, 63.85) normal=(-0.31, 0.95, 0.04)
170 nav=(777.32, 103.16, 63.54) floor=(777.32, 103.55, 63.54) normal=(-0.30, 0.95, 0.05)
172 nav=(779.16, 103.89, 63.25) floor=(779.16, 104.14, 63.25) normal=(-0.31, 0.95, 0.05)
174 nav=(781.00, 104.62, 62.97) floor=(781.00, 104.76, 62.97) normal=(-0.34, 0.94, 0.05)
176 nav=(782.84, 105.35, 62.71) floor=(782.84, 105.39, 62.71) normal=(-0.36, 0.93, 0.05)
178 nav=(784.69, 106.08, 62.48) floor=(784.69, 106.11, 62.48) normal=(-0.35, 0.93, 0.04)
180 nav=(786.54, 106.81, 62.27) floor=(786.54, 106.81, 62.27) normal=(-0.35, 0.94, 0.03)
182 nav=(788.40, 107.55, 62.11) floor=(788.40, 107.50, 62.11) normal=(-0.34, 0.94, 0.03)
184 nav=(790.25, 108.28, 61.98) floor=(790.25, 108.18, 61.98) normal=(-0.36, 0.93, 0.02)
186 nav=(792.11, 109.01, 61.91) floor=(792.11, 108.84, 61.91) normal=(-0.42, 0.91, 0.01)
188 nav=(793.97, 109.74, 61.89) floor=(793.97, 109.50, 61.89) normal=(-0.26, 0.97, 0.00)
190 nav=(795.84, 110.47, 61.94) floor=(795.84, 110.14, 61.94) normal=(-0.29, 0.96, -0.02)
192 nav=(797.69, 111.20, 62.06) floor=(797.69, 110.74, 62.06) normal=(-0.45, 0.89, -0.04)
194 nav=(799.55, 111.92, 62.27) floor=(799.55, 111.37, 62.27) normal=(-0.22, 0.98, -0.03)
196 nav=(801.38, 112.64, 62.59) floor=(801.38, 111.97, 62.59) normal=(-0.26, 0.96, -0.05)
198 nav=(803.21, 113.35, 63.00) floor=(803.21, 112.53, 63.00) normal=(-0.49, 0.86, -0.13)
200 nav=(805.00, 114.05, 63.56) floor=(805.00, 113.13, 63.56) normal=(-0.17, 0.98, -0.06)
202 nav=(806.74, 114.73, 64.25) floor=(806.74, 113.69, 64.25) normal=(-0.21, 0.97, -0.10)
204 nav=(808.44, 115.39, 65.08) floor=(808.44, 114.21, 65.08) normal=(-0.49, 0.83, -0.26)
206 nav=(810.05, 116.02, 66.09) floor=(810.05, 114.77, 66.09) normal=(-0.13, 0.99, -0.09)
208 nav=(811.57, 116.61, 67.24) floor=(811.57, 115.29, 67.24) normal=(-0.16, 0.98, -0.14)
210 nav=(813.00, 117.16, 68.52) floor=(813.00, 115.78, 68.52) normal=(-0.33, 0.89, -0.32)
212 nav=(814.32, 117.67, 69.94) floor=(814.32, 116.30, 69.94) normal=(-0.11, 0.99, -0.12)
214 nav=(815.56, 118.15, 71.44) floor=(815.56, 116.78, 71.44) normal=(-0.13, 0.98, -0.17)
216 nav=(816.72, 118.59, 73.01) floor=(816.72, 117.24, 73.01) normal=(-0.19, 0.94, -0.27)
218 nav=(817.79, 119.00, 74.64) floor=(817.79, 117.71, 74.64) normal=(-0.09, 0.98, -0.15)
220 nav=(818.80, 119.38, 76.33) floor=(818.80, 118.16, 76.33) normal=(-0.10, 0.98, -0.18)
222 nav=(819.75, 119.74, 78.05) floor=(819.75, 118.59, 78.05) normal=(-0.13, 0.96, -0.23)
224 nav=(820.65, 120.08, 79.80) floor=(820.65, 119.02, 79.80) normal=(-0.08, 0.98, -0.16)
226 nav=(821.51, 120.40, 81.58) floor=(821.51, 119.44, 81.58) normal=(-0.09, 0.98, -0.20)
228 nav=(822.33, 120.71, 83.37) floor=(822.33, 119.84, 83.37) normal=(-0.09, 0.97, -0.20)
230 nav=(823.12, 121.00, 85.19) floor=(823.12, 120.23, 85.19) normal=(-0.07, 0.98, -0.16)
232 nav=(823.88, 121.29, 87.02) floor=(823.88, 120.62, 87.02) normal=(-0.07, 0.98, -0.18)
234 nav=(824.62, 121.56, 88.86) floor=(824.62, 120.98, 88.86) normal=(-0.07, 0.98, -0.18)
236 nav=(825.34, 121.82, 90.70) floor=(825.34, 121.35, 90.70) normal=(-0.06, 0.99, -0.16)
238 nav=(826.04, 122.08, 92.56) floor=(826.04, 121.69, 92.56) normal=(-0.06, 0.98, -0.16)
240 nav=(826.73, 122.33, 94.42) floor=(826.73, 122.03, 94.42) normal=(-0.06, 0.99, -0.16)
242 nav=(827.42, 122.58, 96.28) floor=(827.42, 122.36, 96.28) normal=(-0.05, 0.99, -0.15)
244 nav=(828.09, 122.83, 98.15) floor=(828.09, 122.68, 98.15) normal=(-0.05, 0.99, -0.15)
246 nav=(828.77, 123.08, 100.01) floor=(828.77, 122.98, 100.01) normal=(-0.05, 0.99, -0.14)
248 nav=(829.45, 123.32, 101.88) floor=(829.45, 123.28, 101.88) normal=(-0.05, 0.99, -0.14)
250 nav=(830.13, 123.57, 103.74) floor=(830.13, 123.56, 103.74) normal=(-0.05, 0.99, -0.13)
252 nav=(830.82, 123.81, 105.60) floor=(830.82, 123.84, 105.60) normal=(-0.04, 0.99, -0.12)
254 nav=(831.52, 124.07, 107.46) floor=(831.52, 124.10, 107.46) normal=(-0.05, 0.99, -0.13)
256 nav=(832.23, 124.32, 109.31) floor=(832.23, 124.36, 109.31) normal=(-0.04, 0.99, -0.12)
258 nav=(832.96, 124.58, 111.16) floor=(832.96, 124.62, 111.16) normal=(-0.05, 0.99, -0.12)
260 nav=(833.71, 124.85, 112.99) floor=(833.71, 124.89, 112.99) normal=(-0.06, 0.99, -0.13)
262 nav=(834.48, 125.13, 114.81) floor=(834.48, 125.17, 114.81) normal=(-0.05, 0.99, -0.12)
264 nav=(835.28, 125.41, 116.62) floor=(835.28, 125.45, 116.62) normal=(-0.06, 0.99, -0.13)
266 nav=(836.11, 125.71, 118.42) floor=(836.11, 125.75, 118.42) normal=(-0.07, 0.99, -0.15)
268 nav=(836.98, 126.02, 120.19) floor=(836.98, 126.06, 120.19) normal=(-0.06, 0.99, -0.13)
1580 nav=(838.28, 100.59, -114.03) floor=(838.28, 100.63, -114.03) normal=(-0.09, 0.99, -0.05)
1582 nav=(840.01, 100.79, -113.03) floor=(840.01, 100.83, -113.03) normal=(-0.09, 0.99, -0.05)
1584 nav=(841.74, 100.99, -112.06) floor=(841.74, 101.03, -112.06) normal=(-0.09, 0.99, -0.05)
1586 nav=(843.49, 101.19, -111.10) floor=(843.49, 101.23, -111.10) normal=(-0.09, 0.99, -0.05)
1588 nav=(845.25, 101.39, -110.18) floor=(845.25, 101.43, -110.18) normal=(-0.09, 1.00, -0.05)
1590 nav=(847.02, 101.59, -109.27) floor=(847.02, 101.63, -109.27) normal=(-0.09, 1.00, -0.04)
1592 nav=(848.81, 101.79, -108.40) floor=(848.81, 101.83, -108.40) normal=(-0.09, 1.00, -0.04)
1594 nav=(850.61, 101.98, -107.56) floor=(850.61, 102.02, -107.56) normal=(-0.09, 0.99, -0.04)
1596 nav=(852.43, 102.22, -106.75) floor=(852.43, 102.26, -106.75) normal=(-0.12, 0.99, -0.05)
1598 nav=(854.25, 102.52, -105.97) floor=(854.25, 102.56, -105.97) normal=(-0.16, 0.99, -0.07)
1600 nav=(856.07, 102.89, -105.23) floor=(856.07, 102.93, -105.23) normal=(-0.19, 0.98, -0.07)
1602 nav=(857.89, 103.33, -104.54) floor=(857.89, 103.37, -104.54) normal=(-0.22, 0.97, -0.08)
1604 nav=(859.71, 103.84, -103.88) floor=(859.71, 103.88, -103.88) normal=(-0.25, 0.96, -0.09)
1606 nav=(861.53, 104.41, -103.27) floor=(861.53, 104.45, -103.27) normal=(-0.29, 0.95, -0.09)
1608 nav=(863.34, 105.03, -102.69) floor=(863.34, 105.07, -102.69) normal=(-0.31, 0.95, -0.09)
1610 nav=(865.15, 105.69, -102.17) floor=(865.15, 105.73, -102.17) normal=(-0.33, 0.94, -0.09)
1612 nav=(866.96, 106.40, -101.68) floor=(866.96, 106.44, -101.68) normal=(-0.35, 0.93, -0.09)
1614 nav=(868.76, 107.13, -101.23) floor=(868.76, 107.41, -101.23) normal=(-0.80, 0.60, -0.05)
1616 nav=(869.37, 108.97, -101.09) floor=(869.37, 109.02, -101.09) normal=(-0.95, 0.27, -0.16)
1618 nav=(870.60, 110.14, -100.82) floor=(870.60, 110.18, -100.82) normal=(-0.23, 0.97, -0.05)
1620 nav=(872.51, 110.60, -100.44) floor=(872.51, 110.64, -100.44) normal=(-0.24, 0.97, -0.04)
1622 nav=(874.42, 111.09, -100.10) floor=(874.42, 111.13, -100.10) normal=(-0.24, 0.97, -0.04)
1624 nav=(876.33, 111.59, -99.81) floor=(876.33, 111.63, -99.81) normal=(-0.25, 0.97, -0.03)
1626 nav=(878.25, 112.09, -99.57) floor=(878.25, 112.14, -99.57) normal=(-0.27, 0.96, -0.03)
1628 nav=(880.12, 112.78, -99.37) floor=(880.12, 112.82, -99.37) normal=(-0.40, 0.92, -0.04)
1630 nav=(881.95, 113.57, -99.21) floor=(881.95, 113.61, -99.21) normal=(-0.39, 0.92, -0.02)
1632 nav=(883.82, 114.26, -99.09) floor=(883.82, 114.30, -99.09) normal=(-0.30, 0.95, -0.02)
1634 nav=(885.76, 114.72, -98.99) floor=(885.76, 114.76, -98.99) normal=(-0.17, 0.98, -0.01)
1636 nav=(887.73, 115.06, -98.93) floor=(887.73, 115.10, -98.93) normal=(-0.19, 0.98, 0.00)
1638 nav=(889.70, 115.42, -98.89) floor=(889.70, 115.46, -98.89) normal=(-0.18, 0.98, 0.00)
1640 nav=(891.67, 115.78, -98.88) floor=(891.67, 115.82, -98.88) normal=(-0.18, 0.98, 0.00)
1642 nav=(893.63, 116.14, -98.90) floor=(893.63, 116.18, -98.90) normal=(-0.18, 0.98, 0.00)
1644 nav=(895.60, 116.50, -98.93) floor=(895.60, 116.54, -98.93) normal=(-0.18, 0.98, 0.00)
1646 nav=(897.56, 116.87, -98.99) floor=(897.56, 116.91, -98.99) normal=(-0.18, 0.98, 0.01)
1648 nav=(899.53, 117.24, -99.06) floor=(899.53, 117.28, -99.06) normal=(-0.18, 0.98, 0.01)
