205.315 51.346 294.554
204.789 51.289 294.550
204.205 51.222 294.607
203.564 51.146 294.713
202.868 51.062 294.856
202.118 50.970 295.025
201.316 50.873 295.210
200.463 50.769 295.398
199.561 50.661 295.579
198.612 50.548 295.740
197.617 50.432 295.872
196.577 50.313 295.963
195.494 50.191 296.001
194.371 50.069 295.975
193.207 49.946 295.874
192.006 49.823 295.687
190.768 49.701 295.402
189.495 49.581 295.007
188.189 49.463 294.493
186.851 49.348 293.847
185.483 49.237 293.058
184.915 49.194 292.702
184.340 49.151 292.339
183.758 49.110 291.969
183.169 49.071 291.590
182.574 49.032 291.203
181.971 48.994 290.807
181.362 48.957 290.403
180.746 48.921 289.989
180.123 48.886 289.565
179.494 48.851 289.130
178.857 48.817 288.685
178.215 48.784 288.229
177.565 48.750 287.762
176.909 48.717 287.282
176.246 48.684 286.791
175.577 48.651 286.287
174.901 48.618 285.769
174.219 48.585 285.239
173.530 48.552 284.694
172.834 48.519 284.136
172.133 48.485 283.562
171.425 48.451 282.974
170.710 48.416 282.371
169.990 48.380 281.751
169.263 48.344 281.116
168.529 48.306 280.464
167.790 48.268 279.795
167.044 48.229 279.109
166.292 48.188 278.405
165.534 48.147 277.683
164.770 48.104 276.942
164.000 48.060 276.183
163.223 48.014 275.404
162.441 47.966 274.605
161.652 47.917 273.787
160.858 47.866 272.948
160.058 47.814 272.088
159.251 47.759 271.207
158.439 47.702 270.304
157.621 47.643 269.379
156.797 47.582 268.432
155.968 47.518 267.462
155.132 47.452 266.469
154.291 47.384 265.452
153.444 47.313 264.411
152.592 47.239 263.346
151.733 47.162 262.256
150.870 47.083 261.141
150.000 47.000 260.000
149.548 46.956 259.400
149.092 46.912 258.792
148.631 46.866 258.174
148.167 46.820 257.547
147.698 46.773 256.911
147.226 46.725 256.267
146.750 46.677 255.614
146.270 46.628 254.953
145.786 46.578 254.284
145.299 46.527 253.606
144.808 46.476 252.921
144.314 46.424 252.228
143.817 46.371 251.526
143.317 46.317 250.818
142.813 46.263 250.101
142.306 46.209 249.378
141.797 46.153 248.647
141.284 46.097 247.909
140.769 46.041 247.164
140.251 45.984 246.413
139.731 45.926 245.654
139.208 45.868 244.889
138.682 45.809 244.118
138.154 45.750 243.340
137.624 45.690 242.556
137.092 45.630 241.766
136.557 45.569 240.970
136.021 45.507 240.168
135.483 45.446 239.361
134.943 45.383 238.548
134.401 45.321 237.729
133.857 45.258 236.906
133.312 45.194 236.077
132.765 45.130 235.243
132.217 45.066 234.404
131.668 45.001 233.561
131.117 44.936 232.713
130.565 44.871 231.860
130.012 44.805 231.003
129.459 44.739 230.141
128.904 44.673 229.276
128.348 44.606 228.407
127.792 44.539 227.533
127.235 44.472 226.656
126.678 44.405 225.775
126.120 44.337 224.891
125.562 44.269 224.004
125.003 44.201 223.113
124.444 44.133 222.219
123.885 44.064 221.323
123.326 43.996 220.423
122.768 43.927 219.521
122.209 43.858 218.616
121.650 43.789 217.709
121.092 43.719 216.799
120.534 43.650 215.887
119.977 43.581 214.973
119.420 43.511 214.057
118.864 43.441 213.140
118.309 43.372 212.221
117.754 43.302 211.300
117.200 43.232 210.378
116.648 43.163 209.454
116.096 43.093 208.529
115.546 43.023 207.604
114.996 42.953 206.677
114.449 42.884 205.750
113.902 42.814 204.822
113.357 42.744 203.894
112.814 42.675 202.965
112.272 42.606 202.036
111.732 42.536 201.106
111.194 42.467 200.177
110.658 42.398 199.248
110.124 42.329 198.319
109.592 42.260 197.391
109.063 42.192 196.463
108.535 42.123 195.536
108.010 42.055 194.610
107.487 41.987 193.684
106.967 41.919 192.760
106.450 41.851 191.837
105.935 41.784 190.915
105.423 41.717 189.994
104.914 41.650 189.075
104.408 41.584 188.158
103.905 41.517 187.242
103.405 41.452 186.329
102.908 41.386 185.418
102.414 41.321 184.508
101.924 41.256 183.601
101.438 41.191 182.697
100.955 41.127 181.795
100.476 41.063 180.896
100.000 41.000 180.000
99.550 40.940 179.145
99.108 40.880 178.296
98.674 40.820 177.453
98.249 40.761 176.616
97.831 40.703 175.785
97.419 40.645 174.960
97.001 40.587 174.147
96.575 40.530 173.346
96.143 40.473 172.556
95.705 40.417 171.776
95.263 40.361 171.004
94.816 40.305 170.241
94.367 40.250 169.484
93.916 40.194 168.735
93.463 40.140 167.990
93.009 40.085 167.251
92.556 40.031 166.515
92.102 39.977 165.784
91.651 39.923 165.055
91.201 39.869 164.329
90.753 39.816 163.604
90.308 39.763 162.881
89.867 39.710 162.159
89.430 39.657 161.436
88.998 39.604 160.714
88.571 39.551 159.991
88.149 39.499 159.267
87.734 39.446 158.542
87.325 39.394 157.815
86.924 39.342 157.085
86.530 39.290 156.353
86.145 39.237 155.617
85.768 39.185 154.878
85.401 39.133 154.135
85.044 39.081 153.387
84.697 39.029 152.634
84.362 38.976 151.876
84.038 38.924 151.112
83.727 38.872 150.341
83.429 38.819 149.564
83.135 38.766 148.782
82.840 38.714 147.999
82.544 38.661 147.212
82.248 38.608 146.423
81.950 38.554 145.630
81.650 38.501 144.834
81.349 38.447 144.035
81.045 38.394 143.232
80.740 38.340 142.424
80.431 38.285 141.613
80.120 38.231 140.797
79.806 38.176 139.976
79.489 38.121 139.149
79.168 38.065 138.318
78.844 38.010 137.481
78.515 37.954 136.639
78.182 37.897 135.790
77.845 37.840 134.935
77.504 37.783 134.073
77.157 37.725 133.205
76.806 37.667 132.330
76.449 37.609 131.447
76.086 37.550 130.557
75.718 37.491 129.659
75.343 37.431 128.754
74.962 37.370 127.840
74.575 37.310 126.917
74.181 37.248 125.986
73.780 37.186 125.046
73.376 37.124 124.094
72.984 37.061 123.125
72.605 36.997 122.137
72.236 36.933 121.130
71.878 36.868 120.105
71.527 36.802 119.061
71.183 36.736 117.999
70.844 36.669 116.919
70.508 36.602 115.821
70.173 36.534 114.705
69.838 36.465 113.573
69.499 36.395 112.424
69.154 36.325 111.260
68.802 36.254 110.081
68.438 36.182 108.888
68.061 36.109 107.682
67.668 36.036 106.464
67.254 35.961 105.236
66.818 35.886 103.999
66.354 35.810 102.755
65.859 35.733 101.505
65.328 35.656 100.252
64.758 35.577 98.998
64.143 35.497 97.746
63.488 35.417 96.493
62.817 35.335 95.225
62.134 35.253 93.943
61.436 35.170 92.644
60.725 35.085 91.330
60.000 35.000 90.000
59.643 34.958 89.350
59.281 34.916 88.693
58.913 34.873 88.029
58.539 34.830 87.358
58.159 34.786 86.679
57.773 34.742 85.994
57.383 34.697 85.303
56.986 34.652 84.604
56.584 34.606 83.899
56.177 34.560 83.187
55.765 34.513 82.469
55.347 34.466 81.745
54.924 34.419 81.014
54.496 34.370 80.276
54.063 34.322 79.533
53.625 34.273 78.784
53.182 34.224 78.028
52.735 34.174 77.267
52.282 34.124 76.500
51.825 34.073 75.727
51.363 34.022 74.948
50.896 33.971 74.164
50.425 33.919 73.374
49.950 33.866 72.578
49.470 33.814 71.777
48.986 33.761 70.971
48.497 33.707 70.160
48.005 33.654 69.343
47.508 33.600 68.522
47.007 33.545 67.695
46.502 33.490 66.863
45.993 33.435 66.027
45.481 33.380 65.185
44.964 33.324 64.339
44.444 33.268 63.488
43.920 33.211 62.633
43.392 33.155 61.773
42.861 33.097 60.909
42.326 33.040 60.041
41.788 32.982 59.168
41.247 32.924 58.291
40.702 32.866 57.410
40.154 32.808 56.525
39.603 32.749 55.636
39.049 32.690 54.743
38.491 32.631 53.846
37.931 32.571 52.945
37.368 32.511 52.041
36.802 32.451 51.134
36.233 32.391 50.222
35.661 32.330 49.308
35.087 32.270 48.390
34.510 32.209 47.468
33.931 32.147 46.544
33.349 32.086 45.616
32.765 32.025 44.686
32.178 31.963 43.752
31.589 31.901 42.816
30.998 31.839 41.876
30.405 31.776 40.934
29.810 31.714 39.990
29.212 31.651 39.043
28.613 31.588 38.093
28.012 31.526 37.141
27.409 31.462 36.186
26.804 31.399 35.229
26.198 31.336 34.270
25.589 31.272 33.309
24.980 31.209 32.346
24.369 31.145 31.381
23.756 31.081 30.414
23.142 31.017 29.445
22.527 30.953 28.474
21.910 30.889 27.502
21.293 30.825 26.528
20.674 30.761 25.553
20.054 30.696 24.576
19.433 30.632 23.598
18.811 30.567 22.618
18.188 30.503 21.637
17.565 30.438 20.656
16.941 30.373 19.673
16.316 30.309 18.689
15.691 30.244 17.704
15.064 30.179 16.719
14.438 30.115 15.732
13.811 30.050 14.745
13.184 29.985 13.758
12.556 29.920 12.770
11.929 29.856 11.781
11.301 29.791 10.792
10.673 29.726 9.803
10.045 29.661 8.813
9.417 29.597 7.824
8.789 29.534 6.834
8.161 29.479 5.845
7.534 29.435 4.855
6.907 29.400 3.866
6.280 29.374 2.877
5.653 29.357 1.888
5.027 29.351 0.899
4.402 29.353 -0.089
3.777 29.365 -1.076
3.153 29.387 -2.063
2.530 29.418 -3.049
1.907 29.458 -4.034
1.286 29.508 -5.019
0.665 29.566 -6.002
0.045 29.635 -6.985
-0.573 29.712 -7.966
-1.191 29.798 -8.946
-1.807 29.894 -9.925
-2.422 29.999 -10.903
-3.036 30.113 -11.879
-3.648 30.235 -12.854
-4.259 30.367 -13.827
-4.868 30.507 -14.799
-5.476 30.493 -15.769
-6.082 29.711 -16.737
-6.686 28.384 -17.704
-7.289 26.777 -18.668
-7.890 25.150 -19.631
-8.489 23.761 -20.591
-9.086 22.862 -21.549
-9.681 22.638 -22.505
-10.273 22.578 -23.459
-10.864 22.517 -24.410
-11.452 22.457 -25.359
-12.039 22.400 -26.305
-12.622 22.348 -27.249
-13.204 22.304 -28.190
-13.783 22.265 -29.128
-14.359 22.232 -30.064
-14.933 22.205 -30.996
-15.504 22.184 -31.926
-16.072 22.168 -32.852
-16.638 22.156 -33.775
-17.200 22.150 -34.695
-17.760 22.148 -35.612
-18.317 22.150 -36.526
-18.870 22.156 -37.436
-19.421 22.166 -38.342
-19.968 22.180 -39.245
-20.512 22.197 -40.144
-21.053 22.217 -41.039
-21.590 22.240 -41.931
-22.124 22.266 -42.819
-22.655 22.295 -43.702
-23.182 22.325 -44.582
-23.705 22.358 -45.457
-24.224 22.393 -46.328
-24.740 22.430 -47.195
-25.252 22.469 -48.058
-25.760 22.509 -48.916
-26.264 22.550 -49.770
-26.764 22.592 -50.619
-27.260 22.635 -51.463
-27.752 22.679 -52.303
-28.240 22.724 -53.138
-28.723 22.769 -53.967
-29.202 22.814 -54.792
-29.677 22.860 -55.612
-30.147 22.906 -56.427
-30.612 22.951 -57.236
-31.073 22.997 -58.041
-31.529 23.042 -58.839
-31.981 23.087 -59.633
-32.428 23.131 -60.421
-32.870 23.175 -61.203
-33.307 23.218 -61.980
-33.739 23.260 -62.751
-34.166 23.301 -63.516
-34.587 23.342 -64.275
-35.004 23.381 -65.028
-35.415 23.419 -65.775
-35.822 23.456 -66.516
-36.222 23.492 -67.251
-36.618 23.526 -67.980
-37.007 23.559 -68.702
-37.392 23.591 -69.418
-37.770 23.621 -70.127
-38.143 23.650 -70.830
-38.510 23.677 -71.526
-38.871 23.703 -72.215
-39.227 23.727 -72.898
-39.576 23.750 -73.573
-39.920 23.771 -74.242
-40.257 23.790 -74.904
-40.588 23.808 -75.558
-40.913 23.824 -76.205
-41.232 23.839 -76.846
-41.545 23.852 -77.478
-41.851 23.863 -78.103
-42.150 23.873 -78.721
-42.443 23.882 -79.331
-42.730 23.889 -79.934
-43.009 23.894 -80.529
-43.282 23.898 -81.116
-43.549 23.901 -81.695
-43.808 23.902 -82.266
-44.061 23.902 -82.829
-44.306 23.901 -83.384
-44.544 23.898 -83.931
-44.776 23.894 -84.470
-45.000 23.889 -85.000
-45.967 23.853 -87.392
-46.814 23.796 -89.668
-47.546 23.722 -91.831
-48.168 23.653 -93.885
-48.682 23.595 -95.834
-49.095 23.547 -97.680
-49.409 23.509 -99.427
-49.629 23.481 -101.079
-49.759 23.463 -102.638
-49.804 23.453 -104.109
-49.767 23.451 -105.495
-49.653 23.458 -106.798
-49.466 23.472 -108.024
-49.211 23.493 -109.174
-48.890 23.520 -110.252
-48.510 23.554 -111.263
-48.073 23.594 -112.208
-47.584 23.638 -113.092
-47.048 23.688 -113.918
-46.468 23.742 -114.689
-45.848 23.800 -115.410
-45.194 23.861 -116.082
-44.509 23.926 -116.710
-43.797 23.993 -117.297
-43.062 24.063 -117.847
-42.310 24.134 -118.362
-41.543 24.207 -118.847
-40.766 24.280 -119.304
-39.984 24.354 -119.737
-39.200 24.428 -120.150
-38.419 24.502 -120.546
-37.645 24.574 -120.927
-36.883 24.646 -121.299
-36.135 24.715 -121.664
-35.407 24.783 -122.025
-34.703 24.848 -122.386
-34.027 24.909 -122.751
-33.384 24.968 -123.122
-32.776 25.022 -123.504
-32.210 25.072 -123.899
-31.688 25.117 -124.311
-31.215 25.157 -124.743
-30.796 25.191 -125.199
-30.434 25.219 -125.682
-29.494 25.289 -126.916
-28.508 25.359 -127.893
-27.485 25.431 -128.640
-26.437 25.502 -129.182
-25.374 25.574 -129.543
-24.308 25.644 -129.749
-23.248 25.714 -129.826
-22.206 25.781 -129.797
-21.193 25.846 -129.690
-20.219 25.908 -129.528
-19.294 25.967 -129.337
-18.431 26.022 -129.142
-17.639 26.072 -128.968
-16.929 26.117 -128.841
-16.312 26.157 -128.786
-15.800 26.190 -128.827
