179.000 66.418 80.700
178.782 66.365 80.553
178.520 66.301 80.375
178.218 66.227 80.169
177.880 66.144 79.939
177.513 66.053 79.688
177.119 65.954 79.419
176.703 65.849 79.135
176.270 65.739 78.840
175.825 65.624 78.538
175.372 65.507 78.230
174.915 65.388 77.922
174.459 65.268 77.615
174.009 65.149 77.313
173.569 65.032 77.020
173.144 64.918 76.739
172.737 64.809 76.473
172.355 64.706 76.226
172.000 64.610 76.000
171.562 64.490 75.719
171.177 64.383 75.465
170.833 64.287 75.233
170.516 64.197 75.017
170.215 64.111 74.813
169.915 64.026 74.616
169.605 63.939 74.421
169.272 63.846 74.222
168.901 63.744 74.015
168.482 63.629 73.794
168.001 63.498 73.555
167.444 63.346 73.292
166.800 63.171 73.000
166.535 63.099 72.889
166.256 63.024 72.784
165.962 62.946 72.683
165.656 62.864 72.588
165.337 62.780 72.496
165.007 62.693 72.407
164.666 62.602 72.320
164.315 62.509 72.235
163.955 62.413 72.151
163.586 62.315 72.067
163.210 62.214 71.983
162.827 62.111 71.897
162.439 62.006 71.810
162.045 61.898 71.720
161.647 61.789 71.627
161.245 61.678 71.530
160.841 61.566 71.428
160.434 61.452 71.321
160.027 61.336 71.207
159.619 61.219 71.087
159.211 61.102 70.960
158.805 60.983 70.824
158.401 60.863 70.680
158.000 60.743 70.526
157.602 60.622 70.362
157.209 60.500 70.186
156.820 60.377 69.999
156.438 60.254 69.800
156.063 60.130 69.588
155.696 60.005 69.362
155.337 59.880 69.121
154.987 59.753 68.865
154.647 59.625 68.594
154.318 59.496 68.305
154.000 59.366 68.000
153.747 59.258 67.740
153.496 59.148 67.471
153.246 59.036 67.194
152.998 58.922 66.909
152.751 58.805 66.616
152.506 58.687 66.315
152.263 58.567 66.006
152.021 58.445 65.689
151.781 58.321 65.366
151.543 58.194 65.034
151.307 58.066 64.696
151.072 57.935 64.351
150.840 57.803 63.998
150.610 57.668 63.640
150.381 57.532 63.274
150.155 57.393 62.902
149.931 57.253 62.524
149.709 57.111 62.140
149.489 56.967 61.750
149.272 56.823 61.354
149.057 56.677 60.953
148.844 56.530 60.546
148.634 56.382 60.134
148.426 56.233 59.716
148.220 56.082 59.294
148.017 55.931 58.866
147.817 55.779 58.434
147.619 55.625 57.997
147.424 55.471 57.556
147.232 55.316 57.111
147.042 55.159 56.661
146.856 55.003 56.208
146.672 54.845 55.750
146.491 54.686 55.289
146.313 54.527 54.825
146.138 54.367 54.357
145.966 54.207 53.886
145.797 54.046 53.412
145.631 53.884 52.935
145.468 53.722 52.455
145.309 53.559 51.972
145.153 53.396 51.487
145.000 53.233 51.000
144.879 53.100 50.602
144.760 52.966 50.200
144.643 52.831 49.795
144.529 52.695 49.387
144.417 52.559 48.975
144.308 52.421 48.560
144.200 52.283 48.142
144.095 52.144 47.720
143.992 52.004 47.295
143.892 51.863 46.866
143.793 51.722 46.435
143.696 51.579 46.001
143.602 51.436 45.563
143.509 51.292 45.122
143.418 51.147 44.679
143.329 51.001 44.232
143.242 50.855 43.783
143.157 50.707 43.330
143.074 50.559 42.875
142.992 50.410 42.417
142.912 50.261 41.956
142.833 50.110 41.493
142.757 49.959 41.027
142.682 49.807 40.558
142.608 49.655 40.087
142.536 49.501 39.613
142.465 49.347 39.136
142.396 49.192 38.658
142.328 49.037 38.176
142.261 48.880 37.693
142.195 48.723 37.207
142.131 48.566 36.718
142.068 48.408 36.228
142.007 48.249 35.735
141.946 48.089 35.240
141.886 47.929 34.742
141.828 47.768 34.243
141.770 47.606 33.742
141.714 47.444 33.238
141.658 47.282 32.733
141.603 47.118 32.225
141.549 46.954 31.716
141.496 46.790 31.205
141.444 46.625 30.692
141.392 46.459 30.177
141.341 46.293 29.661
141.291 46.127 29.143
141.241 45.960 28.623
141.192 45.792 28.101
141.143 45.624 27.578
141.095 45.455 27.054
141.047 45.286 26.528
141.000 45.117 26.000
140.961 44.974 25.554
140.925 44.830 25.106
140.890 44.685 24.656
140.857 44.540 24.203
140.826 44.394 23.747
140.796 44.247 23.290
140.768 44.100 22.830
140.742 43.952 22.368
140.717 43.803 21.904
140.694 43.653 21.438
140.672 43.503 20.969
140.652 43.353 20.499
140.633 43.202 20.027
140.615 43.050 19.553
140.598 42.897 19.077
140.582 42.744 18.599
140.568 42.591 18.120
140.554 42.437 17.638
140.541 42.282 17.156
140.530 42.127 16.671
140.519 41.972 16.185
140.508 41.816 15.698
140.499 41.659 15.209
140.490 41.502 14.718
140.482 41.345 14.227
140.474 41.187 13.733
140.467 41.029 13.239
140.460 40.870 12.743
140.453 40.711 12.247
140.447 40.552 11.749
140.441 40.392 11.250
140.435 40.232 10.750
140.429 40.072 10.249
140.423 39.911 9.747
140.417 39.750 9.244
140.411 39.589 8.741
140.405 39.428 8.236
140.399 39.266 7.731
140.392 39.104 7.225
140.385 38.942 6.719
140.378 38.780 6.211
140.370 38.617 5.704
140.362 38.455 5.196
140.353 38.292 4.687
140.344 38.129 4.178
140.334 37.967 3.668
140.323 37.807 3.159
140.312 37.648 2.649
140.299 37.492 2.139
140.286 37.338 1.628
140.271 37.185 1.118
140.256 37.035 0.607
140.239 36.887 0.097
140.222 36.741 -0.414
140.203 36.596 -0.924
140.182 36.454 -1.435
140.161 36.314 -1.945
140.138 36.176 -2.455
140.114 36.039 -2.965
140.088 35.905 -3.474
140.060 35.773 -3.983
140.031 35.643 -4.492
140.000 35.515 -5.000
139.971 35.396 -5.479
139.942 35.278 -5.961
139.913 35.161 -6.446
139.885 35.045 -6.934
139.858 34.930 -7.425
139.831 34.817 -7.918
139.805 34.704 -8.413
139.778 34.593 -8.910
139.752 34.483 -9.410
139.727 34.375 -9.912
139.701 34.268 -10.416
139.676 34.162 -10.921
139.650 34.058 -11.429
139.625 33.956 -11.937
139.599 33.855 -12.448
139.574 33.755 -12.959
139.548 33.658 -13.472
139.523 33.561 -13.986
139.496 33.467 -14.501
139.470 33.374 -15.016
139.444 33.283 -15.533
139.417 33.193 -16.050
139.389 33.106 -16.567
139.361 33.020 -17.085
139.333 32.935 -17.603
139.304 32.853 -18.121
139.274 32.772 -18.640
139.244 32.693 -19.158
139.213 32.616 -19.676
139.181 32.541 -20.193
139.148 32.468 -20.710
139.115 32.396 -21.227
139.080 32.326 -21.742
139.045 32.259 -22.257
139.008 32.193 -22.771
138.971 32.128 -23.284
138.932 32.066 -23.796
138.892 32.005 -24.306
138.851 31.946 -24.815
138.809 31.889 -25.323
138.765 31.834 -25.828
138.720 31.781 -26.332
138.673 31.729 -26.834
138.625 31.679 -27.335
138.576 31.631 -27.832
138.525 31.585 -28.328
138.472 31.540 -28.821
138.418 31.497 -29.312
138.362 31.456 -29.800
138.304 31.416 -30.285
138.244 31.378 -30.768
138.183 31.341 -31.247
138.119 31.306 -31.724
138.054 31.273 -32.197
137.986 31.241 -32.667
137.917 31.211 -33.133
137.845 31.182 -33.596
137.771 31.155 -34.055
137.695 31.129 -34.510
137.617 31.105 -34.961
137.536 31.082 -35.409
137.453 31.060 -35.852
137.367 31.039 -36.290
137.279 31.020 -36.725
137.189 31.002 -37.155
137.096 30.986 -37.580
137.000 30.970 -38.000
136.870 30.952 -38.549
136.737 30.935 -39.096
136.599 30.920 -39.643
136.457 30.906 -40.188
136.311 30.895 -40.731
136.161 30.884 -41.273
136.007 30.873 -41.813
135.850 30.863 -42.351
135.689 30.853 -42.887
135.525 30.844 -43.420
135.357 30.834 -43.951
135.186 30.826 -44.479
135.012 30.817 -45.004
134.834 30.809 -45.525
134.654 30.802 -46.044
134.471 30.794 -46.559
134.285 30.787 -47.070
134.097 30.781 -47.578
133.905 30.774 -48.081
133.712 30.768 -48.581
133.516 30.762 -49.076
133.317 30.757 -49.566
133.117 30.751 -50.052
132.914 30.746 -50.532
132.709 30.742 -51.008
132.503 30.737 -51.478
132.294 30.733 -51.943
132.084 30.729 -52.402
131.872 30.725 -52.856
131.659 30.722 -53.303
131.444 30.718 -53.745
131.228 30.715 -54.180
131.011 30.712 -54.608
130.793 30.709 -55.030
130.573 30.707 -55.444
130.353 30.704 -55.852
130.132 30.702 -56.253
129.910 30.700 -56.646
129.687 30.698 -57.031
129.464 30.696 -57.409
129.240 30.694 -57.779
129.016 30.693 -58.141
128.792 30.691 -58.494
128.567 30.690 -58.839
128.343 30.689 -59.175
128.118 30.688 -59.502
127.894 30.687 -59.821
127.670 30.686 -60.130
127.446 30.685 -60.429
127.223 30.684 -60.720
127.000 30.683 -61.000
126.589 30.682 -61.482
126.166 30.681 -61.928
125.732 30.680 -62.337
125.289 30.679 -62.713
124.837 30.679 -63.056
124.378 30.678 -63.369
123.912 30.678 -63.653
123.440 30.678 -63.910
122.963 30.677 -64.143
122.483 30.677 -64.351
122.000 30.677 -64.539
121.515 30.677 -64.706
121.029 30.677 -64.855
120.544 30.677 -64.988
120.059 30.677 -65.105
119.577 30.677 -65.210
119.097 30.677 -65.304
118.622 30.677 -65.389
118.151 30.677 -65.466
117.687 30.677 -65.536
117.229 30.677 -65.603
116.779 30.677 -65.667
116.338 30.677 -65.731
115.907 30.677 -65.796
115.487 30.677 -65.863
115.078 30.677 -65.935
114.682 30.677 -66.014
114.300 30.677 -66.100
113.703 30.677 -66.100
113.145 30.677 -66.100
112.619 30.677 -66.100
112.123 30.677 -66.100
111.649 30.677 -66.100
111.195 30.677 -66.100
110.753 30.677 -66.100
110.321 30.677 -66.100
109.892 30.677 -66.100
109.462 30.677 -66.100