Hwy 92 west asset=Assets/Track/CombinedReview/Hwy 92 west.asset
v=(-500.95, 8.09, 530.73) / (-500.95, 8.09, 547.13)
v=(-505.95, 8.09, 530.73) / (-505.95, 8.09, 547.13)
v=(-510.95, 8.09, 530.73) / (-510.95, 8.09, 547.13)
v=(-515.95, 8.09, 530.73) / (-515.95, 8.09, 547.13)
v=(-520.95, 8.09, 530.73) / (-520.95, 8.09, 547.13)
v=(-525.95, 8.09, 530.73) / (-525.95, 8.09, 547.13)
v=(-530.95, 8.09, 530.73) / (-530.95, 8.09, 547.13)
v=(-535.95, 8.09, 530.73) / (-535.95, 8.09, 547.13)
v=(-540.95, 8.09, 530.73) / (-540.95, 8.09, 547.13)
v=(-545.95, 8.09, 530.73) / (-545.95, 8.09, 547.13)
v=(-550.95, 8.09, 530.73) / (-550.95, 8.09, 547.13)
v=(-555.95, 8.09, 530.73) / (-555.95, 8.09, 547.13)
v=(-560.95, 8.09, 530.73) / (-560.95, 8.09, 547.13)
v=(-565.95, 8.09, 530.73) / (-565.95, 8.09, 547.13)
v=(-570.95, 8.09, 530.73) / (-570.95, 8.09, 547.13)
v=(-575.95, 8.09, 530.73) / (-575.95, 8.09, 547.13)
v=(-580.95, 8.09, 530.73) / (-580.95, 8.09, 547.13)
v=(-585.95, 8.09, 530.73) / (-585.95, 8.09, 547.13)
v=(-590.95, 8.09, 530.73) / (-590.95, 8.09, 547.13)
v=(-595.95, 8.09, 530.73) / (-595.95, 8.09, 547.13)
v=(-600.95, 8.09, 530.73) / (-600.95, 8.09, 547.13)
v=(-605.95, 8.09, 530.73) / (-605.95, 8.09, 547.13)
v=(-610.95, 8.09, 530.73) / (-610.95, 8.09, 547.13)
v=(-615.95, 8.09, 530.73) / (-615.95, 8.09, 547.13)
v=(-620.95, 8.09, 530.73) / (-620.95, 8.09, 547.13)
v=(-625.95, 8.09, 530.73) / (-625.95, 8.09, 547.13)
v=(-630.95, 8.09, 530.73) / (-630.95, 8.09, 547.13)
v=(-635.95, 8.09, 530.73) / (-635.95, 8.09, 547.13)
v=(-640.95, 8.09, 530.73) / (-640.95, 8.09, 547.13)
v=(-645.95, 8.09, 530.73) / (-645.95, 8.09, 547.13)
v=(-650.95, 8.09, 530.73) / (-650.95, 8.09, 547.13)
v=(-655.95, 8.09, 530.73) / (-655.95, 8.09, 547.13)
v=(-660.95, 8.09, 530.73) / (-660.95, 8.09, 547.13)
v=(-665.95, 8.09, 530.73) / (-665.95, 8.09, 547.13)
v=(-670.95, 8.09, 530.73) / (-670.95, 8.09, 547.13)
v=(-675.95, 8.09, 530.73) / (-675.95, 8.09, 547.13)
v=(-680.95, 8.09, 530.73) / (-680.95, 8.09, 547.13)
v=(-685.95, 8.09, 530.73) / (-685.95, 8.09, 547.13)
v=(-690.95, 8.09, 530.73) / (-690.95, 8.09, 547.13)
v=(-695.95, 8.09, 530.73) / (-695.95, 8.09, 547.13)
v=(-700.95, 8.09, 530.73) / (-700.95, 8.09, 547.13)
v=(-705.95, 8.09, 530.73) / (-705.95, 8.09, 547.13)
v=(-710.95, 8.09, 530.73) / (-710.95, 8.09, 547.13)
v=(-715.95, 8.09, 530.73) / (-715.95, 8.09, 547.13)
v=(-720.95, 8.09, 530.73) / (-720.95, 8.09, 547.13)
v=(-725.95, 8.09, 530.73) / (-725.95, 8.09, 547.13)
v=(-730.95, 8.09, 530.73) / (-730.95, 8.09, 547.13)
v=(-735.95, 8.09, 530.73) / (-735.95, 8.09, 547.13)
v=(-740.95, 8.09, 530.73) / (-740.95, 8.09, 547.13)
v=(-745.95, 8.09, 530.73) / (-745.95, 8.09, 547.13)
Hwy 92 east asset=Assets/Track/CombinedReview/Hwy 92 east.asset
v=(210.84, 8.62, 569.59) / (210.84, 8.62, 553.19)
v=(215.84, 8.55, 569.59) / (215.84, 8.55, 553.19)
v=(220.84, 8.49, 569.59) / (220.84, 8.49, 553.19)
v=(225.84, 8.42, 569.59) / (225.84, 8.42, 553.19)
v=(230.84, 8.36, 569.59) / (230.84, 8.36, 553.19)
v=(235.84, 8.30, 569.59) / (235.84, 8.30, 553.19)
v=(240.84, 8.23, 569.59) / (240.84, 8.23, 553.19)
v=(245.84, 8.17, 569.59) / (245.84, 8.17, 553.19)
v=(250.84, 8.13, 569.59) / (250.84, 8.13, 553.19)
v=(255.84, 8.09, 569.59) / (255.84, 8.09, 553.19)
v=(260.84, 8.05, 569.59) / (260.84, 8.05, 553.19)
v=(265.84, 8.05, 569.59) / (265.84, 8.05, 553.19)
v=(270.84, 8.05, 569.59) / (270.84, 8.05, 553.19)
v=(275.84, 8.05, 569.59) / (275.84, 8.05, 553.19)
v=(280.84, 8.05, 569.59) / (280.84, 8.05, 553.19)
v=(285.84, 8.05, 569.59) / (285.84, 8.05, 553.19)
v=(290.84, 8.05, 569.59) / (290.84, 8.05, 553.19)
v=(295.84, 8.07, 569.59) / (295.84, 8.07, 553.19)
v=(300.84, 8.09, 569.59) / (300.84, 8.09, 553.19)
v=(305.84, 8.05, 569.59) / (305.84, 8.05, 553.19)
v=(310.84, 8.05, 569.59) / (310.84, 8.05, 553.19)
v=(315.84, 8.05, 569.59) / (315.84, 8.05, 553.19)
v=(320.84, 8.05, 569.59) / (320.84, 8.05, 553.19)
v=(325.84, 8.05, 569.59) / (325.84, 8.05, 553.19)
v=(330.84, 8.05, 569.59) / (330.84, 8.05, 553.19)
v=(335.84, 8.05, 569.59) / (335.84, 8.05, 553.19)
v=(340.84, 8.05, 569.59) / (340.84, 8.05, 553.19)
v=(345.84, 8.05, 569.59) / (345.84, 8.05, 553.19)
v=(350.84, 8.05, 569.59) / (350.84, 8.05, 553.19)
v=(355.84, 8.22, 569.59) / (355.84, 8.22, 553.19)
v=(360.84, 8.47, 569.59) / (360.84, 8.47, 553.19)
v=(365.84, 8.77, 569.59) / (365.84, 8.77, 553.19)
v=(370.84, 9.24, 569.59) / (370.84, 9.24, 553.19)
v=(375.84, 9.82, 569.59) / (375.84, 9.82, 553.19)
v=(380.84, 10.48, 569.59) / (380.84, 10.48, 553.19)
v=(385.84, 11.21, 569.59) / (385.84, 11.21, 553.19)
v=(390.84, 12.05, 569.59) / (390.84, 12.05, 553.19)
v=(395.84, 12.94, 569.59) / (395.84, 12.94, 553.19)
v=(400.84, 13.85, 569.59) / (400.84, 13.85, 553.19)
v=(405.84, 14.73, 569.59) / (405.84, 14.73, 553.19)
v=(410.84, 15.55, 569.59) / (410.84, 15.55, 553.19)
v=(415.84, 16.29, 569.59) / (415.84, 16.29, 553.19)
v=(420.84, 16.91, 569.59) / (420.84, 16.91, 553.19)
v=(425.84, 17.40, 569.59) / (425.84, 17.40, 553.19)
v=(430.84, 17.72, 569.59) / (430.84, 17.72, 553.19)
v=(435.84, 17.97, 569.59) / (435.84, 17.97, 553.19)
v=(440.84, 18.21, 569.59) / (440.84, 18.21, 553.19)
v=(445.84, 18.44, 569.59) / (445.84, 18.44, 553.19)
v=(450.84, 18.66, 569.59) / (450.84, 18.66, 553.19)
v=(455.84, 18.85, 569.59) / (455.84, 18.85, 553.19)
front ground Ground_560_320 submeshes=1 mats=Marked ground
front ground Ground_640_320 submeshes=1 mats=Marked ground
