-1250.948 8.090 538.927
-1245.948 8.090 538.927
-1240.948 8.090 538.927
-1235.948 8.090 538.927
-1230.948 8.090 538.927
-1225.948 8.090 538.927
-1220.948 8.090 538.927
-1215.948 8.090 538.927
-1210.948 8.090 538.927
-1205.948 8.090 538.927
-1200.948 8.090 538.927
-1195.948 8.090 538.927
-1190.948 8.090 538.927
-1185.948 8.090 538.927
-1180.948 8.090 538.927
-1175.948 8.090 538.927
-1170.948 8.090 538.927
-1165.948 8.090 538.927
-1160.948 8.090 538.927
-1155.948 8.090 538.927
-1150.948 8.090 538.927
-1145.948 8.090 538.927
-1140.948 8.090 538.927
-1135.948 8.090 538.927
-1130.948 8.090 538.927
-1125.948 8.090 538.927
-1120.948 8.090 538.927
-1115.948 8.090 538.927
-1110.948 8.090 538.927
-1105.948 8.090 538.927
-1100.948 8.090 538.927
-1095.948 8.090 538.927
-1090.948 8.090 538.927
-1085.948 8.090 538.927
-1080.948 8.090 538.927
-1075.948 8.090 538.927
-1070.948 8.090 538.927
-1065.948 8.090 538.927
-1060.948 8.090 538.927
-1055.948 8.090 538.927
-1050.948 8.090 538.927
-1045.948 8.090 538.927
-1040.948 8.090 538.927
-1035.948 8.090 538.927
-1030.948 8.090 538.927
-1025.948 8.090 538.927
-1020.948 8.090 538.927
-1015.948 8.090 538.927
-1010.948 8.090 538.927
-1005.948 8.090 538.927
-1000.948 8.090 538.927
-995.948 8.090 538.927
-990.948 8.090 538.927
-985.948 8.090 538.927
-980.948 8.090 538.927
-975.948 8.090 538.927
-970.948 8.090 538.927
-965.948 8.090 538.927
-960.948 8.090 538.927
-955.948 8.090 538.927
-950.948 8.090 538.927
-945.948 8.090 538.927
-940.948 8.090 538.927
-935.948 8.090 538.927
-930.948 8.090 538.927
-925.948 8.090 538.927
-920.948 8.090 538.927
-915.948 8.090 538.927
-910.948 8.090 538.927
-905.948 8.090 538.927
-900.948 8.090 538.927
-895.948 8.090 538.927
-890.948 8.090 538.927
-885.948 8.090 538.927
-880.948 8.090 538.927
-875.948 8.090 538.927
-870.948 8.090 538.927
-865.948 8.090 538.927
-860.948 8.090 538.927
-855.948 8.090 538.927
-850.948 8.090 538.927
-845.948 8.090 538.927
-840.948 8.090 538.927
-835.948 8.090 538.927
-830.948 8.090 538.927
-825.948 8.090 538.927
-820.948 8.090 538.927
-815.948 8.090 538.927
-810.948 8.090 538.927
-805.948 8.090 538.927
-800.948 8.090 538.927
-798.956 8.090 538.928
-796.965 8.090 538.930
-794.974 8.090 538.934
-792.982 8.089 538.939
-790.991 8.089 538.946
-788.999 8.089 538.954
-787.008 8.088 538.963
-785.016 8.088 538.973
-783.024 8.087 538.985
-781.032 8.087 538.998
-779.041 8.086 539.012
-777.049 8.085 539.027
-775.057 8.085 539.044
-773.065 8.084 539.061
-771.073 8.083 539.080
-769.081 8.082 539.099
-767.089 8.081 539.120
-765.097 8.080 539.142
-763.105 8.079 539.164
-761.113 8.078 539.188
-759.121 8.077 539.212
-757.129 8.076 539.237
-755.137 8.075 539.263
-753.144 8.073 539.290
-751.152 8.072 539.318
-749.160 8.071 539.346
-747.168 8.069 539.375
-745.175 8.068 539.404
-743.183 8.066 539.435
-741.191 8.065 539.465
-739.198 8.063 539.497
-737.206 8.062 539.529
-735.213 8.060 539.561
-733.221 8.059 539.594
-731.229 8.057 539.627
-729.236 8.055 539.661
-727.244 8.054 539.695
-725.251 8.052 539.730
-723.259 8.050 539.764
-721.266 8.048 539.799
-719.274 8.047 539.835
-717.281 8.045 539.870
-715.289 8.043 539.906
-713.296 8.041 539.941
-711.304 8.039 539.977
-709.311 8.037 540.013
-707.318 8.035 540.049
-705.326 8.033 540.085
-703.333 8.031 540.121
-701.341 8.029 540.157
-699.348 8.027 540.193
-697.356 8.025 540.229
-695.363 8.023 540.265
-693.370 8.021 540.300
-691.378 8.019 540.336
-689.385 8.017 540.371
-687.393 8.015 540.406
-685.400 8.013 540.440
-683.408 8.011 540.474
-681.415 8.009 540.508
-679.423 8.007 540.542
-677.430 8.005 540.575
-675.438 8.003 540.607
-673.445 8.001 540.639
-671.453 7.999 540.671
-669.461 7.997 540.702
-667.468 7.995 540.732
-665.476 7.992 540.762
-663.483 7.990 540.791
-661.491 7.988 540.820
-659.499 7.986 540.848
-657.506 7.984 540.875
-655.514 7.982 540.901
-653.522 7.980 540.927
-651.530 7.978 540.951
-649.537 7.976 540.975
-647.545 7.974 540.998
-645.553 7.972 541.020
-643.561 7.970 541.041
-641.569 7.968 541.061
-639.577 7.966 541.080
-637.585 7.965 541.098
-635.593 7.963 541.115
-633.601 7.961 541.130
-631.609 7.959 541.145
-629.617 7.957 541.158
-627.625 7.955 541.170
-625.634 7.954 541.181
-623.642 7.952 541.191
-621.650 7.950 541.199
-619.658 7.948 541.206
-617.667 7.947 541.212
-615.675 7.945 541.216
-613.684 7.944 541.219
-611.692 7.942 541.220
-609.701 7.941 541.220
-607.709 7.939 541.218
-605.718 7.938 541.215
-603.727 7.936 541.210
-601.736 7.935 541.203
-599.744 7.933 541.195
-597.753 7.932 541.185
-595.762 7.931 541.174
-593.771 7.930 541.160
-591.780 7.928 541.145
-589.789 7.927 541.128
-587.798 7.926 541.109
-585.808 7.925 541.089
-583.817 7.924 541.066
-581.826 7.923 541.041
-579.836 7.922 541.015
-577.845 7.921 540.986
-575.855 7.921 540.956
-573.864 7.920 540.923
-571.874 7.919 540.888
-569.884 7.919 540.851
-567.894 7.918 540.812
-565.903 7.917 540.771
-563.913 7.917 540.728
-561.923 7.917 540.682
-559.934 7.916 540.634
-557.944 7.916 540.583
-555.954 7.916 540.531
-553.964 7.916 540.476
-551.975 7.915 540.418
-549.985 7.915 540.358
-547.996 7.915 540.295
-546.006 7.916 540.231
-544.017 7.916 540.163
-542.028 7.916 540.093
-540.039 7.916 540.020
-538.050 7.917 539.945
-536.061 7.917 539.867
-534.072 7.918 539.786
-532.083 7.918 539.702
-530.095 7.919 539.616
-528.106 7.920 539.527
-526.118 7.920 539.435
-524.129 7.921 539.340
-522.141 7.922 539.243
-520.153 7.923 539.142
-518.165 7.924 539.038
-516.177 7.926 538.932
-514.189 7.927 538.822
-512.201 7.928 538.710
-510.213 7.930 538.594
-508.226 7.931 538.475
-506.238 7.933 538.353
-504.242 7.935 538.232
-502.245 7.937 538.113
-500.249 7.940 537.997
-498.252 7.942 537.884
-496.255 7.945 537.774
-494.258 7.949 537.668
-492.260 7.952 537.566
-490.263 7.956 537.467
-488.265 7.960 537.373
-486.267 7.964 537.282
-484.269 7.969 537.196
-482.271 7.974 537.115
-480.272 7.979 537.038
-478.274 7.984 536.965
-476.275 7.990 536.899
-474.275 7.996 536.838
-472.276 8.002 536.780
-470.277 8.009 536.723
-468.278 8.016 536.664
-466.279 8.024 536.605
-464.280 8.032 536.544
-462.281 8.041 536.482
-460.282 8.050 536.419
-458.283 8.059 536.355
-456.284 8.069 536.290
-454.285 8.079 536.224
-452.287 8.089 536.157
-450.288 8.100 536.089
-448.289 8.111 536.021
-446.290 8.122 535.953
-444.291 8.133 535.883
-442.292 8.145 535.813
-440.294 8.157 535.742
-438.295 8.168 535.671
-436.297 8.180 535.600
-434.298 8.193 535.528
-432.299 8.205 535.455
-430.300 8.218 535.382
-428.302 8.230 535.309
-426.303 8.243 535.235
-424.305 8.256 535.162
-422.306 8.269 535.088
-420.308 8.282 535.013
-418.309 8.295 534.939
-416.311 8.308 534.864
-414.312 8.322 534.789
-412.314 8.335 534.714
-410.315 8.348 534.638
-408.317 8.362 534.563
-406.318 8.375 534.488
-404.320 8.388 534.412
-402.321 8.402 534.336
-400.323 8.415 534.261
-398.324 8.429 534.185
-396.326 8.442 534.110
-394.327 8.456 534.034
-392.329 8.469 533.958
-390.330 8.483 533.883
-388.332 8.496 533.807
-386.333 8.509 533.732
-384.335 8.523 533.657
-382.336 8.536 533.582
-380.338 8.549 533.506
-378.339 8.562 533.432
-376.341 8.576 533.357
-374.342 8.589 533.282
-372.344 8.601 533.208
-370.345 8.614 533.134
-368.346 8.627 533.060
-366.348 8.640 532.986
-364.349 8.652 532.913
-362.351 8.665 532.840
-360.352 8.677 532.767
-358.353 8.689 532.695
-356.355 8.701 532.623
-354.356 8.713 532.551
-352.357 8.725 532.479
-350.359 8.737 532.408
-348.360 8.748 532.338
-346.361 8.760 532.267
-344.362 8.771 532.197
-342.363 8.782 532.128
-340.365 8.793 532.059
-338.366 8.804 531.991
-336.367 8.814 531.923
-334.368 8.825 531.855
-332.369 8.835 531.788
-330.370 8.844 531.722
-328.371 8.854 531.656
-326.372 8.864 531.591
-324.373 8.873 531.527
-322.374 8.882 531.463
-320.375 8.891 531.400
-318.377 8.899 531.337
-316.378 8.907 531.275
-314.379 8.915 531.214
-312.380 8.923 531.154
-310.381 8.930 531.094
-308.381 8.937 531.035
-306.382 8.944 530.977
-304.383 8.950 530.920
-302.384 8.956 530.864
-300.385 8.962 530.809
-298.386 8.968 530.754
-296.386 8.973 530.701
-294.387 8.977 530.649
-292.388 8.981 530.597
-290.388 8.985 530.547
-288.389 8.989 530.498
-286.390 8.992 530.450
-284.390 8.994 530.403
-282.391 8.996 530.357
-280.391 8.998 530.313
-278.392 8.999 530.270
-276.392 9.000 530.228
-274.393 9.000 530.188
-272.393 8.999 530.149
-270.393 8.999 530.111
-268.394 8.997 530.074
-266.394 8.995 530.038
-264.394 8.993 530.002
-262.394 8.990 529.968
-260.395 8.986 529.935
-258.395 8.983 529.902
-256.395 8.978 529.871
-254.396 8.974 529.840
-252.396 8.969 529.810
-250.396 8.963 529.781
-248.396 8.957 529.753
-246.397 8.951 529.726
-244.397 8.945 529.699
-242.397 8.938 529.673
-240.398 8.930 529.648
-238.398 8.923 529.624
-236.398 8.915 529.600
-234.399 8.906 529.578
-232.399 8.898 529.555
-230.399 8.889 529.534
-228.399 8.880 529.513
-226.399 8.870 529.493
-224.399 8.860 529.473
-222.399 8.850 529.454
-220.399 8.840 529.436
-218.399 8.829 529.418
-216.400 8.819 529.401
-214.400 8.808 529.385
-212.400 8.796 529.369
-210.400 8.785 529.354
-208.401 8.773 529.339
-206.401 8.761 529.324
-204.401 8.749 529.311
-202.401 8.737 529.298
-200.401 8.724 529.285
-198.401 8.712 529.273
-196.401 8.699 529.261
-194.401 8.686 529.250
-192.401 8.673 529.239
-190.401 8.659 529.229
-188.401 8.646 529.219
-186.401 8.632 529.210
-184.402 8.619 529.201
-182.402 8.605 529.192
-180.402 8.591 529.184
-178.402 8.577 529.176
-176.402 8.563 529.169
-174.402 8.549 529.162
-172.402 8.534 529.156
-170.402 8.520 529.150
-168.403 8.506 529.144
-166.402 8.491 529.138
-164.403 8.477 529.133
-162.402 8.462 529.129
-160.403 8.448 529.124
-158.403 8.433 529.120
-156.403 8.419 529.116
-154.403 8.404 529.113
-152.403 8.390 529.110
-150.403 8.375 529.107
-148.403 8.361 529.104
-146.403 8.346 529.102
-144.403 8.332 529.100
-142.403 8.317 529.098
-140.403 8.303 529.096
-138.403 8.289 529.095
-136.403 8.275 529.094
-134.404 8.261 529.093
-132.404 8.247 529.092
-130.404 8.233 529.092
-128.404 8.219 529.091
-126.404 8.206 529.091
-124.404 8.193 529.091
-122.404 8.179 529.091
-120.404 8.166 529.091
-118.404 8.154 529.092
-116.404 8.141 529.092
-114.404 8.129 529.093
-112.404 8.117 529.093
-110.405 8.105 529.094
-108.405 8.094 529.095
-106.405 8.083 529.095
-104.405 8.072 529.096
-102.405 8.062 529.097
-100.405 8.052 529.097
-98.405 8.042 529.098
-96.405 8.033 529.099
-94.405 8.024 529.099
-92.405 8.016 529.100
-90.405 8.008 529.100
-88.405 8.001 529.100
-86.405 7.995 529.099
-84.406 7.988 529.098
-82.406 7.982 529.096
-80.406 7.976 529.092
-78.406 7.970 529.087
-76.405 7.964 529.082
-74.405 7.958 529.075
-72.405 7.953 529.068
-70.405 7.947 529.060
-68.405 7.942 529.051
-66.405 7.937 529.042
-64.405 7.932 529.031
-62.406 7.927 529.021
-60.406 7.922 529.010
-58.406 7.918 528.998
-56.406 7.914 528.986
-54.406 7.910 528.974
-52.406 7.906 528.961
-50.406 7.902 528.949
-48.406 7.899 528.936
-46.406 7.896 528.924
-44.406 7.892 528.912
-42.406 7.890 528.900
-40.406 7.887 528.888
-38.406 7.885 528.877
-36.406 7.883 528.867
-34.406 7.881 528.857
-32.406 7.879 528.849
-30.406 7.878 528.841
-28.406 7.877 528.835
-26.406 7.876 528.830
-24.406 7.875 528.827
-22.406 7.875 528.825
-20.406 7.875 528.826
-18.406 7.875 528.828
-16.406 7.876 528.833
-14.406 7.877 528.841
-12.406 7.879 528.851
-10.406 7.880 528.864
-8.406 7.882 528.881
-6.407 7.885 528.902
-4.407 7.888 528.927
-2.407 7.891 528.956
-0.407 7.895 528.989
1.593 7.899 529.028
3.592 7.903 529.071
5.592 7.908 529.121
7.591 7.914 529.177
9.590 7.920 529.240
11.589 7.926 529.310
13.588 7.934 529.388
15.586 7.941 529.474
17.584 7.949 529.570
19.581 7.958 529.675
21.578 7.968 529.789
23.574 7.978 529.916
25.569 7.989 530.055
27.563 8.000 530.206
29.555 8.014 530.381
31.546 8.030 530.576
33.534 8.048 530.795
35.517 8.069 531.048
37.496 8.094 531.337
39.470 8.122 531.660
41.437 8.154 532.022
43.395 8.189 532.426
45.343 8.230 532.877
47.280 8.274 533.374
49.204 8.323 533.919
51.114 8.376 534.507
53.012 8.432 535.135
54.898 8.490 535.797
56.779 8.550 536.476
58.657 8.609 537.158
60.541 8.667 537.829
62.433 8.721 538.475
64.337 8.771 539.086
66.253 8.817 539.656
68.182 8.857 540.180
70.124 8.893 540.657
72.077 8.924 541.086
74.040 8.950 541.471
76.010 8.972 541.815
77.986 8.990 542.122
79.966 9.005 542.401
81.951 9.019 542.654
83.937 9.031 542.890
85.924 9.043 543.109
87.914 9.053 543.315
89.905 9.062 543.509
91.896 9.071 543.692
93.889 9.079 543.865
95.882 9.086 544.030
97.876 9.093 544.187
99.870 9.099 544.337
101.865 9.104 544.481
103.860 9.109 544.619
105.856 9.113 544.753
107.852 9.116 544.883
109.848 9.119 545.009
111.844 9.121 545.133
113.840 9.123 545.254
115.837 9.124 545.373
117.833 9.125 545.491
119.830 9.125 545.608
121.827 9.125 545.724
123.823 9.124 545.841
125.819 9.123 545.957
127.816 9.121 546.074
129.812 9.119 546.193
131.808 9.116 546.312
133.805 9.113 546.434
135.801 9.109 546.558
137.797 9.105 546.685
139.793 9.101 546.815
141.788 9.095 546.948
143.783 9.090 547.085
145.779 9.084 547.227
147.773 9.077 547.373
149.767 9.070 547.524
151.761 9.063 547.681
153.755 9.055 547.844
155.748 9.046 548.013
157.740 9.037 548.190
159.731 9.028 548.374
161.722 9.018 548.566
163.709 9.008 548.762
165.697 9.000 548.956
167.685 8.993 549.148
169.673 8.988 549.338
171.661 8.985 549.527
173.649 8.983 549.713
175.638 8.982 549.897
177.627 8.983 550.080
179.615 8.986 550.260
181.604 8.990 550.439
183.594 8.995 550.616
185.583 9.002 550.790
187.572 9.010 550.963
189.562 9.019 551.135
191.551 9.030 551.304
193.541 9.043 551.471
195.531 9.056 551.637
197.521 9.071 551.801
199.511 9.088 551.963
201.502 9.105 552.123
203.492 9.124 552.281
205.483 9.164 552.437
207.474 9.182 552.592
209.465 9.197 552.745
211.456 9.207 552.897
213.447 9.214 553.046
215.438 9.217 553.194
217.429 9.217 553.340
219.421 9.212 553.484
221.413 9.204 553.627
223.404 9.192 553.768
225.396 9.176 553.907
227.388 9.155 554.045
229.380 9.131 554.180
231.373 9.104 554.315
233.365 9.072 554.447
235.357 9.037 554.578
237.350 8.998 554.708
239.343 8.955 554.835
241.335 8.910 554.961
243.328 8.861 555.086
245.321 8.810 555.209
247.314 8.756 555.330
249.308 8.700 555.450
251.301 8.642 555.568
253.294 8.583 555.685
255.288 8.523 555.800
257.281 8.463 555.914
259.275 8.404 556.026
261.269 8.345 556.136
263.263 8.288 556.245
265.257 8.234 556.353
267.251 8.183 556.459
269.245 8.136 556.564
271.239 8.094 556.667
273.234 8.059 556.769
275.228 8.030 556.869
277.223 8.011 556.968
279.217 8.001 557.065
281.212 8.000 557.161
283.207 8.000 557.256
285.202 8.000 557.349
287.197 8.000 557.441
289.192 8.000 557.532
291.187 8.000 557.621
293.182 8.000 557.708
295.177 8.000 557.795
297.173 8.000 557.880
299.168 8.000 557.964
301.164 8.000 558.046
303.159 8.000 558.128
305.155 8.000 558.208
307.151 8.000 558.286
309.146 8.000 558.363
311.142 8.000 558.440
313.138 8.000 558.514
315.134 8.000 558.588
317.130 8.000 558.660
319.126 8.000 558.732
321.122 8.000 558.802
323.118 8.000 558.870
325.115 8.000 558.938
327.111 8.000 559.004
329.107 8.000 559.069
331.104 8.000 559.133
333.100 8.000 559.196
335.097 8.000 559.258
337.093 8.000 559.319
339.090 8.000 559.378
341.087 8.000 559.437
343.083 8.000 559.494
345.080 8.000 559.550
347.077 8.000 559.605
349.074 8.000 559.659
351.070 8.002 559.712
353.067 8.017 559.764
355.064 8.045 559.815
357.061 8.088 559.865
359.058 8.145 559.914
361.055 8.215 559.961
363.052 8.300 560.008
365.049 8.398 560.054
367.047 8.510 560.099
369.044 8.635 560.143
371.041 8.773 560.186
373.038 8.924 560.228
375.036 9.087 560.269
377.033 9.263 560.309
379.030 9.451 560.348
381.027 9.650 560.386
383.025 9.859 560.423
385.022 10.080 560.460
387.019 10.310 560.495
389.017 10.549 560.530
391.014 10.797 560.564
393.012 11.053 560.597
395.009 11.316 560.629
397.007 11.586 560.660
399.004 11.861 560.691
401.001 12.142 560.720
402.999 12.426 560.749
404.996 12.714 560.777
406.994 13.004 560.804
408.991 13.295 560.831
410.989 13.586 560.857
412.986 13.877 560.882
414.984 14.166 560.906
416.981 14.451 560.929
418.979 14.732 560.952
420.976 15.008 560.974
422.974 15.277 560.995
424.971 15.537 561.016
426.969 15.789 561.036
428.966 16.029 561.055
430.964 16.257 561.074
432.961 16.472 561.092
434.958 16.671 561.109
436.956 16.853 561.126
438.953 17.017 561.142
440.951 17.161 561.157
442.948 17.284 561.172
444.945 17.383 561.187
446.943 17.449 561.200
448.940 17.535 561.213
450.937 17.620 561.226
452.934 17.706 561.238
454.932 17.791 561.249
456.929 17.876 561.260
458.926 17.960 561.270
460.923 18.044 561.280
462.920 18.128 561.289
464.917 18.212 561.298
466.914 18.295 561.307
468.911 18.378 561.315
470.908 18.461 561.322
472.905 18.543 561.329
474.902 18.625 561.335
476.899 18.707 561.341
478.896 18.788 561.347
480.893 18.869 561.352
482.889 18.949 561.357
484.886 19.029 561.361
486.883 19.108 561.365
488.879 19.187 561.369
490.876 19.266 561.372
492.872 19.344 561.375
494.869 19.421 561.378
496.865 19.498 561.380
498.861 19.574 561.382
500.858 19.650 561.383
502.854 19.726 561.385
504.850 19.800 561.386
506.846 19.874 561.386
508.842 19.948 561.387
510.838 20.021 561.387
515.838 20.220 561.387
520.838 20.463 561.387
525.838 20.752 561.387
530.838 21.089 561.387
535.838 21.473 561.387
540.838 21.903 561.387
545.838 22.375 561.387
550.838 22.884 561.387
555.838 23.425 561.387
560.838 23.990 561.387
565.838 24.574 561.387
570.838 25.168 561.387
575.838 25.765 561.387
580.838 26.359 561.387
585.838 26.945 561.387
590.838 27.518 561.387
595.838 28.079 561.387
600.838 28.628 561.387
605.838 29.173 561.387
610.838 29.717 561.387
615.838 30.274 561.387
620.838 30.870 561.387
625.838 31.463 561.387
630.838 32.051 561.387
635.838 32.631 561.387
640.838 33.199 561.387
645.838 33.751 561.387
650.838 34.283 561.387
655.838 34.792 561.387
660.838 35.281 561.387
665.838 35.763 561.387
670.838 36.219 561.387
675.838 36.677 561.387
680.838 37.109 561.387
685.838 37.514 561.387
690.838 37.892 561.387
695.838 38.241 561.387
700.838 38.564 561.387
705.838 38.860 561.387
710.838 39.133 561.387
715.838 39.384 561.387
720.838 39.616 561.387
725.838 39.832 561.387
730.838 40.036 561.387
735.838 40.229 561.387
740.838 40.415 561.387
745.838 40.596 561.387
750.838 40.774 561.387
755.838 40.949 561.387
760.838 41.120 561.387
765.838 41.284 561.387
770.838 41.432 561.387
775.838 41.560 561.387
780.838 41.662 561.387
785.838 41.735 561.387
790.838 41.777 561.387
795.838 41.777 561.387
800.838 41.777 561.387
805.838 41.777 561.387
810.838 41.777 561.387
815.838 41.777 561.387
820.838 41.777 561.387
825.838 41.777 561.387
830.838 41.777 561.387
835.838 41.777 561.387
840.838 41.777 561.387
845.838 41.777 561.387
850.838 41.777 561.387
855.838 41.777 561.387
860.838 41.777 561.387
865.838 41.777 561.387
870.838 41.777 561.387
875.838 41.777 561.387
880.838 41.777 561.387
885.838 41.777 561.387
890.838 41.777 561.387
895.838 41.777 561.387
900.838 41.777 561.387
905.838 41.777 561.387
910.838 41.777 561.387
915.838 41.777 561.387
920.838 41.777 561.387
925.838 41.777 561.387
930.838 41.777 561.387
935.838 41.777 561.387
940.838 41.777 561.387
945.838 41.777 561.387
950.838 41.777 561.387
955.838 41.777 561.387
960.838 41.777 561.387
