time=3.379999 position=(741.65, 79.87, -19.52) hit=Ground_CR117 downhill summit return impulse=0 contacts=(742.10, 79.34, -19.64) normal=(0.01, 1.00, -0.02);(741.52, 79.35, -19.94) normal=(0.01, 1.00, -0.02)
time=3.579999 position=(742.52, 79.79, -20.99) hit=Ground_720_320 impulse=0 contacts=(743.21, 79.18, -21.66) normal=(0.01, 1.00, -0.02);(743.00, 79.18, -21.77) normal=(0.01, 1.00, -0.02);(743.00, 79.19, -21.24) normal=(0.01, 1.00, -0.02);(742.63, 79.18, -21.95) normal=(0.01, 1.00, -0.02);(742.85, 79.18, -21.85) normal=(0.01, 1.00, -0.02)
time=5.219998 position=(734.36, 79.49, -43.37) hit=Ground_CR117 rounded start turn impulse=0 contacts=(733.49, 79.02, -43.50) normal=(0.00, 1.00, 0.00);(733.56, 79.03, -43.62) normal=(0.00, 1.00, 0.00);(733.60, 79.02, -43.43) normal=(0.00, 1.00, 0.00)
time=5.479998 position=(730.66, 79.54, -45.53) hit=Ground_CR110 main supported trail impulse=0 contacts=(729.80, 79.04, -45.65) normal=(0.01, 1.00, 0.01);(729.96, 79.04, -45.93) normal=(0.01, 1.00, 0.01);(730.08, 79.04, -45.49) normal=(0.01, 1.00, 0.01)
time=8.479997 position=(720.70, 82.41, -102.85) hit=Ground_CR110 main supported trail impulse=0 contacts=(720.59, 82.27, -103.74) normal=(-0.10, 0.99, 0.05);(721.03, 82.32, -103.95) normal=(-0.09, 0.99, 0.04);(720.95, 82.32, -104.07) normal=(-0.09, 0.99, 0.04)
time=8.859997 position=(724.18, 83.77, -109.92) hit=Ground_CR117 rounded start turn impulse=0 contacts=(724.47, 82.93, -110.65) normal=(-0.06, 1.00, 0.05)
time=8.899997 position=(724.56, 83.81, -110.68) hit=Ground_720_240 impulse=0 contacts=(725.16, 82.95, -111.16) normal=(-0.09, 0.99, 0.07);(725.00, 82.94, -111.30) normal=(-0.09, 0.99, 0.07);(724.90, 82.94, -111.38) normal=(-0.09, 0.99, 0.07);(725.00, 82.94, -111.30) normal=(-0.09, 0.99, 0.07)
time=10.46 position=(742.58, 85.97, -119.61) hit=Ground_CR117 gully approach impulse=0 contacts=(743.19, 86.04, -120.48) normal=(-0.01, 0.99, 0.11)
time=10.5 position=(743.03, 86.08, -119.75) hit=Ground_CR117 gully approach impulse=63.67062 contacts=(743.73, 86.05, -120.49) normal=(-0.15, 0.98, 0.17);(743.75, 86.04, -120.41) normal=(-0.15, 0.98, 0.17);(743.61, 86.04, -120.43) normal=(-0.15, 0.98, 0.17)
time=10.62 position=(744.38, 86.74, -120.07) hit=Ground_CR117 gully approach impulse=0 contacts=(744.59, 86.04, -120.31) normal=(-0.01, 0.99, 0.11)
time=10.66 position=(744.84, 86.83, -120.27) hit=Ground_CR117 gully approach impulse=0 contacts=(744.70, 86.04, -120.29) normal=(-0.01, 0.99, 0.11)
time=10.9 position=(747.60, 87.02, -121.44) hit=Ground_CR110 main supported trail impulse=0 contacts=(748.41, 86.30, -121.87) normal=(-0.14, 0.99, 0.03)
time=10.9 position=(747.60, 87.02, -121.44) hit=Ground_CR117 gully approach impulse=0 contacts=(748.38, 86.26, -121.90) normal=(-0.01, 0.99, 0.10)
time=10.94 position=(748.06, 86.99, -121.63) hit=Ground_CR110 narrow ridge cut impulse=0 contacts=(748.86, 86.18, -122.03) normal=(-0.18, 0.98, -0.09)
time=10.94 position=(748.06, 86.99, -121.63) hit=Ground_720_240 impulse=0 contacts=(748.71, 86.20, -122.00) normal=(-0.01, 0.99, 0.10);(748.81, 86.21, -122.08) normal=(-0.01, 0.99, 0.10)
time=11.12 position=(749.53, 86.90, -122.72) hit=EMBER impulse=0 contacts=(749.87, 87.36, -123.66) normal=(0.41, -0.05, 0.91)
time=11.76 position=(751.79, 87.43, -126.63) hit=Ground_CR117 gully approach impulse=0 contacts=(751.79, 86.87, -127.60) normal=(-0.01, 1.00, 0.10);(751.80, 86.88, -127.64) normal=(-0.01, 1.00, 0.10)
time=11.86 position=(752.11, 87.48, -127.69) hit=Ground_720_240 impulse=0 contacts=(752.05, 86.90, -128.66) normal=(-0.01, 1.00, 0.10);(752.00, 86.88, -128.47) normal=(-0.01, 1.00, 0.10)
time=18.35999 position=(799.28, 109.84, -258.87) hit=Ground_Mountain_0_0 impulse=0 contacts=(800.03, 109.23, -259.06) normal=(-0.06, 1.00, 0.06);(800.00, 109.23, -259.11) normal=(-0.06, 1.00, 0.06);(800.00, 109.23, -259.04) normal=(-0.06, 1.00, 0.06)
time=19.21999 position=(816.51, 110.83, -269.55) hit=Ground_CR117 outer ravine impulse=0 contacts=(817.03, 110.08, -270.05) normal=(-0.04, 1.00, 0.02);(817.07, 110.09, -270.00) normal=(-0.04, 1.00, 0.02);(816.82, 110.08, -270.00) normal=(-0.04, 1.00, 0.02)
time=20.21999 position=(839.48, 110.70, -275.48) hit=Ground_CR117 outer ravine impulse=0 contacts=(840.14, 109.84, -275.17) normal=(0.00, 1.00, 0.00);(840.12, 109.84, -275.82) normal=(0.00, 1.00, 0.00);(840.00, 109.84, -275.16) normal=(0.00, 1.00, 0.00);(840.00, 109.84, -275.81) normal=(0.00, 1.00, 0.00)
time=20.63999 position=(849.47, 110.52, -275.43) hit=Ground_CR117 gully takeoff impulse=0 contacts=(850.09, 110.04, -275.06) normal=(0.00, 1.00, 0.00);(850.14, 110.04, -275.71) normal=(0.00, 1.00, 0.00);(850.00, 110.04, -275.06) normal=(0.00, 1.00, 0.00);(850.00, 110.04, -275.72) normal=(0.00, 1.00, 0.00)
time=32.45999 position=(1285.49, 102.14, -272.91) hit=Ground_CR117 gully catch impulse=0 contacts=(1283.62, 101.57, -272.59) normal=(0.09, 1.00, 0.00);(1283.63, 101.57, -273.24) normal=(0.09, 1.00, 0.00);(1283.78, 101.56, -272.59) normal=(0.09, 1.00, 0.00);(1283.77, 101.56, -273.24) normal=(0.09, 1.00, 0.00);(1284.00, 101.54, -273.24) normal=(0.09, 1.00, 0.00);(1284.00, 101.54, -272.59) normal=(0.09, 1.00, 0.00)
time=32.45999 position=(1285.49, 102.14, -272.91) hit=EMBER impulse=0 contacts=(1284.41, 102.49, -272.59) normal=(0.00, 0.08, -1.00)
time=32.47999 position=(1286.18, 101.76, -272.91) hit=Ground_CR117 outer ravine impulse=0 contacts=(1286.54, 101.01, -272.55) normal=(0.09, 1.00, -0.04);(1286.54, 100.98, -273.20) normal=(0.09, 1.00, -0.04);(1285.00, 101.14, -272.56) normal=(0.09, 1.00, -0.04);(1285.00, 101.11, -273.21) normal=(0.09, 1.00, -0.04);(1284.30, 101.21, -272.57) normal=(0.09, 1.00, -0.04);(1284.30, 101.18, -273.22) normal=(0.09, 1.00, -0.04)
time=34.39999 position=(1341.88, 99.55, -273.50) hit=Ground_CR117 outer ravine impulse=0 contacts=(1342.71, 98.88, -273.18) normal=(-0.01, 1.00, 0.00);(1342.70, 98.88, -273.83) normal=(-0.01, 1.00, 0.00)
time=34.67999 position=(1346.09, 99.61, -273.53) hit=Ground_CR117 tangent gully return impulse=0 contacts=(1346.95, 99.20, -273.26) normal=(-0.02, 1.00, -0.04);(1346.95, 99.20, -273.31) normal=(-0.02, 1.00, -0.04);(1346.84, 99.20, -273.25) normal=(-0.02, 1.00, -0.04)
time=38.67999 position=(1385.26, 103.30, -211.49) hit=Ground_CR117 outer ravine impulse=0 contacts=(1385.15, 102.52, -210.67) normal=(-0.06, 0.99, -0.15);(1385.77, 102.54, -210.83) normal=(-0.06, 0.99, -0.15)
time=46.29998 position=(1296.53, 134.46, -73.89) hit=Ground_CR117 tangent gully return impulse=0 contacts=(1295.70, 133.71, -73.82) normal=(0.13, 0.99, -0.07);(1296.00, 133.71, -73.25) normal=(0.13, 0.99, -0.07)
time=50.51998 position=(1200.24, 143.60, -54.18) hit=Ground_Mountain_3_2 impulse=0 contacts=(1200.00, 143.02, -54.50) normal=(0.07, 1.00, 0.00);(1199.56, 143.05, -53.84) normal=(0.07, 1.00, 0.00);(1199.55, 143.05, -54.49) normal=(0.07, 1.00, 0.00);(1200.00, 143.02, -53.85) normal=(0.07, 1.00, 0.00);(1200.00, 143.02, -54.00) normal=(0.07, 1.00, 0.00);(1199.85, 143.03, -53.85) normal=(0.07, 1.00, 0.00)
time=54.11998 position=(1117.35, 146.72, -69.43) hit=Ground_Mountain_3_1 impulse=0 contacts=(1117.01, 146.10, -70.07) normal=(-0.01, 1.00, 0.00);(1116.96, 146.10, -70.00) normal=(-0.01, 1.00, 0.00);(1117.11, 146.10, -70.00) normal=(-0.01, 1.00, 0.00)
time=55.03998 position=(1100.57, 146.08, -83.45) hit=Ground_Mountain_2_1 impulse=0 contacts=(1099.90, 145.45, -83.67) normal=(-0.03, 1.00, -0.02);(1100.00, 145.45, -83.77) normal=(-0.03, 1.00, -0.02);(1100.00, 145.46, -83.57) normal=(-0.03, 1.00, -0.02)
time=59.91998 position=(1000.63, 134.18, -128.54) hit=Ground_Mountain_1_1 impulse=0 contacts=(999.95, 133.49, -128.73) normal=(-0.15, 0.99, 0.01);(1000.00, 133.49, -128.45) normal=(-0.15, 0.99, 0.01);(1000.00, 133.49, -128.74) normal=(-0.15, 0.99, 0.01)
time=63.41998 position=(999.57, 135.57, -82.67) hit=Ground_Mountain_2_1 impulse=0 contacts=(1000.28, 135.10, -82.34) normal=(-0.08, 0.99, -0.10);(1000.00, 135.10, -82.10) normal=(-0.08, 0.99, -0.10);(1000.00, 135.04, -82.66) normal=(-0.08, 0.99, -0.10)
time=64.07998 position=(1009.53, 137.59, -70.72) hit=Ground_Mountain_2_2 impulse=0 contacts=(1009.73, 137.10, -69.96) normal=(-0.08, 0.99, -0.10);(1009.78, 137.10, -70.00) normal=(-0.08, 0.99, -0.10);(1009.69, 137.10, -70.00) normal=(-0.08, 0.99, -0.10)
time=64.37997 position=(1014.04, 138.52, -65.29) hit=Ground_CR110 main supported trail impulse=0 contacts=(1014.82, 137.77, -64.95) normal=(-0.15, 0.99, -0.07)
time=64.47998 position=(1015.59, 138.86, -63.54) hit=Ground_CR110 narrow ridge cut impulse=0 contacts=(1016.08, 138.69, -62.51) normal=(-0.11, 0.99, 0.04)
time=64.81998 position=(1020.71, 140.38, -57.54) hit=Ground_CR110 main supported trail impulse=0 contacts=(1021.03, 139.55, -56.81) normal=(-0.14, 0.99, -0.10);(1021.50, 139.57, -57.25) normal=(-0.14, 0.99, -0.10);(1020.92, 139.52, -56.92) normal=(-0.14, 0.99, -0.10);(1020.93, 139.52, -56.92) normal=(-0.14, 0.99, -0.10)
time=74.55997 position=(992.97, 164.40, 112.48) hit=Ground_CR110 main supported trail impulse=0 contacts=(993.51, 163.84, 111.33) normal=(0.03, 1.00, -0.03);(992.44, 163.94, 113.41) normal=(0.03, 1.00, -0.03);(992.87, 163.86, 111.21) normal=(0.03, 1.00, -0.03);(993.08, 163.92, 113.54) normal=(0.03, 1.00, -0.03);(993.41, 163.86, 111.86) normal=(0.03, 1.00, -0.03);(992.84, 163.87, 111.39) normal=(0.03, 1.00, -0.03)
time=76.15997 position=(999.92, 161.12, 125.70) hit=Ground_CR103 supported connection impulse=258.9532 contacts=(1000.89, 160.75, 125.02) normal=(0.23, 0.97, 0.08)
time=76.25997 position=(1000.52, 160.37, 126.57) hit=Ground_Mountain_1_3 impulse=0 contacts=(999.22, 159.73, 126.52) normal=(0.27, 0.92, -0.27);(999.45, 159.67, 126.55) normal=(0.27, 0.92, -0.27)
time=76.29997 position=(1000.83, 160.13, 126.87) hit=Ground_Mountain_2_3 impulse=0 contacts=(1000.00, 159.54, 126.96) normal=(0.23, 0.95, -0.19)
time=76.89997 position=(1008.11, 158.11, 129.46) hit=Ground_Mountain_2_4 impulse=0 contacts=(1008.62, 157.35, 130.09) normal=(0.26, 0.94, -0.19);(1008.63, 157.31, 130.00) normal=(0.26, 0.94, -0.19);(1008.36, 157.40, 130.00) normal=(0.26, 0.94, -0.19)
time=80.31997 position=(1080.22, 152.10, 134.44) hit=Ground_CR103 supported connection impulse=0 contacts=(1079.99, 151.93, 134.75) normal=(-0.01, 1.00, 0.00);(1079.95, 151.93, 134.10) normal=(-0.01, 1.00, 0.00);(1080.53, 151.93, 134.78) normal=(-0.01, 1.00, 0.00);(1080.57, 151.93, 134.13) normal=(-0.01, 1.00, 0.00);(1080.92, 151.94, 134.80) normal=(-0.01, 1.00, 0.00);(1080.95, 151.94, 134.15) normal=(-0.01, 1.00, 0.00);(1078.59, 151.91, 134.69) normal=(-0.01, 1.00, 0.00);(1078.62, 151.91, 134.04) normal=(-0.01, 1.00, 0.00);(1079.04, 151.92, 134.71) normal=(-0.01, 1.00, 0.00);(1079.07, 151.92, 134.06) normal=(-0.01, 1.00, 0.00)
time=81.09997 position=(1098.32, 152.79, 135.42) hit=Ground_Mountain_2_4 impulse=0 contacts=(1099.00, 152.01, 135.23) normal=(0.00, 1.00, 0.00);(1098.00, 152.01, 135.75) normal=(0.00, 1.00, 0.00);(1098.00, 152.01, 135.09) normal=(0.00, 1.00, 0.00);(1098.91, 152.01, 135.88) normal=(0.00, 1.00, 0.00);(1098.80, 152.01, 135.20) normal=(0.00, 1.00, 0.00);(1098.22, 152.01, 135.78) normal=(0.00, 1.00, 0.00)
time=81.09997 position=(1098.32, 152.79, 135.42) hit=Ground_CR103 supported connection impulse=0 contacts=(1096.78, 152.05, 134.92) normal=(0.00, 1.00, 0.00);(1098.91, 152.04, 135.88) normal=(0.00, 1.00, 0.00);(1096.69, 152.05, 135.56) normal=(0.00, 1.00, 0.00);(1099.00, 152.04, 135.23) normal=(0.00, 1.00, 0.00);(1098.47, 152.04, 135.16) normal=(0.00, 1.00, 0.00);(1098.37, 152.04, 135.80) normal=(0.00, 1.00, 0.00)
time=81.15997 position=(1099.70, 152.60, 135.51) hit=Ground_Mountain_3_4 impulse=0 contacts=(1100.38, 152.00, 135.32) normal=(0.01, 1.00, 0.00);(1100.00, 152.00, 135.92) normal=(0.01, 1.00, 0.00);(1100.00, 152.00, 135.26) normal=(0.01, 1.00, 0.00);(1100.33, 152.00, 135.67) normal=(0.01, 1.00, 0.00);(1100.07, 152.00, 135.93) normal=(0.01, 1.00, 0.00);(1100.29, 152.00, 135.96) normal=(0.01, 1.00, 0.00)
time=86.05997 position=(1190.34, 152.53, 191.46) hit=Ground_Summit authored launch impulse=0 contacts=(1190.17, 152.00, 192.28) normal=(0.00, 1.00, 0.00);(1190.19, 152.00, 192.27) normal=(0.00, 1.00, 0.00);(1190.16, 152.00, 192.27) normal=(0.00, 1.00, 0.00)
time=91.21997 position=(1099.66, 152.50, 179.30) hit=Ground_Mountain_2_4 impulse=0 contacts=(1099.43, 151.94, 178.91) normal=(0.00, 1.00, 0.00);(1099.26, 151.94, 179.53) normal=(0.00, 1.00, 0.00);(1100.00, 151.94, 179.05) normal=(0.00, 1.00, 0.00);(1100.00, 151.94, 179.73) normal=(0.00, 1.00, 0.00)
time=93.61996 position=(1000.29, 163.78, 151.33) hit=Ground_Mountain_1_4 impulse=0 contacts=(999.93, 163.58, 150.89) normal=(0.49, 0.86, 0.14);(999.75, 163.58, 151.51) normal=(0.49, 0.86, 0.14);(1000.00, 163.54, 150.91) normal=(0.49, 0.86, 0.14);(1000.00, 163.43, 151.58) normal=(0.49, 0.86, 0.14)
time=101.06 position=(792.72, 127.79, 92.47) hit=Ground_720_400 impulse=0 contacts=(794.69, 127.63, 93.58) normal=(-0.51, 0.75, -0.43)
time=101.06 position=(792.72, 127.79, 92.47) hit=Ground_CR103 smooth landing impulse=0 contacts=(794.25, 127.44, 92.55) normal=(-0.51, 0.85, -0.15);(794.57, 127.76, 93.30) normal=(-0.51, 0.85, -0.15);(794.07, 127.44, 93.18) normal=(-0.51, 0.85, -0.15);(794.73, 127.75, 92.67) normal=(-0.51, 0.85, -0.15);(794.56, 127.76, 93.30) normal=(-0.51, 0.85, -0.15);(794.68, 127.76, 92.86) normal=(-0.51, 0.85, -0.15)
time=102.7 position=(737.07, 99.28, 76.82) hit=Ground_720_400 impulse=0 contacts=(736.53, 98.29, 77.00) normal=(0.00, 1.00, 0.00);(736.72, 98.29, 76.38) normal=(0.00, 1.00, 0.00)
time=102.74 position=(736.18, 98.98, 76.56) hit=Ground_CR117 downhill summit return impulse=96.72572 contacts=(735.31, 98.37, 76.64) normal=(-0.17, 0.98, -0.04);(735.46, 98.37, 76.01) normal=(-0.17, 0.98, -0.04)
time=103.34 position=(724.78, 96.07, 73.23) hit=Ground_CR117 downhill summit return impulse=0 contacts=(725.22, 95.38, 73.01) normal=(-0.33, 0.94, -0.08);(724.48, 95.10, 72.78) normal=(-0.33, 0.94, -0.08);(724.43, 95.08, 72.78) normal=(-0.22, 0.98, -0.04)
time=103.36 position=(724.41, 95.92, 73.13) hit=Ground_720_400 impulse=0 contacts=(724.27, 95.01, 72.73) normal=(-0.27, 0.96, -0.05);(723.91, 94.93, 73.29) normal=(-0.27, 0.96, -0.05);(724.08, 94.95, 72.67) normal=(-0.27, 0.96, -0.05);(724.00, 94.96, 73.32) normal=(-0.27, 0.96, -0.05);(724.00, 94.94, 73.00) normal=(-0.27, 0.96, -0.05);(724.00, 94.94, 72.96) normal=(-0.27, 0.96, -0.05)
time=103.42 position=(723.32, 95.44, 72.81) hit=Ground_CR103 smooth landing impulse=0 contacts=(723.27, 94.57, 72.44) normal=(-0.24, 0.97, -0.07);(723.10, 94.57, 73.07) normal=(-0.24, 0.97, -0.07);(722.87, 94.51, 73.00) normal=(-0.24, 0.97, -0.07);(723.05, 94.51, 72.38) normal=(-0.24, 0.97, -0.07);(722.98, 94.49, 72.36) normal=(-0.24, 0.97, -0.07);(722.80, 94.49, 72.98) normal=(-0.24, 0.97, -0.07)
time=105.26 position=(693.10, 89.26, 50.32) hit=Ground_720_320 impulse=0 contacts=(693.31, 88.64, 50.00) normal=(-0.06, 1.00, -0.07);(692.54, 88.60, 49.97) normal=(-0.06, 1.00, -0.07);(693.10, 88.61, 49.64) normal=(-0.06, 1.00, -0.07);(692.56, 88.61, 50.00) normal=(-0.06, 1.00, -0.07);(693.00, 88.63, 50.00) normal=(-0.06, 1.00, -0.07);(693.00, 88.60, 49.69) normal=(-0.06, 1.00, -0.07)
time=106.36 position=(684.24, 86.60, 26.26) hit=Ground_CR117 Summit Traverse rejoin impulse=0 contacts=(684.56, 85.78, 25.62) normal=(-0.10, 0.99, -0.02);(683.92, 85.72, 25.69) normal=(-0.10, 0.99, -0.02);(684.61, 85.79, 26.07) normal=(-0.10, 0.99, -0.02);(683.95, 85.72, 25.95) normal=(-0.10, 0.99, -0.02)
time=106.36 position=(684.24, 86.60, 26.26) hit=Ground_720_320 impulse=0 contacts=(684.57, 85.70, 25.62) normal=(-0.10, 0.99, -0.02)
time=107.52 position=(685.95, 84.44, -0.34) hit=Ground_CR117 downhill summit return impulse=0 contacts=(685.09, 83.82, 1.08) normal=(0.04, 0.99, -0.10);(685.69, 83.68, -0.20) normal=(0.04, 0.99, -0.10);(685.85, 83.62, -0.52) normal=(0.04, 0.99, -0.10);(686.06, 83.59, -0.97) normal=(0.04, 0.99, -0.10);(685.84, 83.62, -0.52) normal=(0.04, 0.99, -0.10)
time=107.54 position=(686.02, 84.33, -0.79) hit=Ground_720_320 impulse=0 contacts=(686.31, 83.48, -1.31) normal=(0.04, 1.00, -0.08);(685.45, 83.63, 0.00) normal=(0.04, 1.00, -0.08);(686.13, 83.48, -1.40) normal=(0.04, 1.00, -0.08);(686.00, 83.51, -1.14) normal=(0.04, 1.00, -0.08);(686.00, 83.51, -1.14) normal=(0.04, 1.00, -0.08);(685.93, 83.53, -1.00) normal=(0.04, 1.00, -0.08)
time=108.06 position=(689.28, 83.45, -7.69) hit=Ground_720_320 impulse=0 contacts=(690.17, 82.77, -7.87) normal=(0.06, 1.00, -0.06);(687.96, 82.95, -7.14) normal=(0.06, 1.00, -0.06);(689.81, 82.76, -8.40) normal=(0.06, 1.00, -0.06);(688.32, 82.96, -6.60) normal=(0.06, 1.00, -0.06);(688.00, 82.95, -7.17) normal=(0.06, 1.00, -0.06);(688.00, 82.95, -7.16) normal=(0.06, 1.00, -0.06)
time=112.48 position=(734.45, 79.49, -42.97) hit=Ground_CR117 rounded start turn impulse=0 contacts=(733.60, 79.02, -43.19) normal=(0.00, 1.00, 0.00);(733.64, 79.02, -43.24) normal=(0.00, 1.00, 0.00);(733.66, 79.02, -43.15) normal=(0.00, 1.00, 0.00)
time=112.76 position=(730.73, 79.55, -45.77) hit=Ground_CR110 main supported trail impulse=0 contacts=(729.91, 79.04, -46.02) normal=(0.01, 1.00, 0.01);(729.93, 79.04, -46.04) normal=(0.01, 1.00, 0.01);(729.94, 79.04, -45.99) normal=(0.01, 1.00, 0.01)
time=114.24 position=(718.03, 79.89, -59.17) hit=Ground_720_320 impulse=0 contacts=(717.30, 79.29, -59.80) normal=(0.02, 1.00, 0.06);(717.64, 79.30, -60.00) normal=(0.02, 1.00, 0.06);(717.86, 79.30, -60.13) normal=(0.02, 1.00, 0.06)
time=206.3199 position=(739.94, 79.61, -28.38) hit=Ground_CR117 downhill summit return impulse=0 contacts=(740.26, 79.13, -27.66) normal=(0.01, 1.00, -0.03);(739.61, 79.13, -27.70) normal=(0.01, 1.00, -0.03);(740.26, 79.09, -28.75) normal=(0.01, 1.00, -0.03);(739.61, 79.09, -28.71) normal=(0.01, 1.00, -0.03)
time=206.3799 position=(732.23, 79.50, -37.04) hit=Ground_CR117 downhill summit return impulse=0 contacts=(733.45, 78.98, -36.58) normal=(0.00, 1.00, 0.00);(731.23, 79.00, -37.34) normal=(0.00, 1.00, 0.00);(731.60, 79.00, -37.87) normal=(0.00, 1.00, 0.00);(733.08, 78.98, -36.05) normal=(0.00, 1.00, 0.00);(731.73, 78.99, -36.99) normal=(0.00, 1.00, 0.00);(732.05, 78.99, -37.56) normal=(0.00, 1.00, 0.00)
time=206.4599 position=(731.71, 79.50, -37.40) hit=Ground_CR110 main supported trail impulse=0 contacts=(731.11, 78.97, -38.22) normal=(0.00, 1.00, 0.01)
time=206.5999 position=(739.74, 79.52, -30.75) hit=Ground_720_320 impulse=0 contacts=(739.66, 78.91, -31.66) normal=(-0.01, 1.00, -0.01);(739.86, 78.91, -31.70) normal=(-0.01, 1.00, -0.01);(739.66, 78.91, -31.66) normal=(-0.01, 1.00, -0.01)
time=206.5999 position=(739.34, 79.47, -37.26) hit=Ground_CR117 downhill summit return impulse=0 contacts=(739.12, 78.97, -38.46) normal=(0.00, 1.00, 0.00);(738.13, 78.97, -37.40) normal=(0.00, 1.00, 0.00)
time=206.6199 position=(730.44, 79.50, -38.29) hit=Ground_720_320 impulse=0 contacts=(731.72, 78.92, -37.78) normal=(0.01, 1.00, 0.00);(729.51, 78.93, -38.55) normal=(0.01, 1.00, 0.00);(729.88, 78.93, -39.08) normal=(0.01, 1.00, 0.00);(731.34, 78.92, -37.25) normal=(0.01, 1.00, 0.00);(729.53, 78.93, -38.53) normal=(0.01, 1.00, 0.00);(729.82, 78.93, -39.00) normal=(0.01, 1.00, 0.00)
time=206.8799 position=(736.87, 79.47, -39.48) hit=Ground_720_320 impulse=0 contacts=(735.70, 78.90, -39.50) normal=(0.00, 1.00, 0.00);(736.00, 78.90, -39.86) normal=(0.00, 1.00, 0.00);(736.12, 78.90, -40.00) normal=(0.00, 1.00, 0.00);(736.63, 78.90, -40.61) normal=(0.00, 1.00, 0.00)
time=206.9199 position=(727.33, 79.53, -40.63) hit=Ground_CR117 rounded start turn impulse=0 contacts=(726.90, 79.02, -41.42) normal=(0.00, 1.00, 0.01);(726.87, 79.02, -41.37) normal=(0.00, 1.00, 0.01);(726.93, 79.02, -41.39) normal=(0.00, 1.00, 0.01)
time=207.1399 position=(733.89, 79.49, -41.87) hit=Ground_CR117 rounded start turn impulse=0 contacts=(733.65, 79.02, -42.98) normal=(0.00, 1.00, 0.01);(733.74, 79.02, -42.75) normal=(0.00, 1.00, 0.01);(733.42, 79.02, -42.69) normal=(0.00, 1.00, 0.01);(733.70, 79.02, -42.94) normal=(0.00, 1.00, 0.01)
time=207.3399 position=(731.42, 79.52, -43.84) hit=Ground_CR110 main supported trail impulse=0 contacts=(730.31, 79.03, -43.85) normal=(0.00, 1.00, 0.01);(730.43, 79.03, -43.99) normal=(0.00, 1.00, 0.01);(730.50, 79.03, -43.68) normal=(0.00, 1.00, 0.01)
time=207.5799 position=(733.97, 79.49, -42.01) hit=Ground_CR117 rounded start turn impulse=0 contacts=(733.54, 79.02, -42.77) normal=(0.00, 1.00, 0.01);(733.49, 79.02, -42.70) normal=(0.00, 1.00, 0.01);(733.59, 79.02, -42.72) normal=(0.00, 1.00, 0.01)
time=207.8199 position=(730.92, 79.53, -44.40) hit=Ground_CR110 main supported trail impulse=0 contacts=(730.08, 79.04, -44.59) normal=(0.01, 1.00, 0.01);(730.24, 79.04, -44.82) normal=(0.01, 1.00, 0.01);(730.34, 79.03, -44.41) normal=(0.01, 1.00, 0.01)
time=208.2999 position=(721.13, 79.80, -57.15) hit=Ground_720_320 impulse=0 contacts=(721.54, 79.08, -58.00) normal=(0.01, 1.00, 0.06);(720.15, 79.08, -57.52) normal=(0.01, 1.00, 0.06);(721.45, 79.09, -58.17) normal=(0.01, 1.00, 0.06);(721.11, 79.09, -58.00) normal=(0.01, 1.00, 0.06);(721.12, 79.09, -58.00) normal=(0.01, 1.00, 0.06);(721.00, 79.09, -57.94) normal=(0.01, 1.00, 0.06)
time=209.8399 position=(713.98, 81.96, -99.93) hit=Ground_CR110 main supported trail impulse=0 contacts=(713.91, 81.49, -100.71) normal=(-0.01, 1.00, 0.07);(714.20, 81.51, -100.62) normal=(-0.01, 1.00, 0.07);(713.80, 81.46, -100.41) normal=(-0.01, 1.00, 0.07)
time=210.2799 position=(717.73, 82.17, -101.47) hit=Ground_CR110 main supported trail impulse=0 contacts=(717.36, 81.90, -102.47) normal=(-0.01, 1.00, 0.08);(717.68, 81.92, -102.34) normal=(-0.01, 1.00, 0.08);(717.21, 81.86, -102.11) normal=(-0.01, 1.00, 0.08);(718.20, 81.98, -102.59) normal=(-0.10, 0.99, 0.05)
time=210.3399 position=(718.39, 82.89, -109.55) hit=Ground_720_240 impulse=0 contacts=(719.03, 82.40, -110.00) normal=(-0.05, 1.00, 0.08);(718.33, 82.37, -110.00) normal=(-0.05, 1.00, 0.08);(718.58, 82.40, -110.34) normal=(-0.05, 1.00, 0.08);(719.00, 82.40, -110.00) normal=(-0.05, 1.00, 0.08);(719.01, 82.40, -110.01) normal=(-0.05, 1.00, 0.08);(719.01, 82.40, -110.01) normal=(-0.05, 1.00, 0.08)
time=210.6999 position=(721.59, 83.20, -109.04) hit=Ground_720_240 impulse=0 contacts=(721.55, 82.57, -110.12) normal=(-0.07, 0.99, 0.08);(721.71, 82.57, -110.00) normal=(-0.07, 0.99, 0.08);(721.46, 82.55, -110.00) normal=(-0.07, 0.99, 0.08)
time=210.8999 position=(725.14, 82.82, -104.72) hit=Ground_CR110 main supported trail impulse=0 contacts=(724.88, 82.80, -105.73) normal=(-0.10, 0.99, 0.05)
time=211.4399 position=(730.63, 84.88, -114.19) hit=Ground_CR110 main supported trail impulse=0 contacts=(731.20, 83.88, -114.63) normal=(-0.11, 0.99, 0.04);(731.23, 83.88, -114.65) normal=(-0.11, 0.99, 0.04)
time=211.5599 position=(731.87, 84.86, -116.30) hit=GOLD impulse=0 contacts=(732.75, 85.02, -117.59) normal=(-0.38, -0.08, 0.92)
time=211.5599 position=(733.86, 84.84, -118.82) hit=EMBER impulse=0 contacts=(732.75, 85.02, -117.59) normal=(0.38, 0.08, -0.92)
time=211.8399 position=(739.32, 85.66, -122.98) hit=Ground_720_240 impulse=0 contacts=(740.18, 85.21, -123.62) normal=(-0.31, 0.89, 0.34)
time=212.1399 position=(742.37, 86.51, -123.84) hit=Ground_CR117 gully approach impulse=0 contacts=(743.37, 86.44, -124.10) normal=(-0.01, 0.99, 0.11);(741.18, 86.37, -123.60) normal=(-0.01, 0.99, 0.11);(743.03, 86.50, -124.65) normal=(-0.01, 0.99, 0.11);(741.51, 86.31, -123.05) normal=(-0.01, 0.99, 0.11);(741.47, 86.32, -123.12) normal=(-0.01, 0.99, 0.11);(741.47, 86.32, -123.12) normal=(-0.01, 0.99, 0.11)
time=212.1799 position=(741.08, 85.82, -121.50) hit=Ground_720_240 impulse=0 contacts=(741.73, 85.42, -122.64) normal=(-0.34, 0.90, 0.28)
time=212.2399 position=(741.74, 85.92, -121.80) hit=BLUE impulse=0 contacts=(742.29, 86.48, -123.35) normal=(-0.21, -0.19, 0.96)
time=212.2399 position=(743.21, 86.99, -124.25) hit=GOLD impulse=0 contacts=(742.29, 86.48, -123.35) normal=(0.21, 0.19, -0.96)
time=212.3799 position=(743.17, 86.42, -122.50) hit=Ground_CR117 gully approach impulse=55.64441 contacts=(744.39, 86.28, -122.48) normal=(-0.01, 0.99, 0.11);(741.68, 86.24, -122.36) normal=(-0.01, 0.99, 0.11);(742.82, 86.34, -123.16) normal=(-0.01, 0.99, 0.11);(742.49, 86.11, -121.17) normal=(-0.01, 0.99, 0.11);(741.71, 86.23, -122.32) normal=(-0.01, 0.99, 0.11);(741.71, 86.23, -122.32) normal=(-0.01, 0.99, 0.11)
time=212.6599 position=(740.76, 85.80, -122.24) hit=Ground_720_240 impulse=0 contacts=(741.79, 85.46, -122.71) normal=(-0.33, 0.90, 0.29);(741.71, 85.43, -122.71) normal=(-0.33, 0.90, 0.29);(741.71, 85.43, -122.71) normal=(-0.33, 0.90, 0.29)
time=212.8199 position=(747.81, 87.33, -127.25) hit=Ground_CR117 gully approach impulse=0 contacts=(748.34, 86.90, -128.14) normal=(-0.01, 1.00, 0.10);(747.03, 86.69, -126.22) normal=(-0.01, 1.00, 0.10);(747.72, 86.91, -128.34) normal=(-0.01, 1.00, 0.10);(747.65, 86.68, -126.02) normal=(-0.01, 1.00, 0.10);(747.22, 86.75, -126.79) normal=(-0.01, 1.00, 0.10);(747.88, 86.75, -126.73) normal=(-0.01, 1.00, 0.10)
time=212.8799 position=(748.13, 87.31, -127.70) hit=Ground_720_240 impulse=0 contacts=(748.66, 86.86, -128.58) normal=(-0.01, 1.00, 0.10);(747.42, 86.65, -126.60) normal=(-0.01, 1.00, 0.10);(748.03, 86.87, -128.76) normal=(-0.01, 1.00, 0.10);(748.05, 86.64, -126.43) normal=(-0.01, 1.00, 0.10);(748.00, 86.86, -128.64) normal=(-0.01, 1.00, 0.10);(748.60, 86.86, -128.60) normal=(-0.01, 1.00, 0.10)
time=212.9399 position=(742.91, 86.39, -122.39) hit=Ground_CR117 gully approach impulse=0 contacts=(743.96, 86.25, -122.27) normal=(-0.01, 0.99, 0.11);(741.68, 86.25, -122.52) normal=(-0.01, 0.99, 0.11);(743.71, 86.32, -122.88) normal=(-0.01, 0.99, 0.11);(742.90, 86.22, -122.08) normal=(-0.01, 0.99, 0.11);(741.74, 86.22, -122.21) normal=(-0.01, 0.99, 0.11);(741.72, 86.23, -122.32) normal=(-0.01, 0.99, 0.11)
time=213.3599 position=(747.12, 87.04, -123.45) hit=Ground_CR117 gully approach impulse=0 contacts=(746.11, 86.32, -122.61) normal=(-0.01, 0.99, 0.11);(746.14, 86.32, -122.63) normal=(-0.01, 0.99, 0.11);(746.10, 86.32, -122.63) normal=(-0.01, 0.99, 0.11);(746.14, 86.32, -122.63) normal=(-0.01, 0.99, 0.11)
time=213.4599 position=(748.16, 87.04, -124.02) hit=Ground_720_240 impulse=0 contacts=(747.21, 86.29, -123.07) normal=(-0.01, 0.99, 0.10);(747.15, 86.30, -123.15) normal=(-0.01, 0.99, 0.10);(747.00, 86.32, -123.38) normal=(-0.01, 0.99, 0.10)
time=213.4599 position=(748.16, 87.04, -124.02) hit=Ground_CR110 main supported trail impulse=0 contacts=(749.07, 86.46, -124.28) normal=(-0.14, 0.99, 0.03);(749.10, 86.47, -124.31) normal=(-0.14, 0.99, 0.03)
time=213.5599 position=(748.64, 87.52, -129.25) hit=Ground_CR117 gully approach impulse=0 contacts=(748.13, 87.11, -130.39) normal=(-0.01, 1.00, 0.10);(748.02, 87.06, -129.85) normal=(-0.01, 1.00, 0.10);(747.65, 86.89, -128.10) normal=(-0.01, 1.00, 0.10);(747.75, 86.93, -128.58) normal=(-0.01, 1.00, 0.10);(747.88, 87.00, -129.20) normal=(-0.01, 1.00, 0.10)
time=213.8999 position=(749.37, 87.93, -133.41) hit=Ground_720_240 impulse=0 contacts=(750.21, 87.43, -134.25) normal=(-0.01, 1.00, 0.10);(748.46, 87.21, -132.12) normal=(-0.01, 1.00, 0.10);(748.77, 87.44, -134.44) normal=(-0.01, 1.00, 0.10);(749.90, 87.20, -131.93) normal=(-0.01, 1.00, 0.10);(749.00, 87.44, -134.41) normal=(-0.01, 1.00, 0.10);(749.00, 87.44, -134.41) normal=(-0.01, 1.00, 0.10)
time=214.6599 position=(756.71, 88.84, -143.79) hit=Ground_CR117 gully approach impulse=8.207947 contacts=(756.27, 88.59, -144.34) normal=(-0.01, 0.99, 0.10);(756.28, 88.60, -144.49) normal=(-0.01, 0.99, 0.10)
time=214.6999 position=(756.75, 88.93, -144.72) hit=Ground_CR117 gully approach impulse=0 contacts=(756.37, 88.70, -145.41) normal=(0.13, 0.98, 0.12);(756.38, 88.70, -145.41) normal=(0.13, 0.98, 0.12);(756.37, 88.69, -145.35) normal=(0.13, 0.98, 0.12)
time=219.8799 position=(799.37, 110.10, -266.84) hit=Ground_Mountain_0_0 impulse=0 contacts=(800.12, 109.52, -266.96) normal=(-0.05, 1.00, 0.04);(800.00, 109.52, -267.13) normal=(-0.05, 1.00, 0.04);(800.00, 109.51, -266.88) normal=(-0.05, 1.00, 0.04)
time=219.9799 position=(799.58, 109.70, -255.58) hit=Ground_Mountain_0_0 impulse=0 contacts=(800.32, 109.10, -255.80) normal=(-0.06, 1.00, 0.06);(800.00, 109.10, -256.16) normal=(-0.06, 1.00, 0.06);(800.15, 109.10, -256.00) normal=(-0.06, 1.00, 0.06);(800.00, 109.07, -255.51) normal=(-0.06, 1.00, 0.06);(800.00, 109.09, -256.00) normal=(-0.06, 1.00, 0.06);(800.14, 109.10, -256.00) normal=(-0.06, 1.00, 0.06)
time=220.0799 position=(803.29, 110.32, -269.51) hit=Ground_CR117 outer ravine impulse=0 contacts=(803.72, 109.65, -270.12) normal=(-0.04, 1.00, 0.03);(803.80, 109.65, -270.00) normal=(-0.04, 1.00, 0.03);(803.51, 109.64, -270.00) normal=(-0.04, 1.00, 0.03)
time=220.2399 position=(799.31, 109.99, -263.11) hit=Ground_Mountain_0_0 impulse=0 contacts=(800.34, 109.40, -262.97) normal=(-0.05, 1.00, 0.05);(800.00, 109.40, -263.42) normal=(-0.05, 1.00, 0.05);(800.00, 109.37, -262.71) normal=(-0.05, 1.00, 0.05)
time=220.6999 position=(808.36, 110.51, -269.08) hit=Ground_CR117 outer ravine impulse=0 contacts=(808.72, 109.85, -270.03) normal=(-0.04, 1.00, 0.03);(808.74, 109.85, -270.00) normal=(-0.04, 1.00, 0.03);(808.64, 109.85, -270.00) normal=(-0.04, 1.00, 0.03)
time=221.3799 position=(828.82, 110.86, -269.65) hit=Ground_CR117 outer ravine impulse=0 contacts=(829.43, 110.13, -270.02) normal=(0.00, 1.00, 0.00);(829.44, 110.13, -270.00) normal=(0.00, 1.00, 0.00);(829.07, 110.14, -270.00) normal=(0.00, 1.00, 0.00)
time=221.6599 position=(839.18, 110.70, -279.31) hit=Ground_CR117 outer ravine impulse=0 contacts=(839.85, 109.84, -279.02) normal=(0.00, 1.00, 0.00);(839.81, 109.84, -279.66) normal=(0.00, 1.00, 0.00)
time=222.0999 position=(849.65, 110.51, -279.73) hit=Ground_CR117 gully takeoff impulse=0 contacts=(850.00, 110.04, -279.41) normal=(0.00, 1.00, 0.00);(850.00, 110.04, -280.06) normal=(0.00, 1.00, 0.00);(850.16, 110.04, -279.41) normal=(0.00, 1.00, 0.00);(850.14, 110.04, -280.06) normal=(0.00, 1.00, 0.00);(850.29, 110.04, -279.41) normal=(0.00, 1.00, 0.00);(850.28, 110.04, -280.06) normal=(0.00, 1.00, 0.00)
time=222.2399 position=(843.85, 110.62, -276.50) hit=Ground_CR117 outer ravine impulse=0 contacts=(844.58, 109.84, -275.80) normal=(0.00, 1.00, 0.00);(844.51, 109.84, -277.25) normal=(0.00, 1.00, 0.00)
time=222.2599 position=(849.56, 110.53, -270.86) hit=Ground_CR117 gully takeoff impulse=0 contacts=(850.21, 110.04, -270.53) normal=(0.00, 1.00, 0.00);(850.21, 110.04, -271.18) normal=(0.00, 1.00, 0.00);(850.00, 110.04, -270.53) normal=(0.00, 1.00, 0.00);(850.00, 110.04, -271.18) normal=(0.00, 1.00, 0.00)
time=222.4799 position=(849.53, 110.52, -276.73) hit=Ground_CR117 gully takeoff impulse=0 contacts=(850.00, 110.04, -276.01) normal=(0.00, 1.00, 0.00);(850.00, 110.04, -277.46) normal=(0.00, 1.00, 0.00);(850.23, 110.04, -276.02) normal=(0.00, 1.00, 0.00);(850.20, 110.04, -277.47) normal=(0.00, 1.00, 0.00);(850.24, 110.04, -276.02) normal=(0.00, 1.00, 0.00);(850.21, 110.04, -277.47) normal=(0.00, 1.00, 0.00)
time=233.8199 position=(1265.85, 104.12, -269.97) hit=Ground_CR117 gully catch impulse=311.1707 contacts=(1266.24, 103.50, -270.27) normal=(0.13, 0.99, 0.00);(1264.01, 103.79, -269.66) normal=(0.13, 0.99, 0.00);(1264.02, 103.79, -270.31) normal=(0.13, 0.99, 0.00);(1266.22, 103.51, -269.62) normal=(0.13, 0.99, 0.00);(1264.31, 103.75, -270.31) normal=(0.13, 0.99, 0.00);(1264.32, 103.75, -269.66) normal=(0.13, 0.99, 0.00)
time=233.8199 position=(1265.85, 104.12, -269.97) hit=Ground_CR117 outer ravine impulse=0 contacts=(1263.98, 103.60, -269.66) normal=(0.13, 0.99, -0.01);(1263.99, 103.60, -270.00) normal=(0.13, 0.99, -0.01);(1264.65, 103.51, -269.65) normal=(0.13, 0.99, -0.01);(1263.99, 103.58, -270.28) normal=(0.13, 0.99, -0.01)
time=233.8799 position=(1285.12, 102.08, -278.87) hit=Ground_CR117 gully catch impulse=0 contacts=(1284.70, 101.47, -279.19) normal=(0.09, 1.00, 0.00);(1283.26, 101.61, -278.55) normal=(0.09, 1.00, 0.00);(1283.27, 101.61, -279.20) normal=(0.09, 1.00, 0.00);(1284.70, 101.47, -278.54) normal=(0.09, 1.00, 0.00);(1283.50, 101.58, -279.20) normal=(0.09, 1.00, 0.00);(1283.50, 101.58, -278.55) normal=(0.09, 1.00, 0.00)
time=234.3399 position=(1302.02, 100.56, -278.89) hit=Ground_CR117 outer ravine impulse=0 contacts=(1302.34, 99.41, -278.47) normal=(0.02, 0.99, -0.13)
time=234.6399 position=(1148.54, 65.32, -276.51) hit=Ground_CR117 outer ravine impulse=9359.479 contacts=(1147.06, 65.00, -277.23) normal=(0.00, 1.00, 0.00);(1147.06, 65.00, -277.06) normal=(0.00, 1.00, 0.00);(1147.23, 65.00, -277.23) normal=(0.00, 1.00, 0.00);(1149.41, 65.00, -275.78) normal=(0.00, 1.00, 0.00);(1147.06, 65.00, -275.78) normal=(0.00, 1.00, 0.00);(1149.41, 65.00, -277.23) normal=(0.00, 1.00, 0.00);(1148.47, 65.00, -275.00) normal=(0.00, 0.26, -0.97);(1149.41, 65.00, -275.00) normal=(0.00, 0.26, -0.97)
time=236.1799 position=(1340.44, 99.53, -270.55) hit=Ground_CR117 tangent gully return impulse=0 contacts=(1341.25, 99.20, -270.16) normal=(-0.02, 1.00, -0.04);(1341.27, 99.20, -270.17) normal=(-0.02, 1.00, -0.04);(1341.27, 99.20, -270.12) normal=(-0.02, 1.00, -0.04)
time=236.2999 position=(1342.23, 99.58, -270.55) hit=Ground_CR117 outer ravine impulse=0 contacts=(1340.81, 98.86, -270.87) normal=(-0.01, 1.00, 0.00);(1340.81, 98.86, -270.81) normal=(-0.01, 1.00, 0.00);(1340.87, 98.86, -270.87) normal=(-0.01, 1.00, 0.00)
time=236.4399 position=(1350.91, 99.68, -279.52) hit=Ground_CR117 outer ravine impulse=0 contacts=(1350.00, 99.00, -279.20) normal=(-0.01, 1.00, 0.00);(1350.00, 99.00, -279.85) normal=(-0.01, 1.00, 0.00);(1349.85, 99.00, -279.85) normal=(-0.01, 1.00, 0.00)
time=236.7999 position=(1355.80, 99.45, -279.36) hit=Ground_CR117 tangent gully return impulse=18.94543 contacts=(1356.55, 99.20, -278.63) normal=(-0.02, 1.00, -0.04)
time=240.4199 position=(1380.85, 103.55, -208.62) hit=Ground_CR117 outer ravine impulse=0 contacts=(1380.70, 102.78, -207.79) normal=(-0.06, 0.98, -0.19);(1381.33, 102.79, -207.92) normal=(-0.06, 0.98, -0.19)
time=240.4999 position=(1388.53, 103.05, -214.61) hit=Ground_CR117 outer ravine impulse=0 contacts=(1388.93, 102.26, -213.93) normal=(-0.05, 0.99, -0.14);(1389.03, 102.26, -213.96) normal=(-0.05, 0.99, -0.14);(1388.94, 102.26, -213.94) normal=(-0.05, 0.99, -0.14)
