Bird (305.653, 69.094, 307.123) away=(-0.999, 0.000, -0.051)
Squirrel (456.552, 84.168, 130.334) away=(0.838, 0.000, 0.545)
Bird (488.085, 86.872, -111.533) away=(-0.885, 0.000, -0.466)
Squirrel (569.448, 24.811, -324.827) away=(0.969, 0.000, -0.245)
Bird (487.459, 23.661, -529.861) away=(-0.283, 0.000, 0.959)
Squirrel (331.615, 40.178, -409.722) away=(-0.004, 0.000, -1.000)
Bird (124.286, 37.120, -276.831) away=(0.254, 0.000, 0.967)
Squirrel (12.561, 31.351, -440.234) away=(0.997, 0.000, -0.075)
Bird (-130.601, 29.745, -566.588) away=(-0.039, 0.000, 0.999)
Squirrel (-368.451, 7.003, -576.083) away=(-0.111, 0.000, -0.994)
Bird (-605.377, 5.859, -533.719) away=(0.040, 0.000, 0.999)
Squirrel (-637.944, 6.658, -314.861) away=(-1.000, 0.000, -0.021)
Frog (453.349, 20.824, -374.591) away=(-0.883, 0.000, -0.469)
Frog (452.597, 20.767, -365.559) away=(-0.999, 0.000, 0.035)
Frog (453.985, 20.834, -356.603) away=(-0.848, 0.000, 0.530)
