Bird (574.792, 79.021, 104.207) away=(0.950, 0.000, 0.314)
Squirrel (444.341, 77.111, 179.435) away=(-0.515, 0.000, -0.857)
Squirrel (196.843, 50.409, 280.713) away=(0.110, 0.000, -0.994)
Bird (59.003, 34.082, 264.326) away=(-0.432, 0.000, 0.902)
Squirrel (-49.450, 26.264, 167.313) away=(0.676, 0.000, -0.737)
Bird (-136.949, 26.306, 55.846) away=(-0.986, 0.000, 0.167)
Squirrel (-79.360, 37.363, -69.378) away=(0.803, 0.000, 0.596)
Bird (31.036, 35.801, -153.745) away=(-0.140, 0.000, -0.990)
Squirrel (171.035, 40.263, -153.311) away=(0.265, 0.000, 0.964)
Bird (284.752, 51.018, -247.263) away=(-0.547, 0.000, -0.837)
Squirrel (416.576, 36.668, -270.596) away=(-0.089, 0.000, 0.996)
Frog (575.481, 79.751, 7.553) away=(-0.924, 0.000, 0.383)
Frog (575.481, 79.612, -47.553) away=(-0.924, 0.000, -0.383)
Frog (579.646, 79.326, -56.000) away=(-0.866, 0.000, -0.500)
