SCENE MountainLoop
WATER Fern creek bed pos=(880.24, 111.49, -84.92) rot=(338.30, 72.63, 0.00) scale=(38.00, 0.03, 1.50) surface=111.51
   1.20 -2.68 -3.22 -2.36 -1.45 -1.36 -1.36 -1.36 -1.51 -2.39 -1.14 -0.22  3.70
   1.20 -2.69 -3.23 -2.37 -1.46 -1.37 -1.37 -1.37 -1.52 -2.39 -1.13 -0.24  3.54
   1.19 -2.71 -3.23 -2.38 -1.48 -1.38 -1.38 -1.38 -1.53 -2.40 -1.11 -0.25  3.38
   1.19 -2.72 -3.23 -2.39 -1.49 -1.40 -1.40 -1.39 -1.53 -2.40 -1.10 -0.27  3.22
   1.19 -2.73 -3.23 -2.39 -1.51 -1.41 -1.41 -1.40 -1.54 -2.40 -1.08 -0.29  3.06
   1.18 -2.73 -3.23 -2.40 -1.52 -1.42 -1.42 -1.41 -1.54 -2.41 -1.06 -0.31  2.90
   1.18 -2.73 -3.24 -2.40 -1.53 -1.43 -1.43 -1.43 -1.55 -2.41 -1.05 -0.32  2.74
   1.18 -2.73 -3.24 -2.41 -1.54 -1.45 -1.44 -1.44 -1.55 -2.42 -1.03 -0.34  2.59
   1.17 -2.73 -3.25 -2.42 -1.55 -1.46 -1.45 -1.45 -1.56 -2.42 -1.02 -0.36  2.43
   1.17 -2.75 -3.26 -2.43 -1.57 -1.47 -1.46 -1.46 -1.56 -2.43 -1.00 -0.38  2.27
   1.15 -2.76 -3.27 -2.45 -1.58 -1.48 -1.48 -1.47 -1.57 -2.43 -0.99 -0.40  2.11
   1.13 -2.78 -3.28 -2.46 -1.59 -1.49 -1.49 -1.48 -1.57 -2.43 -0.97 -0.41  2.05
   1.11 -2.80 -3.29 -2.47 -1.60 -1.51 -1.50 -1.49 -1.58 -2.44 -0.95 -0.43  2.06
   1.09 -2.81 -3.30 -2.48 -1.61 -1.52 -1.51 -1.51 -1.58 -2.43 -0.97 -0.45  2.07
   1.07 -2.83 -3.31 -2.49 -1.62 -1.53 -1.52 -1.52 -1.59 -2.42 -1.00 -0.46  2.08
   1.06 -2.85 -3.32 -2.50 -1.64 -1.54 -1.53 -1.53 -1.60 -2.41 -1.04 -0.48  2.09
   1.04 -2.86 -3.33 -2.51 -1.65 -1.56 -1.55 -1.54 -1.61 -2.39 -1.07 -0.50  2.09
   1.02 -2.88 -3.34 -2.52 -1.66 -1.57 -1.56 -1.55 -1.62 -2.38 -1.11 -0.51  2.10
   1.00 -2.90 -3.35 -2.53 -1.67 -1.58 -1.57 -1.56 -1.64 -2.37 -1.14 -0.53  2.11
   0.98 -2.91 -3.36 -2.54 -1.68 -1.59 -1.58 -1.57 -1.65 -2.35 -1.18 -0.55  2.12
   0.97 -2.93 -3.37 -2.55 -1.70 -1.60 -1.59 -1.59 -1.66 -2.34 -1.21 -0.57  2.13
   0.95 -2.94 -3.38 -2.56 -1.71 -1.62 -1.60 -1.60 -1.67 -2.33 -1.25 -0.58  2.13
   0.93 -2.96 -3.38 -2.57 -1.73 -1.63 -1.62 -1.61 -1.69 -2.31 -1.28 -0.60  2.14
   0.93 -2.97 -3.38 -2.58 -1.75 -1.64 -1.63 -1.62 -1.70 -2.30 -1.31 -0.62  2.15
   0.93 -2.98 -3.39 -2.59 -1.76 -1.65 -1.64 -1.63 -1.71 -2.28 -1.35 -0.63  2.11
WATER Friend's lake - visible shoreline pos=(642.00, 78.00, -20.00) rot=(0.00, 0.00, 0.00) scale=(134.00, 0.04, 134.00) surface=78.02
    .     .     .     .     .     .   -0.20   .     .     .     .     .     .  
    .     .     .     .   -0.17 -0.05  0.02 -0.05 -0.18   .     .     .     .  
    .     .     .   -0.17  0.10  0.34  0.42  0.34  0.10 -8.74   .     .     .  
    .     .     .    0.09  0.47  0.63  0.65  0.63  0.47 -8.32   .     .     .  
    .     .   -0.09  0.42  0.65  0.65  0.65  0.65  0.65 -7.88 -7.99   .     .  
    .     .    0.16  0.63  0.65  0.65  0.65  0.65  0.65 -7.42 -7.44   .     .  
    .   -1.59  0.39  0.65  0.65  0.65  0.65  0.65  0.65 -6.96 -6.91 -6.93   .  
    .   -1.56  0.43  0.65  0.65  0.65  0.65  0.65  0.65 -6.49 -6.38 -4.56   .  
    .   -1.53  0.47  0.65  0.65  0.65  0.65  0.65  0.65 -6.00 -5.86 -4.46   .  
    .   -1.49  0.50  0.65  0.65  0.65  0.65  0.65  0.65 -5.35 -5.36 -4.30   .  
    .   -1.44  0.54  0.65  0.65  0.65  0.65  0.65  0.65 -3.01 -4.99 -4.18   .  
    .   -1.39  0.57  0.65  0.65  0.65  0.65  0.65  0.65  0.41 -4.65 -4.10   .  
  -3.31 -1.35  0.60  0.65  0.65  0.65  0.65  0.65  0.65  0.65 -2.16 -3.83 -3.21
    .   -1.32  0.62  0.65  0.65  0.65  0.65  0.65  0.65  0.65  0.65 -0.07   .  
    .   -1.31  0.63  0.65  0.65  0.65  0.65  0.65  0.65  0.65  0.65  0.34   .  
    .   -1.33  0.62  0.65  0.65  0.65  0.65  0.65  0.65  0.65  0.65  0.24   .  
    .   -1.22  0.65  0.65  0.65  0.65  0.65  0.65  0.65  0.65  0.65  0.10   .  
    .   -1.33  0.59  0.65  0.65  0.65  0.65  0.65  0.65  0.65  0.59 -0.54   .  
    .   -1.48  0.42  0.65  0.65  0.65  0.65  0.65  0.65  0.65 -0.21 -0.57   .  
    .     .    0.16  0.63  0.65  0.65  0.65  0.65  0.65  0.63 -0.64   .     .  
    .     .   -0.09  0.42  0.65  0.65  0.65  0.65  0.65  0.42 -0.70   .     .  
    .     .     .    0.09  0.47  0.63  0.65  0.63  0.47  0.09   .     .     .  
    .     .     .   -0.17  0.10  0.34  0.42  0.34  0.10 -0.17   .     .     .  
    .     .     .     .   -0.18 -0.05  0.02 -0.05 -0.17   .     .     .     .  
    .     .     .     .     .     .   -0.20   .     .     .     .     .     .  
WATER J1 flowing creek pos=(364.55, 73.87, 234.86) rot=(0.00, 296.33, 0.00) scale=(65.00, 0.05, 20.00) surface=73.90
  -8.28 -8.31 -8.33 -7.96 -3.96 -0.97 -0.89 -0.95 -3.26 -5.74 -5.57-11.59 -3.89
  -8.27 -8.30 -8.32 -7.85 -3.64 -0.72 -0.64 -0.71 -3.12 -5.73 -5.60 -4.80 -3.90
  -8.26 -8.30 -8.30 -7.75 -3.40 -0.48 -0.39 -0.46 -2.97 -5.72 -5.61 -4.82 -3.91
  -8.25 -8.29 -8.28 -7.63 -3.23 -0.23 -0.14 -0.21 -2.83 -5.70 -5.62 -4.83 -3.93
  -8.24 -8.28 -8.25 -7.52 -3.08  0.03  0.11  0.03 -2.67 -5.68 -5.63 -4.83 -3.95
  -8.23 -8.27 -8.23 -7.41 -2.93  0.27  0.37  0.30 -2.52 -5.67 -5.63 -4.85 -3.97
  -8.22 -8.26 -8.19 -7.29 -2.77  0.53  0.62  0.54 -2.37 -5.65 -5.64 -4.86 -3.98
  -8.21 -8.25 -8.16 -7.19 -2.61  0.65  0.65  0.64 -2.21 -5.62 -5.65 -4.87 -3.98
  -8.20 -8.24 -8.12 -7.10 -2.45  0.65  0.65  0.65 -2.06 -5.61 -5.66 -4.88 -3.98
  -8.18 -8.23 -8.08 -7.01 -2.29  0.65  0.65  0.65 -1.89 -5.59 -5.67 -4.89 -3.98
  -8.17 -8.21 -8.04 -6.96 -2.13  0.65  0.65  0.65 -1.73 -5.56 -5.67 -4.89 -3.98
  -8.16 -8.19 -8.00 -6.90 -1.97  0.65  0.65  0.65 -1.58 -5.54 -5.67 -4.88 -3.98
  -8.15 -8.17 -7.96 -6.87 -1.80  0.65  0.65  0.65 -1.43 -5.51 -5.67 -4.89 -3.98
  -8.13 -8.15 -7.92 -6.85 -1.73  0.65  0.65  0.65 -1.33 -5.50 -5.68 -4.90 -3.98
  -8.12 -8.12 -7.88 -6.84 -1.81  0.65  0.65  0.65 -1.44 -5.52 -5.68 -4.90 -3.99
  -8.10 -8.09 -7.84 -6.90 -2.14  0.62  0.65  0.61 -1.84 -5.56 -5.68 -4.90 -3.99
  -8.08 -8.06 -7.81 -6.97 -2.72  0.35  0.24  0.50 -2.33 -5.65 -5.67 -4.89 -4.00
  -8.06 -8.02 -7.77 -7.05 -3.39 -0.60 -0.46 -0.51 -3.01 -5.76 -5.66 -4.88 -3.99
  -8.02 -7.98 -7.74 -7.16 -4.09 -1.72 -1.65 -1.66 -3.72 -5.85 -5.66 -4.88 -3.98
  -7.98 -7.94 -7.71 -7.24 -4.75 -2.79 -2.74 -2.77 -4.35 -5.96 -5.66 -4.87 -3.98
  -7.93 -7.88 -7.68 -7.31 -5.25 -3.72 -3.63 -3.68 -4.88 -6.03 -5.65 -4.87 -3.98
  -7.87 -7.81 -7.65 -7.36 -5.56 -4.25 -4.16 -4.14 -5.26 -6.08 -5.64 -4.87 -3.98
  -7.80 -7.74 -7.61 -7.34 -5.62 -4.27 -4.39 -4.31 -5.33 -6.08 -5.63 -4.86 -3.97
  -7.72 -7.65 -7.55 -7.29 -5.45 -4.07 -4.05 -4.09 -5.15 -6.05 -5.62 -4.86 -3.97
  -7.63 -7.55 -7.49 -7.21 -5.21 -3.70 -3.67 -3.72 -4.92 -6.01 -5.61 -4.85 -3.96
WATER House 3 swimming pool pos=(416.00, 34.65, -197.00) rot=(0.00, 0.00, 0.00) scale=(18.00, 0.08, 16.00) surface=34.69
  -0.20 -0.20 -0.20 -0.20 -0.20 -0.20 -0.20 -0.20 -0.20 -0.20 -0.20 -0.20 -0.20
  -0.20  1.34  1.34  1.34  1.34  1.34  1.34  1.34  1.34  1.34  0.91  0.91 -0.20
  -0.20  1.34  1.34  1.34  1.34  1.34  1.34  1.34  1.34  1.34  1.34  1.34 -0.20
  -0.20  1.34  1.34  1.34  1.34  1.34  1.34  1.34  1.34  1.34  1.34  1.34 -0.20
  -0.20  1.34  1.34  1.34  1.34  1.34  1.34  1.34  1.34  1.34  1.34  1.34 -0.20
  -0.20  1.34  1.34  1.34  1.34  1.34  1.34  1.34  1.34  1.34  1.34  1.34 -0.20
  -0.20  1.34  1.34  1.34  1.34  1.34  1.34  1.34  1.34  1.34  1.34  1.34 -0.20
  -0.20  1.34  1.34  1.34  1.34  1.34  1.34  1.34  1.34  1.34  1.34  1.34 -0.20
  -0.20  1.34  1.34  1.34  1.34  1.34  1.34  1.34  1.34  1.34  1.34  1.34 -0.20
  -0.20  1.34  1.34  1.34  1.34  1.34  1.34  1.34  1.34  1.34  1.34  1.34 -0.20
  -0.20  1.34  1.34  1.34  1.34  1.34  1.34  1.34  1.34  1.34  1.34  1.34 -0.20
  -0.20  1.34  1.34  1.34  1.34  1.34  1.34  1.34  1.34  1.34  1.34  1.34 -0.20
  -0.20  1.34  1.34  1.34  1.34  1.34  1.34  1.34  1.34  1.34  1.34  1.34 -0.20
  -0.20  1.34  1.34  1.34  1.34  1.34  1.34  1.34  1.34  1.34  1.34  1.34 -0.20
  -0.20  1.34  1.34  1.34  1.34  1.34  1.34  1.34  1.34  1.34  1.34  1.34 -0.20
  -0.20  1.34  1.34  1.34  1.34  1.34  1.34  1.34  1.34  1.34  1.34  1.34 -0.20
  -0.20  1.34  1.34  1.34  1.34  1.34  1.34  1.34  1.34  1.34  1.34  1.34 -0.20
  -0.20  1.34  1.34  1.34  1.34  1.34  1.34  1.34  1.34  1.34  1.34  1.34 -0.20
  -0.20  1.34  1.34  1.34  1.34  1.34  1.34  1.34  1.34  1.34  1.34  1.34 -0.20
  -0.20  1.34  1.34  1.34  1.34  1.34  1.34  1.34  1.34  1.34  1.34  1.34 -0.20
  -0.20  1.34  1.34  1.34  1.34  1.34  1.34  1.34  1.34  1.34  1.34  1.34 -0.20
  -0.20  1.34  1.34  1.34  1.34  1.34  1.34  1.34  1.34  1.34  1.34  1.34 -0.20
  -0.20  1.34  1.34  1.34  1.34  1.34  1.34  1.34  1.34  1.34  1.34  1.34 -0.20
  -0.20  1.34  1.34  1.34  1.34  1.34  1.34  1.34  1.34  1.34  1.34  1.34 -0.20
  -0.20 -0.20 -0.20 -0.20 -0.20 -0.20 -0.20 -0.20 -0.20 -0.20 -0.20 -0.20 -0.20
WATER Creek surface pos=(460.59, 20.61, -365.84) rot=(1.34, 272.03, 0.00) scale=(22.00, 0.05, 5.00) surface=20.64
  -1.12 -0.25 -0.25 -0.26 -0.26 -0.26 -0.25 -0.24 -0.24 -0.24 -0.24 -0.24 -0.79
  -1.12 -0.25 -0.24 -0.24 -0.23 -0.22 -0.22 -0.22 -0.22 -0.22 -0.22 -0.22 -0.79
  -1.11 -0.21 -0.20 -0.20 -0.19 -0.19 -0.19 -0.19 -0.20 -0.20 -0.20 -0.21 -0.79
  -1.09 -0.16 -0.16 -0.16 -0.16 -0.16 -0.16 -0.17 -0.17 -0.18 -0.19 -0.19 -0.79
  -1.07 -0.12 -0.12 -0.12 -0.13 -0.13 -0.14 -0.14 -0.14 -0.14 -0.13 -0.13 -0.79
  -1.06 -0.08 -0.08 -0.09 -0.09 -0.10 -0.10 -0.09 -0.09 -0.08 -0.07 -0.07 -0.80
  -1.04 -0.04 -0.04 -0.05 -0.05 -0.05 -0.05 -0.04 -0.03 -0.02 -0.02 -0.02 -0.80
  -1.04 -0.01 -0.01 -0.01 -0.01 -0.01  0.00  0.01  0.02  0.03  0.04  0.01 -0.81
  -1.05  0.02  0.02  0.02  0.03  0.04  0.05  0.06  0.08  0.09  0.09  0.04 -0.80
  -1.05  0.05  0.06  0.06  0.07  0.08  0.10  0.10  0.10  0.10  0.10  0.04 -0.80
  -1.06  0.07  0.09  0.10  0.11  0.11  0.10  0.10  0.10  0.10  0.10  0.05 -0.79
  -1.06  0.09  0.11  0.11  0.11  0.11  0.11  0.10  0.10  0.10  0.10  0.06 -0.79
  -1.05  0.10  0.11  0.11  0.11  0.11  0.11  0.10  0.10  0.10  0.10  0.06 -0.79
  -1.04  0.10  0.11  0.11  0.11  0.11  0.11  0.10  0.10  0.10  0.10  0.06 -0.78
  -1.03  0.10  0.11  0.11  0.11  0.11  0.10  0.10  0.09  0.09  0.09  0.05 -0.78
  -1.01  0.10  0.11  0.10  0.09  0.09  0.08  0.08  0.07  0.07  0.08  0.04 -0.78
  -1.01  0.08  0.08  0.07  0.06  0.06  0.06  0.05  0.06  0.06  0.07  0.04 -0.78
  -1.02  0.05  0.04  0.03  0.03  0.03  0.03  0.03  0.04  0.05  0.06  0.04 -0.78
  -1.03  0.01  0.01  0.00  0.00  0.00  0.01  0.01  0.02  0.03  0.03  0.01 -0.83
  -1.03 -0.03 -0.03 -0.03 -0.03 -0.02 -0.02 -0.02 -0.02 -0.01 -0.01 -0.04 -0.88
  -1.04 -0.07 -0.07 -0.06 -0.06 -0.06 -0.06 -0.06 -0.05 -0.06 -0.06 -0.08 -0.92
  -1.06 -0.10 -0.10 -0.09 -0.09 -0.09 -0.09 -0.09 -0.09 -0.10 -0.10 -0.13 -0.97
  -1.11 -0.13 -0.13 -0.12 -0.12 -0.13 -0.13 -0.13 -0.13 -0.14 -0.15 -0.16 -1.01
  -1.16 -0.16 -0.16 -0.16 -0.16 -0.16 -0.16 -0.17 -0.18 -0.19 -0.20 -0.21 -1.05
  -1.21 -0.19 -0.19 -0.19 -0.19 -0.20 -0.21 -0.22 -0.23 -0.24 -0.25 -0.26 -1.08
WATER Rear swimming pool pos=(397.31, 79.88, -12.46) rot=(0.00, 91.67, 0.00) scale=(11.80, 0.04, 6.80) surface=79.90
   0.06  0.06  0.06  0.06  0.06  0.06  0.06  0.06  0.06  0.06  0.06  0.06  0.06
   0.06  0.06  0.06  0.06  0.06  0.06  0.06  0.06  0.06  0.06  0.06  0.06  0.06
   0.06  0.06  0.06  0.06  0.06  0.06  0.06  0.06  0.06  0.06  0.06  0.06  0.06
   0.06  0.06  0.06  0.06  0.06  0.06  0.06  0.06  0.06  0.06  0.06  0.06  0.06
   0.06  0.06  0.06  0.06  0.06  0.06  0.06  0.06  0.06  0.06  0.06  0.06  0.06
   0.06  0.06  0.06  0.06  0.06  0.06  0.06  0.06  0.06  0.06  0.06  0.06  0.06
   0.06  0.06  0.06  0.06  0.06  0.06  0.06  0.06  0.06  0.06  0.06  0.06  0.06
   0.06  0.06  0.06  0.06  0.06  0.06  0.06  0.06  0.06  0.06  0.06  0.06  0.06
   0.06  0.06  0.06  0.06  0.06  0.06  0.06  0.06  0.06  0.06  0.06  0.06  0.06
   0.06  0.06  0.06  0.06  0.06  0.06  0.06  0.06  0.06  0.06  0.06  0.06  0.06
   0.06  0.06  0.06  0.06  0.06  0.06  0.06  0.06  0.06  0.06  0.06  0.06  0.06
   0.06  0.06  0.06  0.06  0.06  0.06  0.06  0.06  0.06  0.06  0.06  0.06  0.06
   0.06  0.06  0.06  0.06  0.06  0.06  0.06  0.06  0.06  0.06  0.06  0.06  0.06
   0.06  0.06  0.06  0.06  0.06  0.06  0.06  0.06  0.06  0.06  0.06  0.06  0.06
   0.06  0.06  0.06  0.06  0.06  0.06  0.06  0.06  0.06  0.06  0.06  0.06  0.06
   0.06  0.06  0.06  0.06  0.06  0.06  0.06  0.06  0.06  0.06  0.06  0.06  0.06
   0.06  0.06  0.06  0.06  0.06  0.06  0.06  0.06  0.06  0.06  0.06  0.06  0.06
   0.06  0.06  0.06  0.06  0.06  0.06  0.06  0.06  0.06  0.06  0.06  0.06  0.06
   0.06  0.06  0.06  0.06  0.06  0.06  0.06  0.06  0.06  0.06  0.06  0.06  0.06
   0.06  0.06  0.06  0.06  0.06  0.06  0.06  0.06  0.06  0.06  0.06  0.06  0.06
   0.06  0.06  0.06  0.06  0.06  0.06  0.06  0.06  0.06  0.06  0.06  0.06  0.06
   0.06  0.06  0.06  0.06  0.06  0.06  0.06  0.06  0.06  0.06  0.06  0.06  0.06
   0.06  0.06  0.06  0.06  0.06  0.06  0.06  0.06  0.06  0.06  0.06  0.06  0.06
   0.06  0.06  0.06  0.06  0.06  0.06  0.06  0.06  0.06  0.06  0.06  0.06  0.06
   0.06  0.06  0.06  0.06  0.06  0.06  0.06  0.06  0.06  0.06  0.06  0.06  0.06
WATER House 3 lake pos=(384.00, 33.35, -194.10) rot=(0.00, 0.00, 0.00) scale=(38.00, 0.04, 23.00) surface=33.37
    .     .     .     .     .     .   -0.03   .     .     .     .     .     .  
    .     .     .     .   -0.03  0.03  0.03  0.03 -0.03   .     .     .     .  
    .     .     .   -0.03  0.15  0.52  0.52  0.52  0.17 -0.03   .     .     .  
    .     .     .    0.49  0.52  0.52  0.52  0.52  0.52  0.49   .     .     .  
    .     .   -0.03  0.52  0.52  0.52  0.52  0.52  0.52  0.52 -0.03   .     .  
    .     .    0.40  0.52  0.52  0.52  0.52  0.52  0.52  0.52  0.40   .     .  
    .   -0.03  0.52  0.52  0.52  0.52  0.52  0.52  0.52  0.52  0.52 -0.03   .  
    .   -0.03  0.52  0.52  0.52  0.52  0.52  0.52  0.52  0.52  0.52 -0.03   .  
    .    0.26  0.52  0.52  0.52  0.52  0.52  0.52  0.52  0.52  0.52  0.45   .  
    .    0.52  0.52  0.52  0.52  0.52  0.52  0.52  0.52  0.52  0.52  0.52   .  
    .    0.52  0.52  0.52  0.52  0.52  0.52  0.52  0.52  0.52  0.52  0.52   .  
    .    0.52  0.52  0.52  0.52  0.52  0.52  0.52  0.52  0.52  0.52  0.52   .  
  -0.03  0.52  0.52  0.52  0.52  0.52  0.52  0.52  0.52  0.52  0.52  0.52 -0.03
    .    0.52  0.52  0.52  0.52  0.52  0.52  0.52  0.52  0.52  0.52  0.52   .  
    .    0.52  0.52  0.52  0.52  0.52  0.52  0.52  0.52  0.52  0.52  0.52   .  
    .    0.52  0.52  0.52  0.52  0.52  0.52  0.52  0.52  0.52  0.52  0.52   .  
    .    0.23  0.52  0.52  0.52  0.52  0.52  0.52  0.52  0.52  0.52  0.15   .  
    .   -0.03  0.52  0.52  0.52  0.52  0.52  0.52  0.52  0.52  0.52 -0.03   .  
    .   -0.03  0.52  0.52  0.52  0.52  0.52  0.52  0.52  0.52  0.52 -0.03   .  
    .     .    0.52  0.52  0.52  0.52  0.52  0.52  0.52  0.52  0.34   .     .  
    .     .   -0.03  0.52  0.52  0.52  0.52  0.52  0.52  0.52 -0.03   .     .  
    .     .     .    0.27  0.52  0.52  0.52  0.52  0.52  0.27   .     .     .  
    .     .     .   -0.03  0.32  0.52  0.52  0.52  0.32 -0.03   .     .     .  
    .     .     .     .   -0.03 -0.03 -0.03 -0.03 -0.04   .     .     .     .  
    .     .     .     .     .     .   -0.05   .     .     .     .     .     .  
