SCENE DansBackyardForward
WATER Reverse optional forest shortcuts/Shallow drain ripple footprint surface=34.05 round=False size=2.7x2.5 depth n=389 min=-19.04 max=-18.46 mean=-18.75 outsideDrops(<-.12)=0 worst=0.00 insideAbove=64 worst=19.03
  outside-minus-surface: 19.14 19.12 19.09 19.06 19.03 19.00 18.96 18.93 18.89 18.85 18.81 18.77 18.74 18.70 18.67 18.64 18.60 18.59 18.57 18.55 18.53 18.51 18.49 18.47 18.45 18.44 18.42 18.41 18.40 18.38 18.37 18.36 18.35 18.38 18.41 18.44 18.47 18.50 18.53 18.57 18.60 18.64 18.68 18.72 18.75 18.79 18.82 18.85 18.88 18.90 18.92 18.94 18.96 18.98 19.00 19.02 19.04 19.06 19.07 19.09 19.10 19.11 19.12 19.13
WATER Reverse optional forest shortcuts/Shallow drain ripple footprint surface=33.84 round=False size=2.7x2.5 depth n=390 min=-19.03 max=-18.49 mean=-18.76 outsideDrops(<-.12)=0 worst=0.00 insideAbove=64 worst=19.04
  outside-minus-surface: 19.15 19.13 19.10 19.07 19.04 19.01 18.98 18.94 18.90 18.86 18.83 18.79 18.75 18.72 18.68 18.65 18.62 18.60 18.58 18.56 18.54 18.52 18.50 18.49 18.47 18.45 18.43 18.42 18.41 18.39 18.38 18.37 18.36 18.39 18.42 18.44 18.47 18.51 18.54 18.57 18.61 18.65 18.68 18.72 18.76 18.79 18.82 18.86 18.89 18.91 18.93 18.95 18.97 18.99 19.01 19.03 19.05 19.06 19.08 19.09 19.11 19.12 19.13 19.14
WATER Reverse optional forest shortcuts/Shallow drain ripple footprint surface=32.74 round=False size=2.7x2.5 depth n=405 min=-18.59 max=-17.97 mean=-18.28 outsideDrops(<-.12)=0 worst=0.00 insideAbove=64 worst=18.58
  outside-minus-surface: 18.69 18.67 18.65 18.62 18.60 18.57 18.54 18.51 18.47 18.44 18.40 18.37 18.33 18.30 18.27 18.24 18.21 18.18 18.16 18.14 18.11 18.09 18.07 18.04 18.02 17.99 17.97 17.95 17.94 17.92 17.90 17.89 17.87 17.89 17.92 17.94 17.97 18.00 18.03 18.06 18.09 18.12 18.16 18.19 18.23 18.26 18.29 18.32 18.35 18.37 18.40 18.42 18.45 18.47 18.50 18.52 18.54 18.57 18.59 18.61 18.63 18.65 18.66 18.68
WATER Reverse optional forest shortcuts/Shallow drain ripple footprint surface=36.27 round=False size=2.7x2.5 depth n=391 min=-18.20 max=-17.62 mean=-17.91 outsideDrops(<-.12)=0 worst=0.00 insideAbove=64 worst=18.20
  outside-minus-surface: 18.31 18.28 18.25 18.21 18.18 18.14 18.10 18.06 18.02 17.97 17.93 17.89 17.85 17.81 17.77 17.73 17.70 17.68 17.67 17.65 17.64 17.62 17.61 17.59 17.58 17.57 17.56 17.55 17.54 17.53 17.53 17.52 17.52 17.55 17.58 17.62 17.65 17.69 17.73 17.77 17.81 17.85 17.89 17.93 17.97 18.01 18.05 18.09 18.12 18.13 18.15 18.17 18.18 18.20 18.21 18.23 18.24 18.25 18.27 18.27 18.28 18.29 18.30 18.30
WATER House 3 pool and lake/House 3 swimming pool surface=34.69 round=False size=18.0x16.0 depth n=361 min=0.95 max=1.34 mean=1.34 outsideDrops(<-.12)=0 worst=0.00 insideAbove=0 worst=0.00
  outside-minus-surface: 0.20 0.20 0.20 0.20 0.20 0.25 0.20 0.38 0.20 0.20 0.20 0.20 0.20 0.20 0.26 0.20 0.20 0.20 0.20 0.20 0.20 0.20 0.20 0.20 -0.06 0.20 0.20 0.20 0.20 0.20 0.20 0.20 0.20 0.20 0.20 0.20 0.20 0.20 0.20 0.20 0.20 0.20 0.20 0.20 0.20 0.20 0.20 0.20 0.20 0.20 0.20 0.20 0.20 0.20 0.20 0.20 -0.02 0.20 0.20 0.20 0.20 0.20 0.20 0.20
WATER Reverse optional forest shortcuts/Shallow drain ripple footprint surface=35.16 round=False size=2.7x2.5 depth n=420 min=-18.75 max=-18.17 mean=-18.46 outsideDrops(<-.12)=0 worst=0.00 insideAbove=64 worst=18.74
  outside-minus-surface: 18.85 18.82 18.79 18.75 18.72 18.69 18.65 18.61 18.57 18.53 18.49 18.45 18.41 18.37 18.33 18.30 18.26 18.25 18.23 18.22 18.20 18.19 18.17 18.16 18.14 18.13 18.12 18.11 18.10 18.09 18.09 18.08 18.07 18.10 18.14 18.17 18.20 18.24 18.27 18.31 18.35 18.39 18.43 18.47 18.51 18.55 18.58 18.62 18.65 18.67 18.68 18.70 18.72 18.73 18.75 18.76 18.78 18.79 18.80 18.81 18.82 18.83 18.84 18.84
WATER Reverse optional forest shortcuts/Shallow drain ripple footprint surface=34.93 round=False size=2.7x2.5 depth n=393 min=-18.84 max=-18.26 mean=-18.55 outsideDrops(<-.12)=0 worst=0.00 insideAbove=64 worst=18.83
  outside-minus-surface: 18.94 18.91 18.88 18.84 18.81 18.78 18.74 18.70 18.66 18.62 18.58 18.54 18.50 18.46 18.43 18.39 18.36 18.34 18.33 18.31 18.30 18.28 18.27 18.25 18.24 18.22 18.21 18.20 18.19 18.19 18.18 18.17 18.16 18.19 18.22 18.25 18.29 18.32 18.36 18.40 18.44 18.48 18.52 18.55 18.59 18.63 18.66 18.70 18.73 18.75 18.76 18.78 18.80 18.81 18.83 18.85 18.86 18.87 18.89 18.90 18.91 18.92 18.92 18.93
WATER Reverse optional forest shortcuts/Shallow drain ripple footprint surface=42.79 round=False size=2.7x2.5 depth n=415 min=-20.16 max=-13.27 mean=-14.10 outsideDrops(<-.12)=0 worst=0.00 insideAbove=64 worst=20.16
  outside-minus-surface: 14.13 14.10 14.07 14.03 14.00 13.96 13.92 13.88 13.83 13.79 13.74 13.70 13.65 13.61 13.57 13.53 13.49 13.47 13.44 13.42 13.39 13.37 13.34 13.31 13.29 13.27 13.25 13.23 13.21 13.19 13.18 13.16 13.15 13.18 13.21 13.25 13.28 13.32 13.36 13.40 13.44 13.49 13.53 13.58 13.62 13.66 13.70 13.74 13.78 13.80 13.83 13.85 13.88 13.90 13.93 13.96 13.98 14.01 14.03 14.05 14.07 14.08 14.10 14.12
WATER CR081 mountain exploration/Fern creek bed surface=111.51 round=False size=38.0x1.5 depth n=391 min=-4.27 max=2.78 mean=-2.95 outsideDrops(<-.12)=34 worst=-5.23 insideAbove=47 worst=4.26
  outside-minus-surface: -2.35 1.37 2.90 3.34 3.59 3.71 3.74 3.68 3.49 3.63 3.65 3.59 2.63 1.25 0.47 0.27 -2.75 -2.93 -3.12 -3.31 -3.46 -3.41 -3.37 -3.35 -3.56 -3.76 -3.97 -4.18 -4.39 -4.60 -4.81 -5.02 -5.23 0.17 0.88 1.45 3.62 4.28 4.31 4.33 4.51 4.33 4.29 4.24 4.08 3.80 3.38 1.87 -1.92 -1.95 -1.98 -2.01 -2.04 -2.07 -2.10 -2.13 -2.16 -2.19 -2.21 -2.22 -2.22 -2.24 -2.28 -2.32
WATER Reverse optional forest shortcuts/Shallow drain ripple footprint surface=36.98 round=False size=2.7x2.5 depth n=393 min=-17.81 max=-17.19 mean=-17.50 outsideDrops(<-.12)=0 worst=0.00 insideAbove=64 worst=17.79
  outside-minus-surface: 17.91 17.88 17.84 17.81 17.77 17.73 17.69 17.65 17.61 17.57 17.52 17.48 17.44 17.40 17.36 17.32 17.29 17.27 17.25 17.24 17.22 17.20 17.19 17.17 17.16 17.15 17.14 17.13 17.12 17.11 17.10 17.10 17.09 17.12 17.16 17.19 17.23 17.26 17.30 17.34 17.39 17.43 17.47 17.51 17.55 17.59 17.63 17.67 17.70 17.72 17.73 17.75 17.77 17.79 17.80 17.82 17.83 17.85 17.86 17.87 17.88 17.88 17.89 17.90
WATER Reverse optional forest shortcuts/Shallow drain ripple footprint surface=30.66 round=False size=2.7x2.5 depth n=389 min=-15.18 max=-14.75 mean=-14.97 outsideDrops(<-.12)=0 worst=0.00 insideAbove=64 worst=15.17
  outside-minus-surface: 15.25 15.26 15.26 15.26 15.27 15.27 15.27 15.27 15.27 15.27 15.26 15.26 15.25 15.24 15.23 15.23 15.22 15.19 15.16 15.12 15.09 15.06 15.02 14.98 14.95 14.91 14.88 14.84 14.81 14.77 14.74 14.71 14.68 14.68 14.68 14.67 14.67 14.67 14.67 14.66 14.67 14.67 14.67 14.68 14.68 14.69 14.70 14.70 14.71 14.74 14.77 14.80 14.84 14.87 14.91 14.94 14.98 15.02 15.05 15.09 15.12 15.16 15.19 15.22
WATER Reverse optional forest shortcuts/Shallow drain ripple footprint surface=34.26 round=False size=2.7x2.5 depth n=384 min=-19.02 max=-18.42 mean=-18.72 outsideDrops(<-.12)=0 worst=0.00 insideAbove=64 worst=19.00
  outside-minus-surface: 19.11 19.08 19.06 19.03 18.99 18.96 18.93 18.89 18.85 18.81 18.77 18.74 18.70 18.66 18.63 18.59 18.56 18.54 18.53 18.51 18.49 18.47 18.45 18.44 18.42 18.41 18.39 18.38 18.37 18.36 18.35 18.34 18.33 18.35 18.38 18.41 18.44 18.48 18.51 18.55 18.59 18.62 18.66 18.70 18.74 18.77 18.80 18.84 18.87 18.89 18.90 18.92 18.94 18.96 18.98 19.00 19.02 19.03 19.05 19.06 19.07 19.08 19.09 19.10
WATER Reverse optional forest shortcuts/Shallow drain ripple footprint surface=31.10 round=False size=2.7x2.5 depth n=393 min=-16.34 max=-15.81 mean=-16.07 outsideDrops(<-.12)=0 worst=0.00 insideAbove=64 worst=16.34
  outside-minus-surface: 16.45 16.44 16.43 16.42 16.41 16.40 16.38 16.37 16.35 16.33 16.31 16.29 16.27 16.25 16.23 16.21 16.19 16.16 16.13 16.10 16.07 16.03 16.00 15.97 15.93 15.90 15.87 15.83 15.80 15.78 15.75 15.72 15.70 15.71 15.72 15.73 15.74 15.75 15.76 15.78 15.80 15.81 15.83 15.85 15.87 15.89 15.91 15.93 15.95 15.98 16.01 16.04 16.08 16.11 16.14 16.18 16.21 16.25 16.28 16.31 16.34 16.37 16.40 16.42
WATER Reverse optional forest shortcuts/Shallow drain ripple footprint surface=32.35 round=False size=2.7x2.5 depth n=393 min=-18.15 max=-17.55 mean=-17.85 outsideDrops(<-.12)=0 worst=0.00 insideAbove=64 worst=18.15
  outside-minus-surface: 18.27 18.25 18.22 18.20 18.18 18.15 18.13 18.10 18.07 18.04 18.00 17.97 17.94 17.91 17.88 17.85 17.82 17.80 17.77 17.74 17.72 17.69 17.66 17.64 17.61 17.58 17.56 17.53 17.51 17.49 17.47 17.45 17.43 17.46 17.48 17.50 17.52 17.55 17.58 17.60 17.63 17.67 17.70 17.73 17.76 17.79 17.82 17.85 17.88 17.90 17.93 17.95 17.98 18.01 18.04 18.06 18.09 18.12 18.14 18.17 18.19 18.21 18.23 18.25
WATER Reverse optional forest shortcuts/Shallow drain ripple footprint surface=30.62 round=False size=2.7x2.5 depth n=400 min=-14.85 max=-14.39 mean=-14.62 outsideDrops(<-.12)=0 worst=0.00 insideAbove=64 worst=14.84
  outside-minus-surface: 14.84 14.85 14.86 14.87 14.88 14.89 14.90 14.91 14.92 14.92 14.93 14.93 14.93 14.93 14.93 14.93 14.93 14.90 14.87 14.84 14.81 14.77 14.74 14.70 14.67 14.63 14.60 14.56 14.53 14.49 14.46 14.43 14.40 14.39 14.38 14.37 14.36 14.35 14.34 14.33 14.32 14.32 14.31 14.31 14.31 14.31 14.31 14.31 14.31 14.34 14.37 14.40 14.43 14.46 14.49 14.53 14.57 14.60 14.64 14.67 14.71 14.74 14.77 14.81
WATER Reverse optional forest shortcuts/Shallow drain ripple footprint surface=31.37 round=False size=2.7x2.5 depth n=395 min=-16.82 max=-16.25 mean=-16.54 outsideDrops(<-.12)=0 worst=0.00 insideAbove=64 worst=16.82
  outside-minus-surface: 16.93 16.91 16.90 16.89 16.87 16.86 16.84 16.82 16.80 16.78 16.75 16.73 16.71 16.68 16.66 16.64 16.62 16.59 16.56 16.53 16.50 16.46 16.43 16.40 16.37 16.34 16.30 16.28 16.25 16.22 16.19 16.17 16.15 16.16 16.17 16.19 16.20 16.22 16.23 16.25 16.27 16.29 16.32 16.34 16.36 16.39 16.41 16.43 16.45 16.48 16.51 16.54 16.57 16.60 16.64 16.67 16.70 16.73 16.76 16.79 16.82 16.85 16.88 16.90
WATER CR034-039 Woodland routes/Creek surface surface=20.64 round=False size=22.0x5.0 depth n=401 min=-1.22 max=0.12 mean=-0.10 outsideDrops(<-.12)=0 worst=0.00 insideAbove=63 worst=0.71
  outside-minus-surface: 2.06 0.50 0.36 0.37 0.38 0.40 0.42 0.45 0.47 0.46 0.43 0.40 0.39 0.38 0.39 0.58 1.60 1.54 1.47 1.41 1.35 1.29 1.29 1.28 1.27 1.27 1.26 1.26 1.25 1.23 1.21 1.20 1.18 0.41 0.16 0.18 0.19 0.20 0.20 0.20 0.20 0.20 0.20 0.20 0.20 0.20 0.19 0.19 1.93 1.95 1.94 1.93 1.91 1.90 1.89 1.89 1.88 1.87 1.86 1.85 1.84 1.85 1.90 1.98
WATER Reverse optional forest shortcuts/Shallow drain ripple footprint surface=31.79 round=False size=2.7x2.5 depth n=395 min=-17.46 max=-16.85 mean=-17.15 outsideDrops(<-.12)=0 worst=0.00 insideAbove=64 worst=17.44
  outside-minus-surface: 17.56 17.54 17.52 17.51 17.49 17.47 17.45 17.42 17.40 17.37 17.35 17.32 17.29 17.26 17.24 17.21 17.19 17.16 17.13 17.10 17.07 17.04 17.01 16.98 16.95 16.92 16.89 16.86 16.84 16.81 16.79 16.77 16.75 16.76 16.78 16.80 16.81 16.83 16.86 16.88 16.90 16.93 16.96 16.98 17.01 17.04 17.06 17.09 17.11 17.14 17.16 17.19 17.22 17.25 17.29 17.32 17.35 17.38 17.41 17.43 17.46 17.49 17.51 17.53
WATER Reverse optional forest shortcuts/Shallow drain ripple footprint surface=41.30 round=False size=2.7x2.5 depth n=391 min=-14.97 max=-14.32 mean=-14.64 outsideDrops(<-.12)=0 worst=0.00 insideAbove=64 worst=14.98
  outside-minus-surface: 15.12 15.08 15.05 15.02 14.98 14.94 14.90 14.86 14.81 14.77 14.72 14.67 14.63 14.59 14.55 14.51 14.47 14.45 14.43 14.40 14.38 14.36 14.33 14.31 14.29 14.27 14.26 14.24 14.23 14.21 14.20 14.19 14.17 14.21 14.24 14.28 14.31 14.35 14.39 14.43 14.48 14.52 14.57 14.61 14.65 14.70 14.74 14.78 14.81 14.84 14.86 14.88 14.90 14.93 14.95 14.97 14.99 15.01 15.03 15.05 15.06 15.08 15.09 15.10
WATER Reverse optional forest shortcuts/Shallow drain ripple footprint surface=37.84 round=False size=2.7x2.5 depth n=397 min=-17.28 max=-16.64 mean=-16.96 outsideDrops(<-.12)=0 worst=0.00 insideAbove=64 worst=17.27
  outside-minus-surface: 17.39 17.35 17.32 17.29 17.25 17.21 17.17 17.13 17.09 17.04 17.00 16.96 16.91 16.87 16.83 16.80 16.76 16.74 16.72 16.71 16.69 16.67 16.65 16.64 16.62 16.61 16.59 16.58 16.57 16.56 16.56 16.55 16.54 16.57 16.61 16.64 16.68 16.72 16.75 16.80 16.84 16.88 16.92 16.97 17.01 17.05 17.09 17.12 17.16 17.18 17.19 17.21 17.23 17.25 17.27 17.28 17.30 17.32 17.33 17.34 17.35 17.36 17.37 17.38
WATER Reverse optional forest shortcuts/Shallow drain ripple footprint surface=40.62 round=False size=2.7x2.5 depth n=389 min=-15.44 max=-14.77 mean=-15.10 outsideDrops(<-.12)=0 worst=0.00 insideAbove=64 worst=15.43
  outside-minus-surface: 15.57 15.53 15.50 15.46 15.43 15.39 15.35 15.30 15.26 15.21 15.17 15.12 15.08 15.04 15.00 14.96 14.92 14.90 14.88 14.86 14.83 14.81 14.79 14.77 14.75 14.73 14.72 14.70 14.69 14.68 14.67 14.65 14.64 14.68 14.71 14.75 14.78 14.82 14.86 14.90 14.95 14.99 15.04 15.08 15.12 15.17 15.21 15.24 15.28 15.30 15.32 15.35 15.37 15.39 15.41 15.43 15.45 15.47 15.49 15.50 15.52 15.53 15.54 15.55
WATER Reverse optional forest shortcuts/Shallow drain ripple footprint surface=31.94 round=False size=2.7x2.5 depth n=397 min=-23.96 max=-17.03 mean=-18.33 outsideDrops(<-.12)=0 worst=0.00 insideAbove=64 worst=17.63
  outside-minus-surface: 17.75 17.73 17.71 17.69 17.67 17.65 17.63 17.61 17.58 17.55 17.52 17.49 17.47 17.44 17.41 17.38 17.36 17.33 17.30 17.28 17.25 17.22 17.18 17.15 17.13 17.10 17.07 17.04 17.02 16.99 16.97 16.95 16.93 16.94 16.96 16.98 17.00 17.02 17.04 17.07 17.10 17.12 17.15 17.18 17.21 17.23 17.26 17.29 17.31 17.34 17.37 17.39 17.42 17.45 17.49 17.52 17.55 17.57 17.60 17.63 17.65 17.68 17.70 17.72
WATER Reverse optional forest shortcuts/Shallow drain ripple footprint surface=31.65 round=False size=2.7x2.5 depth n=399 min=-17.26 max=-16.65 mean=-16.96 outsideDrops(<-.12)=0 worst=0.00 insideAbove=64 worst=17.24
  outside-minus-surface: 17.36 17.34 17.32 17.31 17.29 17.27 17.25 17.23 17.21 17.18 17.16 17.13 17.10 17.08 17.05 17.03 17.01 16.98 16.95 16.92 16.89 16.86 16.83 16.80 16.76 16.73 16.70 16.68 16.65 16.62 16.60 16.58 16.55 16.57 16.59 16.60 16.62 16.64 16.66 16.68 16.70 16.73 16.75 16.78 16.80 16.83 16.85 16.88 16.90 16.93 16.96 16.99 17.02 17.05 17.08 17.11 17.14 17.17 17.20 17.23 17.26 17.28 17.31 17.33
WATER Reverse optional forest shortcuts/Shallow drain ripple footprint surface=36.61 round=False size=2.7x2.5 depth n=395 min=-18.01 max=-17.42 mean=-17.72 outsideDrops(<-.12)=0 worst=0.00 insideAbove=64 worst=18.01
  outside-minus-surface: 18.12 18.09 18.06 18.02 17.99 17.95 17.91 17.87 17.83 17.78 17.74 17.70 17.66 17.62 17.58 17.54 17.50 17.49 17.47 17.46 17.44 17.43 17.41 17.40 17.38 17.37 17.36 17.35 17.34 17.34 17.33 17.32 17.32 17.35 17.38 17.42 17.45 17.49 17.53 17.57 17.61 17.65 17.70 17.74 17.78 17.82 17.85 17.89 17.93 17.94 17.96 17.97 17.99 18.01 18.02 18.04 18.05 18.06 18.07 18.08 18.09 18.10 18.11 18.11
WATER Reverse optional forest shortcuts/Shallow drain ripple footprint surface=38.32 round=False size=2.7x2.5 depth n=391 min=-16.94 max=-16.36 mean=-16.65 outsideDrops(<-.12)=0 worst=0.00 insideAbove=64 worst=16.96
  outside-minus-surface: 17.08 17.05 17.01 16.98 16.94 16.90 16.86 16.82 16.78 16.73 16.69 16.64 16.60 16.56 16.52 16.48 16.45 16.43 16.41 16.39 16.37 16.36 16.34 16.32 16.30 16.29 16.28 16.27 16.26 16.25 16.24 16.23 16.22 16.25 16.29 16.32 16.36 16.40 16.44 16.48 16.52 16.56 16.61 16.65 16.69 16.73 16.77 16.81 16.85 16.86 16.88 16.90 16.92 16.94 16.96 16.97 16.99 17.01 17.02 17.03 17.04 17.05 17.06 17.07
WATER Reverse optional forest shortcuts/Shallow drain ripple footprint surface=30.64 round=False size=2.7x2.5 depth n=399 min=-14.14 max=-13.62 mean=-13.87 outsideDrops(<-.12)=0 worst=0.00 insideAbove=64 worst=14.13
  outside-minus-surface: 13.95 13.97 13.99 14.01 14.04 14.06 14.08 14.10 14.12 14.14 14.16 14.17 14.19 14.20 14.21 14.22 14.23 14.21 14.19 14.16 14.13 14.11 14.08 14.05 14.02 13.99 13.95 13.92 13.89 13.86 13.82 13.78 13.73 13.72 13.70 13.69 13.67 13.65 13.64 13.62 13.60 13.59 13.57 13.56 13.55 13.54 13.53 13.52 13.50 13.53 13.55 13.57 13.60 13.63 13.65 13.68 13.71 13.75 13.78 13.81 13.84 13.87 13.90 13.93
WATER Reverse optional forest shortcuts/Shallow drain ripple footprint surface=35.97 round=False size=2.7x2.5 depth n=385 min=-18.35 max=-17.82 mean=-18.08 outsideDrops(<-.12)=0 worst=0.00 insideAbove=64 worst=18.36
  outside-minus-surface: 18.48 18.44 18.41 18.38 18.34 18.30 18.27 18.22 18.18 18.14 18.10 18.06 18.02 17.98 17.94 17.90 17.87 17.85 17.84 17.82 17.81 17.79 17.78 17.77 17.75 17.74 17.73 17.72 17.71 17.71 17.70 17.70 17.69 17.72 17.75 17.79 17.82 17.86 17.90 17.94 17.98 18.02 18.06 18.10 18.14 18.18 18.22 18.25 18.29 18.30 18.32 18.33 18.35 18.37 18.38 18.39 18.41 18.42 18.43 18.44 18.45 18.46 18.46 18.47
WATER Reverse optional forest shortcuts/Shallow drain ripple footprint surface=34.70 round=False size=2.7x2.5 depth n=407 min=-18.92 max=-18.33 mean=-18.62 outsideDrops(<-.12)=0 worst=0.00 insideAbove=64 worst=18.90
  outside-minus-surface: 19.01 18.98 18.95 18.92 18.89 18.85 18.82 18.78 18.74 18.70 18.66 18.62 18.58 18.54 18.51 18.47 18.44 18.43 18.41 18.39 18.38 18.36 18.34 18.33 18.31 18.30 18.29 18.28 18.27 18.26 18.25 18.24 18.23 18.26 18.29 18.32 18.36 18.39 18.43 18.46 18.50 18.54 18.58 18.62 18.66 18.69 18.73 18.76 18.79 18.81 18.83 18.84 18.86 18.88 18.90 18.91 18.93 18.94 18.96 18.97 18.98 18.99 19.00 19.00
WATER Reverse optional forest shortcuts/Shallow drain ripple footprint surface=31.51 round=False size=2.7x2.5 depth n=403 min=-17.04 max=-16.47 mean=-16.75 outsideDrops(<-.12)=0 worst=0.00 insideAbove=64 worst=17.03
  outside-minus-surface: 17.15 17.13 17.12 17.10 17.09 17.07 17.05 17.03 17.01 16.99 16.96 16.94 16.91 16.89 16.86 16.84 16.82 16.79 16.76 16.73 16.70 16.67 16.64 16.60 16.57 16.54 16.51 16.48 16.45 16.43 16.40 16.38 16.36 16.37 16.38 16.40 16.41 16.43 16.45 16.47 16.49 16.51 16.54 16.56 16.59 16.61 16.63 16.66 16.68 16.71 16.74 16.77 16.80 16.83 16.86 16.90 16.93 16.96 16.99 17.02 17.05 17.07 17.10 17.12
WATER Reverse optional forest shortcuts/Shallow drain ripple footprint surface=32.48 round=False size=2.7x2.5 depth n=387 min=-18.29 max=-17.72 mean=-18.01 outsideDrops(<-.12)=0 worst=0.00 insideAbove=64 worst=18.30
  outside-minus-surface: 18.42 18.40 18.38 18.35 18.33 18.30 18.28 18.25 18.21 18.18 18.15 18.11 18.08 18.05 18.02 17.99 17.96 17.94 17.91 17.88 17.86 17.83 17.81 17.78 17.75 17.73 17.71 17.69 17.66 17.64 17.63 17.61 17.59 17.61 17.63 17.66 17.68 17.71 17.74 17.77 17.80 17.83 17.86 17.90 17.93 17.96 17.99 18.02 18.05 18.07 18.10 18.12 18.15 18.18 18.20 18.23 18.26 18.28 18.30 18.33 18.35 18.37 18.39 18.40
WATER Reverse optional forest shortcuts/Shallow drain ripple footprint surface=42.02 round=False size=2.7x2.5 depth n=419 min=-14.52 max=-13.79 mean=-14.15 outsideDrops(<-.12)=0 worst=0.00 insideAbove=64 worst=14.50
  outside-minus-surface: 14.64 14.61 14.57 14.54 14.50 14.46 14.42 14.38 14.34 14.29 14.24 14.20 14.15 14.11 14.07 14.03 13.99 13.97 13.95 13.92 13.90 13.87 13.85 13.83 13.81 13.78 13.76 13.75 13.73 13.72 13.70 13.69 13.68 13.71 13.74 13.78 13.81 13.85 13.89 13.93 13.98 14.02 14.07 14.11 14.15 14.20 14.24 14.28 14.31 14.34 14.36 14.38 14.41 14.43 14.46 14.48 14.50 14.52 14.54 14.56 14.58 14.60 14.61 14.63
WATER Reverse optional forest shortcuts/Shallow drain ripple footprint surface=32.61 round=False size=2.7x2.5 depth n=399 min=-18.45 max=-17.86 mean=-18.15 outsideDrops(<-.12)=0 worst=0.00 insideAbove=64 worst=18.45
  outside-minus-surface: 18.57 18.54 18.52 18.49 18.47 18.44 18.41 18.38 18.35 18.32 18.28 18.25 18.21 18.18 18.15 18.12 18.09 18.07 18.04 18.02 17.99 17.97 17.94 17.92 17.89 17.87 17.85 17.83 17.81 17.79 17.77 17.75 17.74 17.76 17.78 17.81 17.83 17.86 17.89 17.92 17.95 17.98 18.02 18.05 18.08 18.12 18.15 18.18 18.20 18.23 18.25 18.28 18.30 18.33 18.36 18.38 18.41 18.43 18.45 18.47 18.49 18.51 18.53 18.55
WATER Remembered houses and approximate buildings/Dan - blue X/Reference architecture/Rear swimming pool surface=79.90 round=False size=11.8x6.8 depth n=402 min=0.06 max=0.06 mean=0.06 outsideDrops(<-.12)=0 worst=0.00 insideAbove=0 worst=0.00
  outside-minus-surface: -0.06 -0.06 -0.06 -0.06 -0.06 -0.06 -0.06 -0.06 -0.06 -0.06 -0.06 -0.06 -0.06 -0.06 -0.06 -0.06 -0.06 -0.06 -0.06 -0.06 -0.06 -0.06 -0.06 -0.06 -0.06 -0.06 -0.06 -0.06 -0.06 -0.06 -0.06 -0.06 -0.06 -0.06 -0.06 -0.06 -0.06 -0.06 -0.06 -0.06 -0.06 -0.06 -0.06 -0.06 -0.06 -0.06 -0.06 -0.06 -0.06 -0.06 -0.06 -0.06 -0.06 -0.06 -0.06 -0.06 -0.06 -0.06 -0.06 -0.06 -0.06 -0.06 -0.06 -0.06
WATER Reverse optional forest shortcuts/Shallow drain ripple footprint surface=31.24 round=False size=2.7x2.5 depth n=397 min=-16.59 max=-16.03 mean=-16.31 outsideDrops(<-.12)=0 worst=0.00 insideAbove=64 worst=16.59
  outside-minus-surface: 16.70 16.68 16.67 16.66 16.65 16.63 16.62 16.60 16.58 16.56 16.54 16.52 16.49 16.47 16.45 16.43 16.41 16.38 16.35 16.32 16.29 16.25 16.22 16.19 16.15 16.12 16.09 16.06 16.03 16.00 15.98 15.95 15.93 15.94 15.95 15.96 15.97 15.99 16.00 16.02 16.04 16.06 16.08 16.10 16.12 16.15 16.17 16.19 16.21 16.24 16.27 16.30 16.33 16.36 16.40 16.43 16.46 16.50 16.53 16.56 16.59 16.62 16.64 16.67
WATER Reverse optional forest shortcuts/Shallow drain ripple footprint surface=33.02 round=False size=2.7x2.5 depth n=387 min=-18.79 max=-18.21 mean=-18.50 outsideDrops(<-.12)=0 worst=0.00 insideAbove=64 worst=18.80
  outside-minus-surface: 18.91 18.89 18.86 18.83 18.81 18.78 18.75 18.71 18.68 18.64 18.61 18.57 18.54 18.50 18.47 18.44 18.41 18.39 18.36 18.34 18.32 18.30 18.27 18.25 18.23 18.21 18.19 18.17 18.15 18.14 18.12 18.11 18.09 18.12 18.15 18.17 18.20 18.23 18.26 18.29 18.33 18.36 18.40 18.43 18.47 18.50 18.53 18.56 18.59 18.61 18.64 18.66 18.68 18.71 18.73 18.75 18.78 18.80 18.82 18.83 18.85 18.87 18.88 18.90
WATER Reverse optional forest shortcuts/Shallow drain ripple footprint surface=37.39 round=False size=2.7x2.5 depth n=385 min=-17.53 max=-16.96 mean=-17.25 outsideDrops(<-.12)=0 worst=0.00 insideAbove=64 worst=17.55
  outside-minus-surface: 17.66 17.63 17.60 17.57 17.53 17.49 17.45 17.41 17.37 17.32 17.28 17.24 17.19 17.15 17.11 17.08 17.04 17.02 17.01 16.99 16.97 16.96 16.94 16.92 16.91 16.89 16.88 16.87 16.86 16.85 16.85 16.84 16.83 16.86 16.90 16.93 16.97 17.00 17.04 17.08 17.13 17.17 17.21 17.25 17.30 17.33 17.37 17.41 17.44 17.46 17.48 17.50 17.51 17.53 17.55 17.57 17.58 17.60 17.61 17.62 17.63 17.64 17.65 17.66
WATER Reverse optional forest shortcuts/Shallow drain ripple footprint surface=34.48 round=False size=2.7x2.5 depth n=393 min=-18.96 max=-18.39 mean=-18.68 outsideDrops(<-.12)=0 worst=0.00 insideAbove=64 worst=18.96
  outside-minus-surface: 19.07 19.04 19.01 18.98 18.95 18.91 18.88 18.84 18.80 18.76 18.72 18.68 18.65 18.61 18.58 18.54 18.51 18.49 18.47 18.46 18.44 18.42 18.41 18.39 18.37 18.36 18.35 18.34 18.32 18.31 18.30 18.30 18.29 18.32 18.35 18.38 18.41 18.44 18.48 18.51 18.55 18.59 18.63 18.67 18.70 18.74 18.77 18.81 18.84 18.86 18.87 18.89 18.91 18.93 18.95 18.96 18.98 18.99 19.01 19.02 19.03 19.04 19.05 19.06
WATER Reverse optional forest shortcuts/Shallow drain ripple footprint surface=30.61 round=False size=2.7x2.5 depth n=398 min=-14.50 max=-14.00 mean=-14.25 outsideDrops(<-.12)=0 worst=0.00 insideAbove=64 worst=14.50
  outside-minus-surface: 14.39 14.40 14.42 14.44 14.45 14.47 14.49 14.51 14.52 14.54 14.55 14.56 14.57 14.58 14.58 14.59 14.60 14.57 14.54 14.52 14.49 14.46 14.43 14.39 14.36 14.33 14.29 14.26 14.23 14.19 14.16 14.13 14.10 14.09 14.07 14.06 14.04 14.02 14.01 13.99 13.97 13.96 13.95 13.94 13.93 13.92 13.91 13.90 13.90 13.92 13.95 13.98 14.00 14.03 14.06 14.10 14.13 14.16 14.20 14.23 14.26 14.29 14.33 14.36
WATER Reverse optional forest shortcuts/Shallow drain ripple footprint surface=33.16 round=False size=2.7x2.5 depth n=392 min=-18.88 max=-18.30 mean=-18.59 outsideDrops(<-.12)=0 worst=0.00 insideAbove=64 worst=18.88
  outside-minus-surface: 18.99 18.97 18.94 18.92 18.89 18.86 18.83 18.79 18.76 18.72 18.69 18.65 18.61 18.58 18.55 18.51 18.48 18.46 18.44 18.42 18.40 18.38 18.35 18.33 18.31 18.29 18.27 18.26 18.24 18.23 18.21 18.20 18.18 18.21 18.24 18.26 18.29 18.32 18.35 18.39 18.42 18.46 18.49 18.53 18.56 18.60 18.63 18.66 18.69 18.71 18.73 18.75 18.78 18.80 18.82 18.84 18.87 18.89 18.90 18.92 18.94 18.95 18.97 18.98
WATER Reverse optional forest shortcuts/Shallow drain ripple footprint surface=32.88 round=False size=2.7x2.5 depth n=395 min=-18.69 max=-18.12 mean=-18.40 outsideDrops(<-.12)=0 worst=0.00 insideAbove=64 worst=18.69
  outside-minus-surface: 18.81 18.79 18.76 18.74 18.71 18.68 18.65 18.62 18.58 18.55 18.51 18.48 18.44 18.41 18.38 18.34 18.31 18.29 18.27 18.25 18.22 18.20 18.18 18.15 18.13 18.11 18.09 18.07 18.05 18.04 18.02 18.00 17.99 18.01 18.04 18.06 18.09 18.12 18.15 18.18 18.22 18.25 18.29 18.32 18.35 18.39 18.42 18.45 18.48 18.50 18.52 18.55 18.57 18.60 18.62 18.64 18.67 18.69 18.71 18.73 18.75 18.76 18.78 18.79
WATER House 3 pool and lake/House 3 lake surface=33.37 round=True size=38.0x23.0 depth n=313 min=-0.08 max=0.52 mean=0.41 outsideDrops(<-.12)=0 worst=0.00 insideAbove=0 worst=0.00
  outside-minus-surface: 0.04 0.02 0.00 0.00 0.00 0.00 -0.01 -0.01 -0.02 -0.02 -0.02 -0.03 -0.04 -0.04 -0.05 -0.05 -0.05 -0.05 -0.06 -0.05 -0.05 -0.03 -0.02 0.03 0.04 0.07 0.09 0.10 0.10 0.11 0.08 0.06 0.03 0.02 0.01 0.01 0.00 0.00 0.00 0.00 0.00 0.00 -0.01 -0.01 -0.01 -0.02 -0.01 0.09 0.31 0.58 0.85 0.92 0.96 0.78 0.80 0.70 0.76 0.78 0.62 0.60 0.47 0.31 0.17 0.10
ROUTE CR081 mountain exploration/Mountain return trails / exploration only crosses Fern creek bed at path m 212-212
