SCENE DansBackyardReverse
WATER Reverse optional forest shortcuts/Shallow drain ripple footprint surface=48.65 round=False size=2.7x2.5 depth n=415 min=-3.81 max=-3.00 mean=-3.40 outsideDrops(<-.12)=0 worst=0.00 insideAbove=64 worst=3.79
  outside-minus-surface: 3.94 3.95 3.96 3.97 3.98 3.98 3.99 3.99 3.99 3.99 3.98 3.97 3.96 3.95 3.94 3.93 3.92 3.86 3.80 3.74 3.67 3.61 3.54 3.47 3.40 3.33 3.26 3.19 3.13 3.06 3.00 2.94 2.88 2.87 2.86 2.85 2.84 2.83 2.82 2.82 2.81 2.81 2.81 2.82 2.83 2.83 2.84 2.85 2.86 2.92 2.98 3.05 3.11 3.18 3.26 3.33 3.40 3.47 3.55 3.62 3.69 3.76 3.82 3.88
WATER House 3 pool and lake/House 3 swimming pool surface=34.69 round=False size=18.0x16.0 depth n=361 min=0.95 max=1.34 mean=1.34 outsideDrops(<-.12)=0 worst=0.00 insideAbove=0 worst=0.00
  outside-minus-surface: 0.20 0.20 0.20 0.20 0.20 0.25 0.20 0.38 0.20 0.20 0.20 0.20 0.20 0.20 0.26 0.20 0.20 0.20 0.20 0.20 0.20 0.20 0.20 0.20 -0.06 0.20 0.20 0.20 0.20 0.20 0.20 0.20 0.20 0.20 0.20 0.20 0.20 0.20 0.20 0.20 0.20 0.20 0.20 0.20 0.20 0.20 0.20 0.20 0.20 0.20 0.20 0.20 0.20 0.20 0.20 0.20 -0.02 0.20 0.20 0.20 0.20 0.20 0.20 0.20
WATER Reverse optional forest shortcuts/Shallow drain ripple footprint surface=32.74 round=False size=2.7x2.5 depth n=401 min=-18.60 max=-17.98 mean=-18.29 outsideDrops(<-.12)=0 worst=0.00 insideAbove=64 worst=18.59
  outside-minus-surface: 18.70 18.68 18.66 18.63 18.61 18.58 18.55 18.52 18.48 18.45 18.41 18.38 18.35 18.31 18.28 18.25 18.22 18.20 18.17 18.15 18.13 18.10 18.08 18.05 18.03 18.01 17.98 17.96 17.95 17.93 17.91 17.90 17.88 17.90 17.93 17.95 17.98 18.01 18.04 18.07 18.10 18.13 18.17 18.20 18.24 18.27 18.30 18.33 18.36 18.38 18.41 18.43 18.46 18.48 18.51 18.53 18.55 18.58 18.60 18.62 18.64 18.66 18.67 18.69
WATER Reverse optional forest shortcuts/Shallow drain ripple footprint surface=47.63 round=False size=2.7x2.5 depth n=419 min=-8.72 max=-3.23 mean=-4.02 outsideDrops(<-.12)=0 worst=0.00 insideAbove=64 worst=8.71
  outside-minus-surface: 4.17 4.18 4.19 4.20 4.20 4.21 4.22 4.22 4.22 4.21 4.21 4.20 4.19 4.18 4.16 4.15 4.14 4.09 4.03 3.96 3.90 3.84 3.77 3.70 3.63 3.56 3.49 3.42 3.35 3.29 3.23 3.17 3.11 3.10 3.09 3.08 3.07 8.26 8.30 8.34 8.39 8.43 8.48 8.52 8.57 8.61 8.65 8.69 8.72 8.75 8.77 8.79 8.82 3.41 3.48 3.55 3.63 3.70 3.77 3.85 3.92 3.98 4.05 4.11
WATER CR034-039 Woodland routes/Creek surface surface=20.64 round=False size=22.0x5.0 depth n=401 min=-1.22 max=0.12 mean=-0.10 outsideDrops(<-.12)=0 worst=0.00 insideAbove=63 worst=0.71
  outside-minus-surface: 2.06 0.50 0.36 0.37 0.38 0.40 0.42 0.45 0.47 0.46 0.43 0.40 0.39 0.38 0.39 0.58 1.60 1.54 1.47 1.41 1.35 1.29 1.29 1.28 1.27 1.27 1.26 1.26 1.25 1.23 1.21 1.20 1.18 0.41 0.16 0.18 0.19 0.20 0.20 0.20 0.20 0.20 0.20 0.20 0.20 0.20 0.19 0.19 1.93 1.95 1.94 1.93 1.91 1.90 1.89 1.89 1.88 1.87 1.86 1.85 1.84 1.85 1.90 1.98
WATER Reverse optional forest shortcuts/Shallow drain ripple footprint surface=31.65 round=False size=2.7x2.5 depth n=401 min=-17.27 max=-16.66 mean=-16.96 outsideDrops(<-.12)=0 worst=0.00 insideAbove=64 worst=17.25
  outside-minus-surface: 17.36 17.35 17.33 17.32 17.30 17.28 17.26 17.24 17.22 17.19 17.17 17.14 17.11 17.09 17.06 17.04 17.01 16.99 16.96 16.93 16.90 16.87 16.83 16.80 16.77 16.74 16.71 16.68 16.66 16.63 16.61 16.58 16.56 16.58 16.59 16.61 16.63 16.65 16.67 16.69 16.71 16.73 16.76 16.79 16.81 16.84 16.86 16.89 16.91 16.94 16.96 16.99 17.02 17.06 17.09 17.12 17.15 17.18 17.21 17.24 17.27 17.29 17.32 17.34
WATER Reverse optional forest shortcuts/Shallow drain ripple footprint surface=37.85 round=False size=2.7x2.5 depth n=391 min=-16.64 max=-16.06 mean=-16.35 outsideDrops(<-.12)=0 worst=0.00 insideAbove=64 worst=16.63
  outside-minus-surface: 16.75 16.72 16.68 16.65 16.61 16.58 16.54 16.50 16.45 16.41 16.37 16.33 16.29 16.25 16.21 16.17 16.14 16.12 16.11 16.09 16.08 16.06 16.05 16.03 16.02 16.01 16.00 15.99 15.98 15.97 15.97 15.96 15.95 15.99 16.02 16.05 16.09 16.13 16.16 16.20 16.25 16.29 16.33 16.37 16.41 16.45 16.49 16.52 16.56 16.57 16.59 16.60 16.62 16.64 16.65 16.67 16.68 16.69 16.70 16.71 16.72 16.73 16.74 16.74
WATER Reverse optional forest shortcuts/Shallow drain ripple footprint surface=40.11 round=False size=2.7x2.5 depth n=387 min=-14.82 max=-14.25 mean=-14.53 outsideDrops(<-.12)=0 worst=0.00 insideAbove=64 worst=14.83
  outside-minus-surface: 14.95 14.92 14.89 14.85 14.82 14.78 14.74 14.70 14.65 14.61 14.57 14.52 14.48 14.44 14.40 14.37 14.33 14.31 14.30 14.28 14.26 14.24 14.23 14.21 14.20 14.18 14.17 14.16 14.15 14.14 14.13 14.13 14.12 14.15 14.18 14.22 14.25 14.29 14.33 14.37 14.41 14.46 14.50 14.54 14.58 14.62 14.66 14.70 14.73 14.75 14.77 14.78 14.80 14.82 14.84 14.85 14.87 14.88 14.90 14.91 14.92 14.93 14.94 14.94
WATER CR081 mountain exploration/Fern creek bed surface=111.51 round=False size=38.0x1.5 depth n=391 min=-4.27 max=2.78 mean=-2.95 outsideDrops(<-.12)=34 worst=-5.23 insideAbove=47 worst=4.26
  outside-minus-surface: -2.35 1.37 2.90 3.34 3.59 3.71 3.74 3.68 3.49 3.63 3.65 3.59 2.63 1.25 0.47 0.27 -2.75 -2.93 -3.12 -3.31 -3.46 -3.41 -3.37 -3.35 -3.56 -3.76 -3.97 -4.18 -4.39 -4.60 -4.81 -5.02 -5.23 0.17 0.88 1.45 3.62 4.28 4.31 4.33 4.51 4.33 4.29 4.24 4.08 3.80 3.38 1.87 -1.92 -1.95 -1.98 -2.01 -2.04 -2.07 -2.10 -2.13 -2.16 -2.19 -2.21 -2.22 -2.22 -2.24 -2.28 -2.32
WATER Reverse optional forest shortcuts/Shallow drain ripple footprint surface=31.10 round=False size=2.7x2.5 depth n=393 min=-16.34 max=-15.81 mean=-16.08 outsideDrops(<-.12)=0 worst=0.00 insideAbove=64 worst=16.35
  outside-minus-surface: 16.46 16.45 16.44 16.43 16.41 16.40 16.39 16.37 16.36 16.34 16.32 16.30 16.27 16.25 16.23 16.21 16.20 16.17 16.14 16.10 16.07 16.04 16.01 15.97 15.94 15.90 15.87 15.84 15.81 15.78 15.76 15.73 15.70 15.71 15.72 15.73 15.74 15.76 15.77 15.79 15.80 15.82 15.84 15.86 15.88 15.90 15.92 15.94 15.96 15.99 16.02 16.05 16.08 16.11 16.15 16.18 16.22 16.25 16.28 16.32 16.35 16.37 16.40 16.43
WATER Reverse optional forest shortcuts/Shallow drain ripple footprint surface=31.79 round=False size=2.7x2.5 depth n=397 min=-17.46 max=-16.85 mean=-17.16 outsideDrops(<-.12)=0 worst=0.00 insideAbove=64 worst=17.45
  outside-minus-surface: 17.56 17.55 17.53 17.51 17.50 17.48 17.46 17.43 17.41 17.38 17.35 17.33 17.30 17.27 17.25 17.22 17.20 17.17 17.14 17.11 17.08 17.05 17.02 16.99 16.96 16.93 16.90 16.87 16.85 16.82 16.80 16.78 16.75 16.77 16.79 16.80 16.82 16.84 16.86 16.89 16.91 16.94 16.96 16.99 17.02 17.04 17.07 17.09 17.12 17.14 17.17 17.20 17.23 17.26 17.29 17.32 17.36 17.39 17.41 17.44 17.47 17.49 17.52 17.54
WATER Reverse optional forest shortcuts/Shallow drain ripple footprint surface=33.16 round=False size=2.7x2.5 depth n=393 min=-18.90 max=-18.31 mean=-18.60 outsideDrops(<-.12)=0 worst=0.00 insideAbove=64 worst=18.89
  outside-minus-surface: 19.01 18.98 18.96 18.93 18.90 18.87 18.84 18.80 18.77 18.73 18.70 18.66 18.63 18.59 18.56 18.53 18.49 18.47 18.45 18.43 18.41 18.39 18.37 18.34 18.32 18.30 18.29 18.27 18.25 18.24 18.22 18.21 18.20 18.22 18.25 18.28 18.30 18.33 18.36 18.40 18.43 18.47 18.50 18.54 18.57 18.61 18.64 18.67 18.70 18.72 18.74 18.77 18.79 18.81 18.83 18.86 18.88 18.90 18.92 18.93 18.95 18.97 18.98 18.99
WATER Reverse optional forest shortcuts/Shallow drain ripple footprint surface=32.61 round=False size=2.7x2.5 depth n=399 min=-18.46 max=-17.87 mean=-18.16 outsideDrops(<-.12)=0 worst=0.00 insideAbove=64 worst=18.46
  outside-minus-surface: 18.58 18.55 18.53 18.50 18.48 18.45 18.42 18.39 18.36 18.33 18.29 18.26 18.22 18.19 18.16 18.13 18.10 18.08 18.05 18.03 18.00 17.98 17.95 17.93 17.90 17.88 17.86 17.84 17.82 17.80 17.78 17.76 17.75 17.77 17.79 17.82 17.84 17.87 17.90 17.93 17.96 17.99 18.03 18.06 18.09 18.13 18.16 18.19 18.22 18.24 18.26 18.29 18.31 18.34 18.37 18.39 18.42 18.44 18.46 18.48 18.50 18.52 18.54 18.56
WATER Reverse optional forest shortcuts/Shallow drain ripple footprint surface=45.61 round=False size=2.7x2.5 depth n=389 min=-10.47 max=-9.79 mean=-10.13 outsideDrops(<-.12)=0 worst=0.00 insideAbove=64 worst=10.46
  outside-minus-surface: 10.59 10.56 10.53 10.49 10.46 10.42 10.38 10.33 10.29 10.24 10.20 4.62 4.61 4.60 4.59 4.58 4.57 9.93 9.91 9.88 9.86 9.84 9.82 9.80 9.78 9.76 9.75 9.73 9.72 9.71 9.69 9.68 9.67 9.70 9.74 9.77 9.81 9.85 9.89 9.93 9.98 10.02 10.07 10.11 10.15 10.19 10.23 10.27 10.31 10.33 10.35 10.37 10.40 10.42 10.44 10.46 10.48 10.50 10.52 10.53 10.55 10.56 10.57 10.58
WATER Reverse optional forest shortcuts/Shallow drain ripple footprint surface=34.26 round=False size=2.7x2.5 depth n=386 min=-19.03 max=-18.44 mean=-18.73 outsideDrops(<-.12)=0 worst=0.00 insideAbove=64 worst=19.01
  outside-minus-surface: 19.12 19.10 19.07 19.04 19.01 18.97 18.94 18.90 18.87 18.83 18.79 18.75 18.71 18.67 18.64 18.61 18.57 18.56 18.54 18.52 18.50 18.49 18.47 18.45 18.43 18.42 18.40 18.39 18.38 18.37 18.36 18.35 18.34 18.37 18.40 18.43 18.46 18.49 18.52 18.56 18.60 18.64 18.67 18.71 18.75 18.78 18.82 18.85 18.88 18.90 18.92 18.94 18.95 18.97 18.99 19.01 19.03 19.04 19.06 19.07 19.08 19.10 19.11 19.12
WATER Reverse optional forest shortcuts/Shallow drain ripple footprint surface=31.94 round=False size=2.7x2.5 depth n=395 min=-23.96 max=-17.04 mean=-18.36 outsideDrops(<-.12)=0 worst=0.00 insideAbove=64 worst=17.64
  outside-minus-surface: 17.76 17.74 17.72 17.70 17.68 17.66 17.64 17.61 17.59 17.56 17.53 17.50 17.47 17.45 17.42 17.39 17.37 17.34 17.31 17.28 17.25 17.22 17.19 17.16 17.13 17.11 17.08 17.05 17.03 17.00 16.98 16.96 16.94 16.95 16.97 16.99 17.01 17.03 17.05 17.08 17.10 17.13 17.16 17.19 17.22 17.24 17.27 17.29 17.32 17.35 17.37 17.40 17.43 17.46 17.49 17.52 17.55 17.58 17.61 17.64 17.66 17.69 17.71 17.73
WATER Reverse optional forest shortcuts/Shallow drain ripple footprint surface=35.55 round=False size=2.7x2.5 depth n=417 min=-18.38 max=-17.80 mean=-18.09 outsideDrops(<-.12)=0 worst=0.00 insideAbove=64 worst=18.37
  outside-minus-surface: 18.48 18.45 18.42 18.38 18.35 18.31 18.28 18.24 18.20 18.16 18.11 18.07 18.03 18.00 17.96 17.92 17.89 17.88 17.86 17.85 17.83 17.81 17.80 17.79 17.77 17.76 17.75 17.74 17.73 17.72 17.72 17.71 17.70 17.73 17.76 17.80 17.83 17.86 17.90 17.94 17.98 18.02 18.06 18.10 18.14 18.18 18.21 18.25 18.28 18.29 18.31 18.33 18.34 18.36 18.37 18.39 18.40 18.42 18.43 18.44 18.45 18.46 18.46 18.47
WATER House 3 pool and lake/House 3 lake surface=33.37 round=True size=38.0x23.0 depth n=313 min=-0.08 max=0.52 mean=0.41 outsideDrops(<-.12)=0 worst=0.00 insideAbove=0 worst=0.00
  outside-minus-surface: 0.04 0.02 0.00 0.00 0.00 0.00 -0.01 -0.01 -0.02 -0.02 -0.02 -0.03 -0.04 -0.04 -0.05 -0.05 -0.05 -0.05 -0.06 -0.05 -0.05 -0.03 -0.02 0.03 0.04 0.07 0.09 0.10 0.10 0.11 0.08 0.06 0.03 0.02 0.01 0.01 0.00 0.00 0.00 0.00 0.00 0.00 -0.01 -0.01 -0.01 -0.02 -0.01 0.09 0.31 0.58 0.85 0.92 0.96 0.78 0.80 0.70 0.76 0.78 0.62 0.60 0.47 0.31 0.17 0.10
WATER Reverse optional forest shortcuts/Shallow drain ripple footprint surface=38.56 round=False size=2.7x2.5 depth n=395 min=-16.08 max=-15.49 mean=-15.78 outsideDrops(<-.12)=0 worst=0.00 insideAbove=64 worst=16.07
  outside-minus-surface: 16.19 16.15 16.12 16.09 16.05 16.01 15.97 15.93 15.89 15.85 15.80 15.76 15.72 15.68 15.64 15.61 15.57 15.55 15.54 15.52 15.51 15.49 15.48 15.46 15.45 15.44 15.43 15.42 15.41 15.40 15.39 15.39 15.38 15.41 15.45 15.48 15.52 15.55 15.59 15.63 15.68 15.72 15.76 15.80 15.84 15.88 15.92 15.96 15.99 16.01 16.02 16.04 16.05 16.07 16.09 16.10 16.12 16.13 16.14 16.15 16.16 16.17 16.17 16.18
WATER Remembered houses and approximate buildings/Dan - blue X/Reference architecture/Rear swimming pool surface=79.90 round=False size=11.8x6.8 depth n=402 min=-0.47 max=0.06 mean=0.06 outsideDrops(<-.12)=0 worst=0.00 insideAbove=0 worst=0.00
  outside-minus-surface: 1.40 0.41 -0.06 -0.06 -0.06 -0.06 -0.06 -0.06 -0.06 -0.06 -0.06 -0.06 -0.06 -0.06 -0.06 -0.06 -0.06 -0.06 -0.06 -0.06 -0.06 -0.06 -0.06 -0.06 -0.06 -0.06 -0.06 -0.06 -0.06 -0.06 -0.06 -0.06 -0.06 -0.06 -0.06 -0.06 -0.06 -0.06 -0.06 -0.06 -0.06 -0.06 -0.06 -0.06 -0.06 -0.06 -0.06 -0.06 -0.06 -0.06 -0.06 -0.06 -0.06 -0.06 -0.06 -0.06 -0.06 -0.06 -0.06 -0.06 0.04 0.29 0.58 0.97
WATER Reverse optional forest shortcuts/Shallow drain ripple footprint surface=40.95 round=False size=2.7x2.5 depth n=397 min=-14.18 max=-13.54 mean=-13.86 outsideDrops(<-.12)=0 worst=0.00 insideAbove=64 worst=14.17
  outside-minus-surface: 14.29 14.25 14.22 14.19 14.15 14.11 14.07 14.03 13.99 13.94 13.90 13.85 13.81 13.77 13.73 13.70 13.66 13.64 13.62 13.61 13.59 13.57 13.55 13.54 13.52 13.51 13.49 13.48 13.47 13.46 13.46 13.45 13.44 13.47 13.51 13.54 13.58 13.61 13.65 13.70 13.74 13.78 13.82 13.87 13.91 13.95 13.99 14.02 14.06 14.08 14.09 14.11 14.13 14.15 14.17 14.18 14.20 14.21 14.23 14.24 14.25 14.26 14.27 14.28
WATER Reverse optional forest shortcuts/Shallow drain ripple footprint surface=32.48 round=False size=2.7x2.5 depth n=387 min=-18.30 max=-17.73 mean=-18.02 outsideDrops(<-.12)=0 worst=0.00 insideAbove=64 worst=18.31
  outside-minus-surface: 18.43 18.41 18.39 18.36 18.34 18.31 18.29 18.26 18.22 18.19 18.16 18.12 18.09 18.06 18.03 18.00 17.97 17.95 17.92 17.90 17.87 17.84 17.82 17.79 17.77 17.74 17.72 17.70 17.67 17.65 17.64 17.62 17.60 17.62 17.65 17.67 17.69 17.72 17.75 17.78 17.81 17.84 17.87 17.91 17.94 17.97 18.00 18.03 18.06 18.08 18.11 18.13 18.16 18.19 18.21 18.24 18.27 18.29 18.31 18.34 18.36 18.38 18.40 18.42
WATER Reverse optional forest shortcuts/Shallow drain ripple footprint surface=32.88 round=False size=2.7x2.5 depth n=393 min=-18.70 max=-18.13 mean=-18.41 outsideDrops(<-.12)=0 worst=0.00 insideAbove=64 worst=18.71
  outside-minus-surface: 18.82 18.80 18.77 18.75 18.72 18.69 18.66 18.63 18.59 18.56 18.52 18.49 18.45 18.42 18.39 18.36 18.33 18.30 18.28 18.26 18.24 18.21 18.19 18.17 18.14 18.12 18.10 18.08 18.06 18.05 18.03 18.02 18.00 18.02 18.05 18.08 18.10 18.13 18.16 18.19 18.23 18.26 18.30 18.33 18.37 18.40 18.43 18.46 18.49 18.51 18.53 18.56 18.58 18.61 18.63 18.65 18.68 18.70 18.72 18.74 18.76 18.77 18.79 18.81
WATER Reverse optional forest shortcuts/Shallow drain ripple footprint surface=31.51 round=False size=2.7x2.5 depth n=399 min=-17.04 max=-16.47 mean=-16.76 outsideDrops(<-.12)=0 worst=0.00 insideAbove=64 worst=17.04
  outside-minus-surface: 17.15 17.14 17.13 17.11 17.10 17.08 17.06 17.04 17.02 16.99 16.97 16.94 16.92 16.89 16.87 16.85 16.82 16.80 16.77 16.74 16.71 16.67 16.64 16.61 16.58 16.55 16.52 16.49 16.46 16.44 16.41 16.39 16.36 16.38 16.39 16.41 16.42 16.44 16.46 16.48 16.50 16.52 16.55 16.57 16.59 16.62 16.64 16.66 16.69 16.71 16.74 16.77 16.81 16.84 16.87 16.90 16.93 16.97 17.00 17.03 17.05 17.08 17.11 17.13
WATER Reverse optional forest shortcuts/Shallow drain ripple footprint surface=30.64 round=False size=2.7x2.5 depth n=398 min=-14.14 max=-13.61 mean=-13.86 outsideDrops(<-.12)=0 worst=0.00 insideAbove=64 worst=14.12
  outside-minus-surface: 13.95 13.97 13.99 14.01 14.03 14.05 14.07 14.10 14.12 14.13 14.15 14.17 14.18 14.19 14.21 14.22 14.23 14.20 14.18 14.15 14.13 14.10 14.07 14.04 14.01 13.98 13.95 13.92 13.89 13.85 13.82 13.78 13.73 13.71 13.70 13.68 13.67 13.65 13.63 13.61 13.60 13.58 13.57 13.55 13.54 13.53 13.52 13.51 13.50 13.52 13.54 13.57 13.59 13.62 13.65 13.68 13.71 13.74 13.77 13.80 13.83 13.86 13.89 13.92
WATER Reverse optional forest shortcuts/Shallow drain ripple footprint surface=33.02 round=False size=2.7x2.5 depth n=387 min=-18.80 max=-18.23 mean=-18.52 outsideDrops(<-.12)=0 worst=0.00 insideAbove=64 worst=18.81
  outside-minus-surface: 18.92 18.90 18.87 18.85 18.82 18.79 18.76 18.72 18.69 18.65 18.62 18.58 18.55 18.51 18.48 18.45 18.42 18.40 18.38 18.35 18.33 18.31 18.28 18.26 18.24 18.22 18.20 18.18 18.17 18.15 18.13 18.12 18.11 18.13 18.16 18.18 18.21 18.24 18.27 18.30 18.34 18.37 18.41 18.44 18.48 18.51 18.54 18.57 18.60 18.62 18.65 18.67 18.69 18.72 18.74 18.76 18.79 18.81 18.83 18.84 18.86 18.88 18.89 18.91
WATER Reverse optional forest shortcuts/Shallow drain ripple footprint surface=31.37 round=False size=2.7x2.5 depth n=393 min=-16.83 max=-16.26 mean=-16.54 outsideDrops(<-.12)=0 worst=0.00 insideAbove=64 worst=16.82
  outside-minus-surface: 16.93 16.92 16.91 16.89 16.88 16.86 16.85 16.83 16.81 16.79 16.76 16.74 16.71 16.69 16.67 16.65 16.62 16.60 16.57 16.54 16.50 16.47 16.44 16.41 16.37 16.34 16.31 16.28 16.25 16.23 16.20 16.18 16.15 16.17 16.18 16.19 16.21 16.22 16.24 16.26 16.28 16.30 16.32 16.35 16.37 16.39 16.41 16.44 16.46 16.49 16.51 16.55 16.58 16.61 16.64 16.68 16.71 16.74 16.77 16.80 16.83 16.86 16.88 16.91
WATER Reverse optional forest shortcuts/Shallow drain ripple footprint surface=33.84 round=False size=2.7x2.5 depth n=390 min=-19.04 max=-18.50 mean=-18.77 outsideDrops(<-.12)=0 worst=0.00 insideAbove=64 worst=19.05
  outside-minus-surface: 19.17 19.14 19.11 19.08 19.05 19.02 18.99 18.95 18.92 18.88 18.84 18.80 18.77 18.73 18.70 18.66 18.63 18.61 18.59 18.58 18.56 18.54 18.52 18.50 18.48 18.46 18.45 18.43 18.42 18.41 18.39 18.38 18.37 18.40 18.43 18.46 18.49 18.52 18.55 18.59 18.62 18.66 18.70 18.73 18.77 18.80 18.84 18.87 18.90 18.92 18.94 18.96 18.98 19.00 19.02 19.04 19.06 19.07 19.09 19.11 19.12 19.13 19.14 19.16
WATER Reverse optional forest shortcuts/Shallow drain ripple footprint surface=35.13 round=False size=2.7x2.5 depth n=393 min=-18.66 max=-18.07 mean=-18.36 outsideDrops(<-.12)=0 worst=0.00 insideAbove=64 worst=18.64
  outside-minus-surface: 18.75 18.72 18.69 18.66 18.62 18.59 18.55 18.52 18.48 18.44 18.39 18.35 18.31 18.28 18.24 18.21 18.17 18.16 18.14 18.13 18.11 18.10 18.08 18.06 18.05 18.04 18.03 18.02 18.01 18.00 17.99 17.98 17.98 18.01 18.04 18.07 18.10 18.14 18.17 18.21 18.25 18.29 18.33 18.37 18.41 18.44 18.48 18.51 18.55 18.56 18.58 18.59 18.61 18.63 18.64 18.66 18.67 18.69 18.70 18.71 18.72 18.73 18.74 18.74
WATER Reverse optional forest shortcuts/Shallow drain ripple footprint surface=30.62 round=False size=2.7x2.5 depth n=400 min=-14.85 max=-14.38 mean=-14.62 outsideDrops(<-.12)=0 worst=0.00 insideAbove=64 worst=14.84
  outside-minus-surface: 14.83 14.84 14.85 14.87 14.88 14.89 14.90 14.91 14.91 14.92 14.92 14.93 14.93 14.93 14.93 14.93 14.93 14.90 14.87 14.84 14.80 14.77 14.74 14.70 14.67 14.63 14.59 14.56 14.52 14.49 14.46 14.43 14.40 14.39 14.38 14.37 14.36 14.35 14.34 14.33 14.32 14.32 14.31 14.31 14.31 14.31 14.31 14.31 14.30 14.33 14.36 14.39 14.43 14.46 14.49 14.53 14.56 14.60 14.64 14.67 14.71 14.74 14.77 14.80
WATER Reverse optional forest shortcuts/Shallow drain ripple footprint surface=41.83 round=False size=2.7x2.5 depth n=393 min=-13.45 max=-12.87 mean=-13.16 outsideDrops(<-.12)=0 worst=0.00 insideAbove=64 worst=13.47
  outside-minus-surface: 13.59 13.56 13.52 13.49 13.45 13.41 13.37 13.33 13.29 13.24 13.20 13.15 13.11 13.07 13.03 12.99 12.96 12.94 12.92 12.90 12.88 12.87 12.85 12.83 12.81 12.80 12.79 12.78 12.77 12.76 12.75 12.74 12.73 12.76 12.80 12.83 12.87 12.91 12.95 12.99 13.03 13.07 13.12 13.16 13.20 13.24 13.28 13.32 13.36 13.37 13.39 13.41 13.43 13.45 13.47 13.48 13.50 13.52 13.53 13.54 13.55 13.56 13.57 13.58
WATER Reverse optional forest shortcuts/Shallow drain ripple footprint surface=34.77 round=False size=2.7x2.5 depth n=407 min=-18.86 max=-18.27 mean=-18.56 outsideDrops(<-.12)=0 worst=0.00 insideAbove=64 worst=18.84
  outside-minus-surface: 18.95 18.92 18.89 18.86 18.83 18.79 18.76 18.72 18.68 18.64 18.60 18.56 18.52 18.49 18.45 18.42 18.38 18.37 18.35 18.34 18.32 18.30 18.29 18.27 18.25 18.24 18.23 18.22 18.21 18.20 18.19 18.18 18.17 18.20 18.23 18.27 18.30 18.33 18.37 18.41 18.44 18.48 18.52 18.56 18.60 18.63 18.67 18.70 18.74 18.75 18.77 18.79 18.80 18.82 18.84 18.86 18.87 18.88 18.90 18.91 18.92 18.93 18.94 18.95
WATER Reverse optional forest shortcuts/Shallow drain ripple footprint surface=30.66 round=False size=2.7x2.5 depth n=389 min=-15.18 max=-14.75 mean=-14.97 outsideDrops(<-.12)=0 worst=0.00 insideAbove=64 worst=15.17
  outside-minus-surface: 15.25 15.26 15.26 15.26 15.27 15.27 15.27 15.27 15.27 15.27 15.26 15.26 15.25 15.24 15.23 15.23 15.22 15.19 15.16 15.13 15.09 15.06 15.02 14.99 14.95 14.91 14.88 14.84 14.81 14.77 14.74 14.71 14.68 14.68 14.68 14.67 14.67 14.67 14.67 14.67 14.67 14.67 14.67 14.68 14.69 14.69 14.70 14.70 14.71 14.74 14.77 14.80 14.84 14.87 14.91 14.94 14.98 15.02 15.05 15.09 15.13 15.16 15.19 15.22
WATER Reverse optional forest shortcuts/Shallow drain ripple footprint surface=34.05 round=False size=2.7x2.5 depth n=389 min=-19.05 max=-18.47 mean=-18.76 outsideDrops(<-.12)=0 worst=0.00 insideAbove=64 worst=19.04
  outside-minus-surface: 19.16 19.13 19.10 19.07 19.04 19.01 18.97 18.94 18.90 18.86 18.82 18.79 18.75 18.71 18.68 18.65 18.62 18.60 18.58 18.56 18.54 18.52 18.50 18.48 18.47 18.45 18.43 18.42 18.41 18.40 18.39 18.37 18.36 18.39 18.42 18.45 18.48 18.51 18.54 18.58 18.62 18.65 18.69 18.73 18.76 18.80 18.83 18.86 18.89 18.91 18.93 18.95 18.97 18.99 19.01 19.03 19.05 19.07 19.08 19.10 19.11 19.12 19.13 19.14
WATER Reverse optional forest shortcuts/Shallow drain ripple footprint surface=39.32 round=False size=2.7x2.5 depth n=389 min=-15.48 max=-14.87 mean=-15.18 outsideDrops(<-.12)=0 worst=0.00 insideAbove=64 worst=15.47
  outside-minus-surface: 15.59 15.55 15.52 15.49 15.45 15.41 15.37 15.33 15.29 15.24 15.20 15.16 15.12 15.08 15.04 15.00 14.96 14.95 14.93 14.92 14.90 14.88 14.87 14.85 14.84 14.83 14.82 14.81 14.80 14.79 14.78 14.77 14.77 14.80 14.83 14.87 14.90 14.94 14.98 15.02 15.06 15.11 15.15 15.19 15.23 15.27 15.31 15.35 15.38 15.40 15.41 15.43 15.45 15.46 15.48 15.50 15.51 15.52 15.54 15.55 15.55 15.56 15.57 15.58
WATER Reverse optional forest shortcuts/Shallow drain ripple footprint surface=30.61 round=False size=2.7x2.5 depth n=395 min=-14.49 max=-13.99 mean=-14.24 outsideDrops(<-.12)=0 worst=0.00 insideAbove=64 worst=14.49
  outside-minus-surface: 14.38 14.40 14.41 14.43 14.45 14.47 14.49 14.50 14.52 14.53 14.54 14.55 14.56 14.57 14.58 14.59 14.59 14.57 14.54 14.51 14.48 14.45 14.42 14.39 14.35 14.32 14.29 14.25 14.22 14.19 14.16 14.13 14.10 14.08 14.07 14.05 14.04 14.02 14.00 13.98 13.97 13.95 13.94 13.93 13.92 13.91 13.91 13.90 13.89 13.92 13.94 13.97 14.00 14.03 14.06 14.09 14.12 14.16 14.19 14.23 14.26 14.29 14.32 14.35
WATER Reverse optional forest shortcuts/Shallow drain ripple footprint surface=37.19 round=False size=2.7x2.5 depth n=387 min=-17.14 max=-16.60 mean=-16.87 outsideDrops(<-.12)=0 worst=0.00 insideAbove=64 worst=17.15
  outside-minus-surface: 17.26 17.23 17.20 17.17 17.13 17.09 17.05 17.01 16.97 16.93 16.89 16.84 16.80 16.76 16.73 16.69 16.66 16.64 16.63 16.61 16.60 16.58 16.57 16.55 16.54 16.53 16.52 16.51 16.50 16.50 16.49 16.48 16.48 16.51 16.54 16.58 16.61 16.65 16.69 16.73 16.77 16.81 16.85 16.89 16.93 16.97 17.01 17.04 17.08 17.09 17.11 17.12 17.14 17.15 17.17 17.18 17.20 17.21 17.22 17.23 17.24 17.24 17.25 17.26
WATER Reverse optional forest shortcuts/Shallow drain ripple footprint surface=46.61 round=False size=2.7x2.5 depth n=391 min=-9.67 max=-3.61 mean=-8.58 outsideDrops(<-.12)=0 worst=0.00 insideAbove=64 worst=9.69
  outside-minus-surface: 9.82 9.79 4.40 4.41 4.42 4.42 4.43 4.43 4.44 4.43 4.43 4.42 4.41 4.40 4.39 4.37 4.36 4.31 4.25 4.18 4.12 4.05 3.99 3.92 3.84 3.77 3.70 3.64 3.57 8.92 8.90 8.89 8.88 8.91 8.95 8.98 9.02 9.06 9.10 9.14 9.18 9.23 9.27 9.32 9.36 9.40 9.44 9.48 9.52 9.54 9.56 9.58 9.61 9.63 9.65 9.68 9.70 9.72 9.74 9.75 9.77 9.78 9.80 9.81
WATER Reverse optional forest shortcuts/Shallow drain ripple footprint surface=34.48 round=False size=2.7x2.5 depth n=393 min=-18.97 max=-18.40 mean=-18.68 outsideDrops(<-.12)=0 worst=0.00 insideAbove=64 worst=18.96
  outside-minus-surface: 19.07 19.05 19.02 18.99 18.95 18.92 18.88 18.85 18.81 18.77 18.73 18.69 18.65 18.62 18.58 18.55 18.51 18.50 18.48 18.46 18.45 18.43 18.41 18.40 18.38 18.37 18.35 18.34 18.33 18.32 18.31 18.30 18.29 18.32 18.35 18.38 18.41 18.45 18.48 18.52 18.56 18.60 18.64 18.67 18.71 18.75 18.78 18.81 18.85 18.86 18.88 18.90 18.92 18.93 18.95 18.97 18.99 19.00 19.01 19.03 19.04 19.05 19.06 19.07
WATER Reverse optional forest shortcuts/Shallow drain ripple footprint surface=32.35 round=False size=2.7x2.5 depth n=392 min=-18.16 max=-17.56 mean=-17.86 outsideDrops(<-.12)=0 worst=0.00 insideAbove=64 worst=18.16
  outside-minus-surface: 18.28 18.26 18.24 18.21 18.19 18.16 18.14 18.11 18.08 18.05 18.01 17.98 17.95 17.92 17.89 17.86 17.83 17.81 17.78 17.75 17.73 17.70 17.67 17.65 17.62 17.59 17.57 17.55 17.52 17.50 17.48 17.46 17.44 17.47 17.49 17.51 17.53 17.56 17.59 17.61 17.64 17.68 17.71 17.74 17.77 17.80 17.83 17.86 17.89 17.91 17.94 17.96 17.99 18.02 18.05 18.07 18.10 18.13 18.15 18.18 18.20 18.22 18.24 18.26
WATER Reverse optional forest shortcuts/Shallow drain ripple footprint surface=31.24 round=False size=2.7x2.5 depth n=397 min=-16.60 max=-16.04 mean=-16.32 outsideDrops(<-.12)=0 worst=0.00 insideAbove=64 worst=16.59
  outside-minus-surface: 16.70 16.69 16.68 16.67 16.65 16.64 16.62 16.61 16.59 16.57 16.55 16.52 16.50 16.48 16.46 16.44 16.41 16.39 16.36 16.32 16.29 16.26 16.23 16.19 16.16 16.13 16.10 16.07 16.04 16.01 15.98 15.96 15.93 15.94 15.96 15.97 15.98 15.99 16.01 16.03 16.05 16.07 16.09 16.11 16.13 16.15 16.17 16.19 16.21 16.24 16.27 16.30 16.34 16.37 16.40 16.44 16.47 16.50 16.53 16.57 16.59 16.62 16.65 16.68
ROUTE CR081 mountain exploration/Mountain return trails / exploration only crosses Fern creek bed at path m 212-212
