time,speed,travel,x,y,z,grounded,lift,torque,contact,throttle,brake,steering,velocity,water,up,localZ,vx,vy,vz,yaw,angularSpeed
0.016,42.596,0.852,-626.513,8.809,14.171,4,7.800,0.092,"Ground_80_240:(0.000, 1.000, -0.003) separation=0.0604 impulse=0.000;Ground_80_240:(0.000, 1.000, -0.003) separation=0.0672 impulse=0.000;Ground_80_240:(0.000, 1.000, -0.003) separation=0.0627 impulse=0.000;Ground_80_240:(0.000, 1.000, -0.003) separation=0.0648 impulse=0.000;Ground_80_240:(0.000, 1.000, -0.003) separation=0.0614 impulse=0.000;Ground_80_240:(0.000, 1.000, -0.003) separation=0.0628 impulse=0.000;Ground_80_240:(0.000, 1.000, -0.003) separation=0.0793 impulse=0.000;Ground_80_240:(0.000, 1.000, -0.003) separation=0.0875 impulse=0.000;Ground_80_240:(0.000, 1.000, -0.003) separation=0.0824 impulse=0.000;Ground_80_240:(0.000, 1.000, -0.003) separation=0.0842 impulse=0.000;Ground_80_240:(0.000, 1.000, -0.003) separation=0.0798 impulse=0.000;Ground_80_240:(0.000, 1.000, -0.003) separation=0.0815 impulse=0.000;Ground_80_240:(0.000, 1.000, -0.004) separation=0.0990 impulse=0.000;Ground_80_240:(0.000, 1.000, -0.004) separation=0.1081 impulse=0.000;Ground_80_240:(0.000, 1.000, -0.004) separation=0.1027 impulse=0.000;Ground_80_240:(0.000, 1.000, -0.004) separation=0.1040 impulse=0.000;Ground_80_240:(0.000, 1.000, -0.004) separation=0.0990 impulse=0.000;Ground_80_240:(0.000, 1.000, -0.004) separation=0.0996 impulse=0.000;Ground_80_240:(0.000, 1.000, -0.003) separation=0.1188 impulse=0.000;Ground_80_240:(0.000, 1.000, -0.003) separation=0.1284 impulse=0.000;Ground_80_240:(0.000, 1.000, -0.003) separation=0.1230 impulse=0.000;Ground_80_240:(0.000, 1.000, -0.003) separation=0.1238 impulse=0.000;Ground_80_240:(0.000, 1.000, -0.003) separation=0.1199 impulse=0.000;Ground_80_240:(0.000, 1.000, -0.003) separation=0.1214 impulse=0.000;Ground_80_240:(0.000, 1.000, -0.003) separation=0.1381 impulse=0.000;Ground_80_240:(0.000, 1.000, -0.003) separation=0.1479 impulse=0.000;Ground_80_240:(0.000, 1.000, -0.003) separation=0.1426 impulse=0.000;Ground_80_240:(0.000, 1.000, -0.003) separation=0.1430 impulse=0.000;Ground_80_240:(0.000, 1.000, -0.003) separation=0.1387 impulse=0.000;Ground_80_240:(0.000, 1.000, -0.003) separation=0.1404 impulse=0.000;Ground_80_240:(0.000, 1.000, -0.003) separation=0.1565 impulse=0.000;Ground_80_240:(0.000, 1.000, -0.003) separation=0.1662 impulse=0.000;Ground_80_240:(0.000, 1.000, -0.003) separation=0.1612 impulse=0.000;Ground_80_240:(0.000, 1.000, -0.003) separation=0.1612 impulse=0.000;Ground_80_240:(0.000, 1.000, -0.003) separation=0.1585 impulse=0.000;Ground_80_240:(0.000, 1.000, -0.003) separation=0.1595 impulse=0.000;Ground_80_240:(0.000, 1.000, -0.003) separation=0.1737 impulse=0.000;Ground_80_240:(0.000, 1.000, -0.003) separation=0.1831 impulse=0.000;Ground_80_240:(0.000, 1.000, -0.003) separation=0.1784 impulse=0.000;Ground_80_240:(0.000, 1.000, -0.003) separation=0.1780 impulse=0.000;Ground_80_240:(0.000, 1.000, -0.003) separation=0.1739 impulse=0.000;Ground_80_240:(0.000, 1.000, -0.003) separation=0.1760 impulse=0.000;Ground_80_240:(0.000, 1.000, -0.003) separation=0.1894 impulse=0.000;Ground_80_240:(0.000, 1.000, -0.003) separation=0.1984 impulse=0.000;Ground_80_240:(0.000, 1.000, -0.003) separation=0.1941 impulse=0.000;Ground_80_240:(0.000, 1.000, -0.003) separation=0.1933 impulse=0.000;Ground_80_240:(0.000, 1.000, -0.003) separation=0.1901 impulse=0.000;Ground_80_240:(0.000, 1.000, -0.003) separation=0.1906 impulse=0.000;Ground_80_240:(0.000, 1.000, -0.003) separation=0.2033 impulse=0.000;Ground_80_240:(0.000, 1.000, -0.003) separation=0.2118 impulse=0.000;Ground_80_240:(0.000, 1.000, -0.003) separation=0.2079 impulse=0.000;Ground_80_240:(0.000, 1.000, -0.003) separation=0.2069 impulse=0.000;Ground_80_240:(0.000, 1.000, -0.003) separation=0.2046 impulse=0.000;Ground_80_240:(0.000, 1.000, -0.003) separation=0.2048 impulse=0.000;Ground_80_240:(0.000, 1.000, -0.003) separation=0.2155 impulse=0.000;Ground_80_240:(0.000, 1.000, -0.003) separation=0.2235 impulse=0.000;Ground_80_240:(0.000, 1.000, -0.003) separation=0.2200 impulse=0.000;Ground_80_240:(0.000, 1.000, -0.003) separation=0.2187 impulse=0.000;Ground_80_240:(0.000, 1.000, -0.003) separation=0.2165 impulse=0.000;Ground_80_240:(0.000, 1.000, -0.003) separation=0.2176 impulse=0.000;Ground_80_240:(0.000, 1.000, -0.003) separation=0.2259 impulse=0.000;Ground_80_240:(0.000, 1.000, -0.003) separation=0.2332 impulse=0.000;Ground_80_240:(0.000, 1.000, -0.003) separation=0.2302 impulse=0.000;Ground_80_240:(0.000, 1.000, -0.003) separation=0.2287 impulse=0.000;Ground_80_240:(0.000, 1.000, -0.003) separation=0.2265 impulse=0.000;Ground_80_240:(0.000, 1.000, -0.003) separation=0.2266 impulse=0.000;Ground_80_240:(0.000, 1.000, -0.003) separation=0.2344 impulse=0.000;Ground_80_240:(0.000, 1.000, -0.003) separation=0.2412 impulse=0.000;Ground_80_240:(0.000, 1.000, -0.003) separation=0.2385 impulse=0.000;Ground_80_240:(0.000, 1.000, -0.003) separation=0.2369 impulse=0.000;Ground_80_240:(0.000, 1.000, -0.003) separation=0.2346 impulse=0.000;Ground_80_240:(0.000, 1.000, -0.003) separation=0.2348 impulse=0.000;Ground_80_240:(0.000, 1.000, -0.003) separation=0.2412 impulse=0.000;Ground_80_240:(0.000, 1.000, -0.003) separation=0.2474 impulse=0.000;Ground_80_240:(0.000, 1.000, -0.003) separation=0.2451 impulse=0.000;Ground_80_240:(0.000, 1.000, -0.003) separation=0.2434 impulse=0.000;Ground_80_240:(0.000, 1.000, -0.003) separation=0.2414 impulse=0.000;Ground_80_240:(0.000, 1.000, -0.003) separation=0.2418 impulse=0.000;Ground_80_240:(0.000, 1.000, -0.003) separation=0.2464 impulse=0.000;Ground_80_240:(0.000, 1.000, -0.003) separation=0.2520 impulse=0.000;Ground_80_240:(0.000, 1.000, -0.003) separation=0.2500 impulse=0.000;Ground_80_240:(0.000, 1.000, -0.003) separation=0.2484 impulse=0.000;Ground_80_240:(0.000, 1.000, -0.003) separation=0.2464 impulse=0.000;Ground_80_240:(0.000, 1.000, -0.003) separation=0.2464 impulse=0.000;Ground_80_240:(0.000, 1.000, -0.003) separation=0.2502 impulse=0.000;Ground_80_240:(0.000, 1.000, -0.003) separation=0.2551 impulse=0.000;Ground_80_240:(0.000, 1.000, -0.003) separation=0.2535 impulse=0.000;Ground_80_240:(0.000, 1.000, -0.003) separation=0.2518 impulse=0.000;Ground_80_240:(0.000, 1.000, -0.003) separation=0.2505 impulse=0.000;Ground_80_240:(0.000, 1.000, -0.003) separation=0.2524 impulse=0.000;Ground_80_240:(0.000, 1.000, -0.003) separation=0.2526 impulse=0.000;Ground_80_240:(0.000, 1.000, -0.003) separation=0.2569 impulse=0.000;Ground_80_240:(0.000, 1.000, -0.003) separation=0.2556 impulse=0.000;Ground_80_240:(0.000, 1.000, -0.003) separation=0.2539 impulse=0.000;Ground_80_240:(0.000, 1.000, -0.003) separation=0.2533 impulse=0.000;Ground_80_240:(0.000, 1.000, -0.003) separation=0.2540 impulse=0.000;Ground_80_240:(0.000, 1.000, -0.003) separation=0.2538 impulse=0.000;Ground_80_240:(0.000, 1.000, -0.003) separation=0.2576 impulse=0.000;Ground_80_240:(0.000, 1.000, -0.003) separation=0.2565 impulse=0.000;Ground_80_240:(0.000, 1.000, -0.003) separation=0.2549 impulse=0.000;Ground_80_240:(0.000, 1.000, -0.003) separation=0.2541 impulse=0.000;Ground_80_240:(0.000, 1.000, -0.003) separation=0.2546 impulse=0.000;Ground_80_240:(0.000, 1.000, -0.003) separation=0.2541 impulse=0.000;Ground_80_240:(0.000, 1.000, -0.003) separation=0.2572 impulse=0.000;Ground_80_240:(0.000, 1.000, -0.003) separation=0.2564 impulse=0.000;Ground_80_240:(0.000, 1.000, -0.003) separation=0.2549 impulse=0.000;Ground_80_240:(0.000, 1.000, -0.003) separation=0.2544 impulse=0.000;Ground_80_240:(0.000, 1.000, -0.003) separation=0.2547 impulse=0.000;Ground_80_240:(0.000, 1.000, -0.003) separation=0.2534 impulse=0.000;Ground_80_240:(0.000, 1.000, -0.003) separation=0.2561 impulse=0.000;Ground_80_240:(0.000, 1.000, -0.003) separation=0.2554 impulse=0.000;Ground_80_240:(0.000, 1.000, -0.003) separation=0.2540 impulse=0.000;Ground_80_240:(0.000, 1.000, -0.003) separation=0.2535 impulse=0.000;Ground_80_240:(0.000, 1.000, -0.003) separation=0.2538 impulse=0.000;Ground_80_240:(0.000, 1.000, -0.003) separation=0.2520 impulse=0.000;Ground_80_240:(0.000, 1.000, -0.003) separation=0.2543 impulse=0.000;Ground_80_240:(0.000, 1.000, -0.003) separation=0.2538 impulse=0.000;Ground_80_240:(0.000, 1.000, -0.003) separation=0.2525 impulse=0.000;Ground_80_240:(0.000, 1.000, -0.003) separation=0.2523 impulse=0.000;Ground_80_240:(0.000, 1.000, -0.003) separation=0.2524 impulse=0.000;Ground_80_240:(0.000, 1.000, -0.003) separation=0.2501 impulse=0.000;Ground_80_240:(0.000, 1.000, -0.003) separation=0.2520 impulse=0.000;Ground_80_240:(0.000, 1.000, -0.003) separation=0.2516 impulse=0.000;Ground_80_240:(0.000, 1.000, -0.003) separation=0.2505 impulse=0.000;Ground_80_240:(0.000, 1.000, -0.003) separation=0.2503 impulse=0.000;Ground_80_240:(0.000, 1.000, -0.003) separation=0.2504 impulse=0.000;Ground_80_240:(0.000, 1.000, -0.003) separation=0.2478 impulse=0.000;Ground_80_240:(0.000, 1.000, -0.003) separation=0.2493 impulse=0.000;Ground_80_240:(0.000, 1.000, -0.003) separation=0.2491 impulse=0.000;Ground_80_240:(0.000, 1.000, -0.003) separation=0.2480 impulse=0.000;Ground_80_240:(0.000, 1.000, -0.003) separation=0.2479 impulse=0.000;Ground_80_240:(0.000, 1.000, -0.003) separation=0.2479 impulse=0.000;Ground_80_240:(0.000, 1.000, -0.003) separation=0.2452 impulse=0.000;Ground_80_240:(0.000, 1.000, -0.003) separation=0.2464 impulse=0.000;Ground_80_240:(0.000, 1.000, -0.003) separation=0.2463 impulse=0.000;Ground_80_240:(0.000, 1.000, -0.003) separation=0.2454 impulse=0.000;Ground_80_240:(0.000, 1.000, -0.003) separation=0.2453 impulse=0.000;Ground_80_240:(0.000, 1.000, -0.003) separation=0.2453 impulse=0.000;Ground_80_240:(0.000, 1.000, -0.003) separation=0.2425 impulse=0.000;Ground_80_240:(0.000, 1.000, -0.003) separation=0.2434 impulse=0.000;Ground_80_240:(0.000, 1.000, -0.003) separation=0.2433 impulse=0.000;Ground_80_240:(0.000, 1.000, -0.003) separation=0.2425 impulse=0.000;Ground_80_240:(0.000, 1.000, -0.003) separation=0.2425 impulse=0.000;Ground_80_240:(0.000, 1.000, -0.003) separation=0.2425 impulse=0.000;Ground_80_240:(0.000, 1.000, -0.003) separation=0.2397 impulse=0.000;Ground_80_240:(0.000, 1.000, -0.003) separation=0.2403 impulse=0.000;Ground_80_240:(0.000, 1.000, -0.003) separation=0.2403 impulse=0.000;Ground_80_240:(0.000, 1.000, -0.003) separation=0.2397 impulse=0.000;Ground_80_240:(0.000, 1.000, -0.003) separation=0.2397 impulse=0.000;Ground_80_240:(0.000, 1.000, -0.003) separation=0.2398 impulse=0.000;Ground_80_240:(0.000, 1.000, -0.003) separation=0.2369 impulse=0.000;Ground_80_240:(0.000, 1.000, -0.003) separation=0.2373 impulse=0.000;Ground_80_240:(0.000, 1.000, -0.003) separation=0.2374 impulse=0.000;Ground_80_240:(0.000, 1.000, -0.003) separation=0.2368 impulse=0.000;Ground_80_240:(0.000, 1.000, -0.003) separation=0.2369 impulse=0.000;Ground_80_240:(0.000, 1.000, -0.003) separation=0.2369 impulse=0.000;Ground_80_240:(0.000, 1.000, -0.003) separation=0.2342 impulse=0.000;Ground_80_240:(0.000, 1.000, -0.003) separation=0.2345 impulse=0.000;Ground_80_240:(0.000, 1.000, -0.003) separation=0.2346 impulse=0.000;Ground_80_240:(0.000, 1.000, -0.003) separation=0.2341 impulse=0.000;Ground_80_240:(0.000, 1.000, -0.003) separation=0.2341 impulse=0.000;Ground_80_240:(0.000, 1.000, -0.003) separation=0.2342 impulse=0.000;Ground_80_240:(0.000, 1.000, -0.003) separation=0.2317 impulse=0.000;Ground_80_240:(0.000, 1.000, -0.003) separation=0.2318 impulse=0.000;Ground_80_240:(0.000, 1.000, -0.003) separation=0.2319 impulse=0.000;Ground_80_240:(0.000, 1.000, -0.003) separation=0.2316 impulse=0.000;Ground_80_240:(0.000, 1.000, -0.003) separation=0.2316 impulse=0.000;Ground_80_240:(0.000, 1.000, -0.003) separation=0.2317 impulse=0.000;Ground_80_240:(0.000, 1.000, -0.003) separation=0.2294 impulse=0.000;Ground_80_240:(0.000, 1.000, -0.003) separation=0.2294 impulse=0.000;Ground_80_240:(0.000, 1.000, -0.003) separation=0.2295 impulse=0.000;Ground_80_240:(0.000, 1.000, -0.003) separation=0.2292 impulse=0.000;Ground_80_240:(0.000, 1.000, -0.003) separation=0.2293 impulse=0.000;Ground_80_240:(0.000, 1.000, -0.003) separation=0.2293 impulse=0.000;Ground_80_240:(0.000, 1.000, -0.003) separation=0.2273 impulse=0.000;Ground_80_240:(0.000, 1.000, -0.003) separation=0.2272 impulse=0.000;Ground_80_240:(0.000, 1.000, -0.003) separation=0.2273 impulse=0.000;Ground_80_240:(0.000, 1.000, -0.003) separation=0.2271 impulse=0.000;Ground_80_240:(0.000, 1.000, -0.003) separation=0.2271 impulse=0.000;Ground_80_240:(0.000, 1.000, -0.003) separation=0.2271 impulse=0.000;Ground_80_240:(0.000, 1.000, -0.003) separation=0.2254 impulse=0.000;Ground_80_240:(0.000, 1.000, -0.003) separation=0.2253 impulse=0.000;Ground_80_240:(0.000, 1.000, -0.003) separation=0.2254 impulse=0.000;Ground_80_240:(0.000, 1.000, -0.003) separation=0.2253 impulse=0.000;Ground_80_240:(0.000, 1.000, -0.003) separation=0.2253 impulse=0.000;Ground_80_240:(0.000, 1.000, -0.003) separation=0.2253 impulse=0.000;Ground_80_320:(0.000, 1.000, -0.004) separation=0.2501 impulse=0.000;Ground_80_320:(0.000, 1.000, -0.004) separation=0.2599 impulse=0.000;Ground_80_320:(0.000, 1.000, -0.004) separation=0.2501 impulse=0.000;Ground_80_320:(0.000, 1.000, -0.004) separation=0.2599 impulse=0.000;Ground_80_320:(0.000, 1.000, -0.004) separation=0.2501 impulse=0.000;Ground_80_320:(0.000, 1.000, -0.004) separation=0.2501 impulse=0.000;",0.000,0.000,0.000,42.596,0.000,1.000,124.148,0.703,-0.039,-42.590,0.000,0.006
0.036,42.595,1.704,-626.499,8.808,13.319,4,7.889,0.057,"Ground_80_320:(0.000, 1.000, -0.004) separation=0.2530 impulse=0.000;Ground_80_320:(0.000, 1.000, -0.004) separation=0.2626 impulse=0.000;Ground_80_320:(0.000, 1.000, -0.004) separation=0.2530 impulse=0.000;Ground_80_320:(0.000, 1.000, -0.004) separation=0.2626 impulse=0.000;Ground_80_320:(0.000, 1.000, -0.004) separation=0.2530 impulse=0.000;Ground_80_320:(0.000, 1.000, -0.004) separation=0.2533 impulse=0.000;",0.202,0.000,0.000,42.595,0.000,1.000,123.296,0.703,-0.077,-42.590,0.000,0.010
0.056,42.595,2.556,-626.485,8.805,12.467,4,7.999,0.028,"Ground_80_320:(0.000, 1.000, -0.004) separation=0.2553 impulse=0.000;Ground_80_320:(0.000, 1.000, -0.004) separation=0.2644 impulse=0.000;Ground_80_320:(0.000, 1.000, -0.004) separation=0.2553 impulse=0.000;Ground_80_320:(0.000, 1.000, -0.004) separation=0.2644 impulse=0.000;Ground_80_320:(0.000, 1.000, -0.004) separation=0.2553 impulse=0.000;Ground_80_320:(0.000, 1.000, -0.004) separation=0.2553 impulse=0.000;",0.202,0.000,0.000,42.595,0.000,1.000,122.444,0.703,-0.113,-42.589,0.000,0.013
0.076,42.594,3.408,-626.471,8.802,11.616,4,8.119,0.005,"Ground_80_320:(0.000, 1.000, -0.004) separation=0.2569 impulse=0.000;Ground_80_320:(0.000, 1.000, -0.004) separation=0.2654 impulse=0.000;Ground_80_320:(0.000, 1.000, -0.004) separation=0.2569 impulse=0.000;Ground_80_320:(0.000, 1.000, -0.004) separation=0.2654 impulse=0.000;Ground_80_320:(0.000, 1.000, -0.004) separation=0.2569 impulse=0.000;Ground_80_320:(0.000, 1.000, -0.004) separation=0.2583 impulse=0.000;",0.203,0.000,0.001,42.595,0.000,1.000,121.592,0.703,-0.147,-42.589,0.028,0.015
0.096,42.594,4.260,-626.457,8.799,10.764,4,8.251,0.013,"Ground_80_320:(0.000, 1.000, -0.004) separation=0.2578 impulse=0.000;Ground_80_320:(0.000, 1.000, -0.004) separation=0.2657 impulse=0.000;Ground_80_320:(0.000, 1.000, -0.004) separation=0.2578 impulse=0.000;Ground_80_320:(0.000, 1.000, -0.004) separation=0.2657 impulse=0.000;Ground_80_320:(0.000, 1.000, -0.004) separation=0.2578 impulse=0.000;Ground_80_320:(0.000, 1.000, -0.004) separation=0.2578 impulse=0.000;",0.203,0.000,-0.002,42.594,0.000,1.000,120.740,0.702,-0.178,-42.588,-0.048,0.016
0.116,42.594,5.112,-626.443,8.795,9.912,4,8.395,0.026,"Ground_80_320:(0.000, 1.000, -0.004) separation=0.2582 impulse=0.000;Ground_80_320:(0.000, 1.000, -0.004) separation=0.2653 impulse=0.000;Ground_80_320:(0.000, 1.000, -0.004) separation=0.2582 impulse=0.000;Ground_80_320:(0.000, 1.000, -0.004) separation=0.2653 impulse=0.000;Ground_80_320:(0.000, 1.000, -0.004) separation=0.2582 impulse=0.000;Ground_80_320:(0.000, 1.000, -0.004) separation=0.2582 impulse=0.000;",0.203,0.000,-0.003,42.594,0.000,1.000,119.888,0.702,-0.207,-42.588,-0.066,0.017
0.136,42.594,5.964,-626.429,8.790,9.060,4,8.551,0.036,"Ground_80_320:(0.000, 1.000, -0.004) separation=0.2580 impulse=0.000;Ground_80_320:(0.000, 1.000, -0.004) separation=0.2644 impulse=0.000;Ground_80_320:(0.000, 1.000, -0.004) separation=0.2580 impulse=0.000;Ground_80_320:(0.000, 1.000, -0.004) separation=0.2643 impulse=0.000;Ground_80_320:(0.000, 1.000, -0.004) separation=0.2580 impulse=0.000;Ground_80_320:(0.000, 1.000, -0.004) separation=0.2580 impulse=0.000;",0.203,0.000,0.004,42.594,0.000,1.000,119.036,0.703,-0.232,-42.588,0.082,0.016
0.156,42.594,6.816,-626.414,8.785,8.208,4,8.714,0.042,"Ground_80_320:(0.000, 1.000, -0.004) separation=0.2573 impulse=0.000;Ground_80_320:(0.000, 1.000, -0.004) separation=0.2629 impulse=0.000;Ground_80_320:(0.000, 1.000, -0.004) separation=0.2573 impulse=0.000;Ground_80_320:(0.000, 1.000, -0.004) separation=0.2629 impulse=0.000;Ground_80_320:(0.000, 1.000, -0.004) separation=0.2573 impulse=0.000;Ground_80_320:(0.000, 1.000, -0.004) separation=0.2573 impulse=0.000;",0.203,0.000,0.005,42.594,0.000,1.000,118.184,0.704,-0.254,-42.587,0.101,0.017
0.176,42.594,7.668,-626.400,8.780,7.356,4,8.884,0.046,"Ground_80_320:(0.000, 1.000, -0.004) separation=0.2561 impulse=0.000;Ground_80_320:(0.000, 1.000, -0.004) separation=0.2610 impulse=0.000;Ground_80_320:(0.000, 1.000, -0.004) separation=0.2561 impulse=0.000;Ground_80_320:(0.000, 1.000, -0.004) separation=0.2610 impulse=0.000;Ground_80_320:(0.000, 1.000, -0.004) separation=0.2561 impulse=0.000;Ground_80_320:(0.000, 1.000, -0.004) separation=0.2566 impulse=0.000;",0.203,0.000,-0.005,42.594,0.000,1.000,117.332,0.703,-0.272,-42.587,-0.119,0.015
0.196,42.594,8.520,-626.386,8.774,6.505,4,9.056,0.047,"Ground_80_320:(0.000, 1.000, -0.004) separation=0.2546 impulse=0.000;Ground_80_320:(0.000, 1.000, -0.004) separation=0.2588 impulse=0.000;Ground_80_320:(0.000, 1.000, -0.004) separation=0.2546 impulse=0.000;Ground_80_320:(0.000, 1.000, -0.004) separation=0.2588 impulse=0.000;Ground_80_320:(0.000, 1.000, -0.004) separation=0.2546 impulse=0.000;Ground_80_320:(0.000, 1.000, -0.004) separation=0.2546 impulse=0.000;",0.203,0.000,-0.006,42.594,0.000,1.000,116.481,0.703,-0.287,-42.587,-0.136,0.017
0.216,42.594,9.371,-626.372,8.768,5.653,4,9.227,0.048,"Ground_80_320:(0.000, 1.000, -0.004) separation=0.2527 impulse=0.000;Ground_80_320:(0.000, 1.000, -0.004) separation=0.2563 impulse=0.000;Ground_80_320:(0.000, 1.000, -0.004) separation=0.2527 impulse=0.000;Ground_80_320:(0.000, 1.000, -0.004) separation=0.2563 impulse=0.000;Ground_80_320:(0.000, 1.000, -0.004) separation=0.2527 impulse=0.000;Ground_80_320:(0.000, 1.000, -0.004) separation=0.2527 impulse=0.000;",0.203,0.000,0.007,42.594,0.000,1.000,115.629,0.705,-0.299,-42.587,0.151,0.012
0.236,42.594,10.223,-626.358,8.762,4.801,4,9.394,0.046,"Ground_80_320:(0.000, 1.000, -0.004) separation=0.2506 impulse=0.000;Ground_80_320:(0.000, 1.000, -0.004) separation=0.2536 impulse=0.000;Ground_80_320:(0.000, 1.000, -0.004) separation=0.2506 impulse=0.000;Ground_80_320:(0.000, 1.000, -0.004) separation=0.2535 impulse=0.000;Ground_80_320:(0.000, 1.000, -0.004) separation=0.2506 impulse=0.000;Ground_80_320:(0.000, 1.000, -0.004) separation=0.2506 impulse=0.000;",0.203,0.000,0.007,42.594,0.000,1.000,114.777,0.706,-0.307,-42.587,0.164,0.016
0.256,42.594,11.075,-626.344,8.756,3.949,4,9.553,0.044,"Ground_80_320:(0.000, 1.000, -0.004) separation=0.2482 impulse=0.000;Ground_80_320:(0.000, 1.000, -0.004) separation=0.2507 impulse=0.000;Ground_80_320:(0.000, 1.000, -0.004) separation=0.2482 impulse=0.000;Ground_80_320:(0.000, 1.000, -0.004) separation=0.2507 impulse=0.000;Ground_80_320:(0.000, 1.000, -0.004) separation=0.2482 impulse=0.000;Ground_80_320:(0.000, 1.000, -0.004) separation=0.2482 impulse=0.000;",0.203,0.000,-0.008,42.594,0.000,1.000,113.925,0.704,-0.312,-42.587,-0.178,0.010
0.276,42.594,11.927,-626.330,8.749,3.097,4,9.701,0.041,"Ground_80_320:(0.000, 1.000, -0.004) separation=0.2458 impulse=0.000;Ground_80_320:(0.000, 1.000, -0.004) separation=0.2477 impulse=0.000;Ground_80_320:(0.000, 1.000, -0.004) separation=0.2458 impulse=0.000;Ground_80_320:(0.000, 1.000, -0.004) separation=0.2477 impulse=0.000;Ground_80_320:(0.000, 1.000, -0.004) separation=0.2458 impulse=0.000;Ground_80_320:(0.000, 1.000, -0.004) separation=0.2458 impulse=0.000;",0.203,0.000,-0.009,42.594,0.000,1.000,113.073,0.704,-0.314,-42.587,-0.190,0.016
0.296,42.594,12.779,-626.316,8.743,2.246,4,9.837,0.038,"Ground_80_320:(0.000, 1.000, -0.004) separation=0.2432 impulse=0.000;Ground_80_320:(0.000, 1.000, -0.004) separation=0.2448 impulse=0.000;Ground_80_320:(0.000, 1.000, -0.004) separation=0.2432 impulse=0.000;Ground_80_320:(0.000, 1.000, -0.004) separation=0.2448 impulse=0.000;Ground_80_320:(0.000, 1.000, -0.004) separation=0.2432 impulse=0.000;Ground_80_320:(0.000, 1.000, -0.004) separation=0.2432 impulse=0.000;",0.203,0.000,0.009,42.595,0.000,1.000,112.221,0.706,-0.314,-42.588,0.200,0.008
0.316,42.594,13.631,-626.302,8.737,1.394,4,9.959,0.034,"Ground_80_320:(0.000, 1.000, -0.004) separation=0.2407 impulse=0.000;Ground_80_320:(0.000, 1.000, -0.004) separation=0.2419 impulse=0.000;Ground_80_320:(0.000, 1.000, -0.004) separation=0.2407 impulse=0.000;Ground_80_320:(0.000, 1.000, -0.004) separation=0.2419 impulse=0.000;Ground_80_320:(0.000, 1.000, -0.004) separation=0.2407 impulse=0.000;Ground_80_320:(0.000, 1.000, -0.004) separation=0.2409 impulse=0.000;",0.203,0.000,0.009,42.595,0.000,1.000,111.369,0.707,-0.311,-42.588,0.208,0.016
0.336,42.595,14.483,-626.288,8.731,0.542,4,10.065,0.031,"Ground_80_320:(0.000, 1.000, -0.004) separation=0.2382 impulse=0.000;Ground_80_320:(0.000, 1.000, -0.004) separation=0.2390 impulse=0.000;Ground_80_320:(0.000, 1.000, -0.004) separation=0.2382 impulse=0.000;Ground_80_320:(0.000, 1.000, -0.004) separation=0.2390 impulse=0.000;Ground_80_320:(0.000, 1.000, -0.004) separation=0.2382 impulse=0.000;Ground_80_320:(0.000, 1.000, -0.004) separation=0.2382 impulse=0.000;",0.203,0.000,-0.010,42.595,0.000,1.000,110.517,0.705,-0.305,-42.588,-0.215,0.006
0.356,42.595,15.335,-626.274,8.725,-0.310,4,10.154,0.027,"Ground_80_320:(0.000, 1.000, -0.004) separation=0.2357 impulse=0.000;Ground_80_320:(0.000, 1.000, -0.004) separation=0.2363 impulse=0.000;Ground_80_320:(0.000, 1.000, -0.004) separation=0.2357 impulse=0.000;Ground_80_320:(0.000, 1.000, -0.004) separation=0.2363 impulse=0.000;Ground_80_320:(0.000, 1.000, -0.004) separation=0.2357 impulse=0.000;Ground_80_320:(0.000, 1.000, -0.004) separation=0.2357 impulse=0.000;",0.203,0.000,-0.010,42.595,0.000,1.000,109.665,0.704,-0.298,-42.588,-0.221,0.016
0.376,42.595,16.187,-626.259,8.719,-1.162,4,10.226,0.024,"Ground_80_320:(0.000, 1.000, -0.004) separation=0.2334 impulse=0.000;Ground_80_320:(0.000, 1.000, -0.004) separation=0.2338 impulse=0.000;Ground_80_320:(0.000, 1.000, -0.004) separation=0.2334 impulse=0.000;Ground_80_320:(0.000, 1.000, -0.004) separation=0.2338 impulse=0.000;Ground_80_320:(0.000, 1.000, -0.004) separation=0.2334 impulse=0.000;Ground_80_320:(0.000, 1.000, -0.004) separation=0.2334 impulse=0.000;",0.203,0.000,0.010,42.595,0.000,1.000,108.813,0.706,-0.290,-42.588,0.228,0.004
0.396,42.595,17.039,-626.245,8.713,-2.013,4,10.282,0.020,"Ground_80_320:(0.000, 1.000, -0.004) separation=0.2312 impulse=0.000;Ground_80_320:(0.000, 1.000, -0.004) separation=0.2314 impulse=0.000;Ground_80_320:(0.000, 1.000, -0.004) separation=0.2312 impulse=0.000;Ground_80_320:(0.000, 1.000, -0.004) separation=0.2314 impulse=0.000;Ground_80_320:(0.000, 1.000, -0.004) separation=0.2312 impulse=0.000;Ground_80_320:(0.000, 1.000, -0.004) separation=0.2312 impulse=0.000;",0.202,0.000,0.010,42.595,0.000,1.000,107.961,0.707,-0.281,-42.589,0.232,0.016
0.416,42.596,17.891,-626.231,8.708,-2.865,4,10.323,0.017,"Ground_80_320:(0.000, 1.000, -0.004) separation=0.2292 impulse=0.000;Ground_80_320:(0.000, 1.000, -0.004) separation=0.2292 impulse=0.000;Ground_80_320:(0.000, 1.000, -0.004) separation=0.2292 impulse=0.000;Ground_80_320:(0.000, 1.000, -0.004) separation=0.2292 impulse=0.000;Ground_80_320:(0.000, 1.000, -0.004) separation=0.2292 impulse=0.000;Ground_80_320:(0.000, 1.000, -0.004) separation=0.2292 impulse=0.000;",0.202,0.000,-0.011,42.596,0.000,1.000,107.109,0.705,-0.270,-42.589,-0.235,0.003
0.436,42.596,18.742,-626.217,8.703,-3.717,4,10.347,0.014,"Ground_80_320:(0.000, 1.000, -0.004) separation=0.2273 impulse=0.000;Ground_80_320:(0.000, 1.000, -0.004) separation=0.2273 impulse=0.000;Ground_80_320:(0.000, 1.000, -0.004) separation=0.2273 impulse=0.000;Ground_80_320:(0.000, 1.000, -0.004) separation=0.2273 impulse=0.000;Ground_80_320:(0.000, 1.000, -0.004) separation=0.2273 impulse=0.000;Ground_80_320:(0.000, 1.000, -0.004) separation=0.2273 impulse=0.000;",0.202,0.000,-0.011,42.596,0.000,1.000,106.258,0.704,-0.260,-42.589,-0.237,0.016
0.456,42.596,19.594,-626.203,8.698,-4.569,4,10.359,0.012,"Ground_80_320:(0.000, 1.000, -0.004) separation=0.2257 impulse=0.000;Ground_80_320:(0.000, 1.000, -0.004) separation=0.2255 impulse=0.000;Ground_80_320:(0.000, 1.000, -0.004) separation=0.2257 impulse=0.000;Ground_80_320:(0.000, 1.000, -0.004) separation=0.2255 impulse=0.000;Ground_80_320:(0.000, 1.000, -0.004) separation=0.2255 impulse=0.000;Ground_80_320:(0.000, 1.000, -0.004) separation=0.2256 impulse=0.000;",0.202,0.000,0.011,42.596,0.000,1.000,105.406,0.706,-0.249,-42.589,0.240,0.003
0.476,42.596,20.446,-626.189,8.693,-5.421,4,10.357,0.009,"Ground_80_320:(0.000, 1.000, -0.004) separation=0.2243 impulse=0.000;Ground_80_320:(0.000, 1.000, -0.004) separation=0.2240 impulse=0.000;Ground_80_320:(0.000, 1.000, -0.004) separation=0.2243 impulse=0.000;Ground_80_320:(0.000, 1.000, -0.004) separation=0.2241 impulse=0.000;Ground_80_320:(0.000, 1.000, -0.004) separation=0.2241 impulse=0.000;Ground_80_320:(0.000, 1.000, -0.004) separation=0.2241 impulse=0.000;",0.202,0.000,0.011,42.596,0.000,1.000,104.554,0.707,-0.238,-42.590,0.240,0.017
0.496,42.596,21.298,-626.175,8.688,-6.272,4,10.345,0.008,"Ground_80_320:(0.000, 1.000, -0.004) separation=0.2231 impulse=0.000;Ground_80_320:(0.000, 1.000, -0.004) separation=0.2228 impulse=0.000;Ground_80_320:(0.000, 1.000, -0.004) separation=0.2231 impulse=0.000;Ground_80_320:(0.000, 1.000, -0.004) separation=0.2228 impulse=0.000;Ground_80_320:(0.000, 1.000, -0.004) separation=0.2228 impulse=0.000;Ground_80_320:(0.000, 1.000, -0.004) separation=0.2228 impulse=0.000;",0.202,0.000,-0.011,42.596,0.000,1.000,103.702,0.705,-0.227,-42.590,-0.242,0.002
0.516,42.597,22.150,-626.161,8.684,-7.124,4,10.323,0.006,"Ground_80_320:(0.000, 1.000, -0.004) separation=0.2220 impulse=0.000;Ground_80_320:(0.000, 1.000, -0.004) separation=0.2217 impulse=0.000;Ground_80_320:(0.000, 1.000, -0.004) separation=0.2220 impulse=0.000;Ground_80_320:(0.000, 1.000, -0.004) separation=0.2217 impulse=0.000;Ground_80_320:(0.000, 1.000, -0.004) separation=0.2217 impulse=0.000;Ground_80_320:(0.000, 1.000, -0.004) separation=0.2217 impulse=0.000;",0.202,0.000,-0.011,42.597,0.000,1.000,102.850,0.703,-0.217,-42.590,-0.242,0.016
0.536,42.597,23.002,-626.147,8.680,-7.976,4,10.294,0.004,"Ground_80_320:(0.000, 1.000, -0.004) separation=0.2212 impulse=0.000;Ground_80_320:(0.000, 1.000, -0.004) separation=0.2209 impulse=0.000;Ground_80_320:(0.000, 1.000, -0.004) separation=0.2212 impulse=0.000;Ground_80_320:(0.000, 1.000, -0.004) separation=0.2209 impulse=0.000;Ground_80_320:(0.000, 1.000, -0.004) separation=0.2209 impulse=0.000;Ground_80_320:(0.000, 1.000, -0.004) separation=0.2209 impulse=0.000;",0.202,0.000,0.011,42.597,0.000,1.000,101.998,0.705,-0.207,-42.591,0.242,0.002
0.556,42.597,23.854,-626.132,8.676,-8.828,4,10.259,0.003,"Ground_80_320:(0.000, 1.000, -0.004) separation=0.2206 impulse=0.000;Ground_80_320:(0.000, 1.000, -0.004) separation=0.2202 impulse=0.000;Ground_80_320:(0.000, 1.000, -0.004) separation=0.2206 impulse=0.000;Ground_80_320:(0.000, 1.000, -0.004) separation=0.2202 impulse=0.000;Ground_80_320:(0.000, 1.000, -0.004) separation=0.2202 impulse=0.000;Ground_80_320:(0.000, 1.000, -0.004) separation=0.2202 impulse=0.000;",0.202,0.000,0.011,42.597,0.000,1.000,101.146,0.706,-0.198,-42.591,0.242,0.017
0.576,42.597,24.706,-626.118,8.672,-9.680,4,10.219,0.002,"Reverse supported roadworks transition:(0.000, 1.000, -0.004) separation=0.2018 impulse=0.000;Reverse supported roadworks transition:(0.000, 1.000, -0.004) separation=0.2018 impulse=0.000;Reverse supported roadworks transition:(0.000, 1.000, -0.004) separation=0.2018 impulse=0.000;Reverse supported roadworks transition:(0.000, 1.000, -0.004) separation=0.2018 impulse=0.000;Reverse supported roadworks transition:(0.000, 1.000, -0.004) separation=0.2018 impulse=0.000;Reverse supported roadworks transition:(0.000, 1.000, -0.004) separation=0.2018 impulse=0.000;Ground_80_320:(0.000, 1.000, -0.004) separation=0.2201 impulse=0.000;Ground_80_320:(0.000, 1.000, -0.004) separation=0.2198 impulse=0.000;Ground_80_320:(0.000, 1.000, -0.004) separation=0.2201 impulse=0.000;Ground_80_320:(0.000, 1.000, -0.004) separation=0.2198 impulse=0.000;Ground_80_320:(0.000, 1.000, -0.004) separation=0.2198 impulse=0.000;Ground_80_320:(0.000, 1.000, -0.004) separation=0.2198 impulse=0.000;",0.201,0.000,-0.011,42.597,0.000,1.000,100.294,0.704,-0.190,-42.591,-0.241,0.002
0.596,42.597,25.558,-626.104,8.669,-10.531,4,10.761,0.001,"Ground_80_320:(0.000, 1.000, -0.004) separation=0.2198 impulse=0.000;Ground_80_320:(0.000, 1.000, -0.004) separation=0.2195 impulse=0.000;Ground_80_320:(0.000, 1.000, -0.004) separation=0.2198 impulse=0.000;Ground_80_320:(0.000, 1.000, -0.004) separation=0.2195 impulse=0.000;Ground_80_320:(0.000, 1.000, -0.004) separation=0.2195 impulse=0.000;Ground_80_320:(0.000, 1.000, -0.004) separation=0.2195 impulse=0.000;Reverse supported roadworks transition:(0.000, 1.000, -0.004) separation=0.2015 impulse=0.000;Reverse supported roadworks transition:(0.000, 1.000, -0.004) separation=0.2016 impulse=0.000;Reverse supported roadworks transition:(0.000, 1.000, -0.004) separation=0.2016 impulse=0.000;Reverse supported roadworks transition:(0.000, 1.000, -0.004) separation=0.2015 impulse=0.000;Reverse supported roadworks transition:(0.000, 1.000, -0.004) separation=0.2015 impulse=0.000;Reverse supported roadworks transition:(0.000, 1.000, -0.004) separation=0.2015 impulse=0.000;",0.201,0.000,-0.011,42.597,0.000,1.000,99.442,0.702,-0.171,-42.591,-0.242,0.019
0.616,42.598,26.410,-626.090,8.666,-11.383,4,10.673,0.062,"Ground_80_320:(0.000, 1.000, -0.004) separation=0.2198 impulse=0.000;Ground_80_320:(0.000, 1.000, -0.004) separation=0.2196 impulse=0.000;Ground_80_320:(0.000, 1.000, -0.004) separation=0.2196 impulse=0.000;Ground_80_320:(0.000, 1.000, -0.004) separation=0.2197 impulse=0.000;Ground_80_320:(0.000, 1.000, -0.004) separation=0.2196 impulse=0.000;Ground_80_320:(0.000, 1.000, -0.004) separation=0.2196 impulse=0.000;Reverse supported roadworks transition:(0.000, 1.000, -0.004) separation=0.2018 impulse=0.000;Reverse supported roadworks transition:(0.000, 1.000, -0.004) separation=0.2017 impulse=0.000;Reverse supported roadworks transition:(0.000, 1.000, -0.004) separation=0.2017 impulse=0.000;Reverse supported roadworks transition:(0.000, 1.000, -0.004) separation=0.2018 impulse=0.000;Reverse supported roadworks transition:(0.000, 1.000, -0.004) separation=0.2017 impulse=0.000;Reverse supported roadworks transition:(0.000, 1.000, -0.004) separation=0.2017 impulse=0.000;",0.201,0.000,0.010,42.598,0.000,1.000,98.590,0.704,-0.153,-42.591,0.231,0.017
0.636,42.598,27.262,-626.076,8.663,-12.235,4,11.211,0.112,"Ground_80_320:(0.000, 1.000, -0.004) separation=0.2206 impulse=0.000;Ground_80_320:(0.000, 1.000, -0.004) separation=0.2196 impulse=0.000;Ground_80_320:(0.000, 1.000, -0.004) separation=0.2196 impulse=0.000;Ground_80_320:(0.000, 1.000, -0.004) separation=0.2206 impulse=0.000;Ground_80_320:(0.000, 1.000, -0.004) separation=0.2196 impulse=0.000;Ground_80_320:(0.000, 1.000, -0.004) separation=0.2196 impulse=0.000;Reverse supported roadworks transition:(0.000, 1.000, -0.004) separation=0.2026 impulse=0.000;Reverse supported roadworks transition:(0.000, 1.000, -0.004) separation=0.2016 impulse=0.000;Reverse supported roadworks transition:(0.000, 1.000, -0.004) separation=0.2016 impulse=0.000;Reverse supported roadworks transition:(0.000, 1.000, -0.004) separation=0.2026 impulse=0.000;Reverse supported roadworks transition:(0.000, 1.000, -0.004) separation=0.2016 impulse=0.000;Reverse supported roadworks transition:(0.000, 1.000, -0.004) separation=0.2017 impulse=0.000;",0.201,0.000,0.010,42.598,0.000,1.000,97.738,0.705,-0.125,-42.592,0.209,0.019
0.656,42.598,28.113,-626.062,8.661,-13.087,4,11.011,0.091,"Ground_80_320:(0.000, 1.000, -0.004) separation=0.2218 impulse=0.000;Ground_80_320:(0.000, 1.000, -0.004) separation=0.2203 impulse=0.000;Ground_80_320:(0.000, 1.000, -0.004) separation=0.2203 impulse=0.000;Ground_80_320:(0.000, 1.000, -0.004) separation=0.2218 impulse=0.000;Ground_80_320:(0.000, 1.000, -0.004) separation=0.2203 impulse=0.000;Ground_80_320:(0.000, 1.000, -0.004) separation=0.2204 impulse=0.000;Reverse supported roadworks transition:(0.000, 1.000, -0.004) separation=0.2038 impulse=0.000;Reverse supported roadworks transition:(0.000, 1.000, -0.004) separation=0.2023 impulse=0.000;Reverse supported roadworks transition:(0.000, 1.000, -0.004) separation=0.2023 impulse=0.000;Reverse supported roadworks transition:(0.000, 1.000, -0.004) separation=0.2038 impulse=0.000;Reverse supported roadworks transition:(0.000, 1.000, -0.004) separation=0.2023 impulse=0.000;Reverse supported roadworks transition:(0.000, 1.000, -0.004) separation=0.2023 impulse=0.000;",0.201,0.000,-0.009,42.598,0.000,1.000,96.887,0.703,-0.101,-42.592,-0.196,0.009
0.676,42.598,28.965,-626.048,8.660,-13.938,4,10.786,0.072,"Ground_80_320:(0.000, 1.000, -0.004) separation=0.2235 impulse=0.000;Ground_80_320:(0.000, 1.000, -0.004) separation=0.2215 impulse=0.000;Ground_80_320:(0.000, 1.000, -0.004) separation=0.2215 impulse=0.000;Ground_80_320:(0.000, 1.000, -0.004) separation=0.2235 impulse=0.000;Ground_80_320:(0.000, 1.000, -0.004) separation=0.2215 impulse=0.000;Ground_80_320:(0.000, 1.000, -0.004) separation=0.2215 impulse=0.000;Reverse supported roadworks transition:(0.000, 1.000, -0.004) separation=0.2055 impulse=0.000;Reverse supported roadworks transition:(0.000, 1.000, -0.004) separation=0.2035 impulse=0.000;Reverse supported roadworks transition:(0.000, 1.000, -0.004) separation=0.2036 impulse=0.000;Reverse supported roadworks transition:(0.000, 1.000, -0.004) separation=0.2055 impulse=0.000;Reverse supported roadworks transition:(0.000, 1.000, -0.004) separation=0.2035 impulse=0.000;Reverse supported roadworks transition:(0.000, 1.000, -0.004) separation=0.2035 impulse=0.000;",0.201,0.000,-0.008,42.598,0.000,1.000,96.035,0.702,-0.082,-42.592,-0.186,0.013
0.696,42.597,29.817,-626.034,8.658,-14.790,4,10.551,0.055,"Ground_80_320:(0.000, 1.000, -0.004) separation=0.2254 impulse=0.000;Ground_80_320:(0.000, 1.000, -0.004) separation=0.2232 impulse=0.000;Ground_80_320:(0.000, 1.000, -0.004) separation=0.2232 impulse=0.000;Ground_80_320:(0.000, 1.000, -0.004) separation=0.2254 impulse=0.000;Ground_80_320:(0.000, 1.000, -0.004) separation=0.2232 impulse=0.000;Ground_80_320:(0.000, 1.000, -0.004) separation=0.2236 impulse=0.000;Reverse supported roadworks transition:(0.000, 1.000, -0.004) separation=0.2074 impulse=0.000;Reverse supported roadworks transition:(0.000, 1.000, -0.004) separation=0.2052 impulse=0.000;Reverse supported roadworks transition:(0.000, 1.000, -0.004) separation=0.2052 impulse=0.000;Reverse supported roadworks transition:(0.000, 1.000, -0.004) separation=0.2074 impulse=0.000;Reverse supported roadworks transition:(0.000, 1.000, -0.004) separation=0.2052 impulse=0.000;Reverse supported roadworks transition:(0.000, 1.000, -0.004) separation=0.2052 impulse=0.000;",0.201,0.000,0.008,42.598,0.000,1.000,95.183,0.703,-0.067,-42.592,0.178,0.004
0.716,42.597,30.669,-626.020,8.657,-15.642,4,10.317,0.041,"Ground_80_320:(0.000, 1.000, -0.004) separation=0.2276 impulse=0.000;Ground_80_320:(0.000, 1.000, -0.004) separation=0.2253 impulse=0.000;Ground_80_320:(0.000, 1.000, -0.004) separation=0.2253 impulse=0.000;Ground_80_320:(0.000, 1.000, -0.004) separation=0.2276 impulse=0.000;Ground_80_320:(0.000, 1.000, -0.004) separation=0.2253 impulse=0.000;Ground_80_320:(0.000, 1.000, -0.004) separation=0.2253 impulse=0.000;Reverse supported roadworks transition:(0.000, 1.000, -0.004) separation=0.2096 impulse=0.000;Reverse supported roadworks transition:(0.000, 1.000, -0.004) separation=0.2073 impulse=0.000;Reverse supported roadworks transition:(0.000, 1.000, -0.004) separation=0.2073 impulse=0.000;Reverse supported roadworks transition:(0.000, 1.000, -0.004) separation=0.2096 impulse=0.000;Reverse supported roadworks transition:(0.000, 1.000, -0.004) separation=0.2073 impulse=0.000;Reverse supported roadworks transition:(0.000, 1.000, -0.004) separation=0.2073 impulse=0.000;",0.201,0.000,0.008,42.597,0.000,1.000,94.331,0.704,-0.057,-42.592,0.175,0.012
0.736,42.597,31.521,-626.006,8.656,-16.494,4,10.094,0.029,"Ground_80_320:(0.000, 1.000, -0.004) separation=0.2299 impulse=0.000;Ground_80_320:(0.000, 1.000, -0.004) separation=0.2276 impulse=0.000;Ground_80_320:(0.000, 1.000, -0.004) separation=0.2276 impulse=0.000;Ground_80_320:(0.000, 1.000, -0.004) separation=0.2299 impulse=0.000;Ground_80_320:(0.000, 1.000, -0.004) separation=0.2276 impulse=0.000;Ground_80_320:(0.000, 1.000, -0.004) separation=0.2276 impulse=0.000;Reverse supported roadworks transition:(0.000, 1.000, -0.004) separation=0.2119 impulse=0.000;Reverse supported roadworks transition:(0.000, 1.000, -0.004) separation=0.2096 impulse=0.000;Reverse supported roadworks transition:(0.000, 1.000, -0.004) separation=0.2096 impulse=0.000;Reverse supported roadworks transition:(0.000, 1.000, -0.004) separation=0.2119 impulse=0.000;Reverse supported roadworks transition:(0.000, 1.000, -0.004) separation=0.2096 impulse=0.000;Reverse supported roadworks transition:(0.000, 1.000, -0.004) separation=0.2096 impulse=0.000;",0.201,0.000,-0.008,42.597,0.000,1.000,93.479,0.702,-0.051,-42.592,-0.175,0.001
0.756,42.597,32.373,-625.992,8.655,-17.346,4,9.889,0.019,"Ground_80_320:(0.000, 1.000, -0.004) separation=0.2323 impulse=0.000;Ground_80_320:(0.000, 1.000, -0.004) separation=0.2300 impulse=0.000;Ground_80_320:(0.000, 1.000, -0.004) separation=0.2300 impulse=0.000;Ground_80_320:(0.000, 1.000, -0.004) separation=0.2323 impulse=0.000;Ground_80_320:(0.000, 1.000, -0.004) separation=0.2300 impulse=0.000;Ground_80_320:(0.000, 1.000, -0.004) separation=0.2300 impulse=0.000;Reverse supported roadworks transition:(0.000, 1.000, -0.004) separation=0.2144 impulse=0.000;Reverse supported roadworks transition:(0.000, 1.000, -0.004) separation=0.2120 impulse=0.000;Reverse supported roadworks transition:(0.000, 1.000, -0.004) separation=0.2120 impulse=0.000;Reverse supported roadworks transition:(0.000, 1.000, -0.004) separation=0.2143 impulse=0.000;Reverse supported roadworks transition:(0.000, 1.000, -0.004) separation=0.2120 impulse=0.000;Reverse supported roadworks transition:(0.000, 1.000, -0.004) separation=0.2120 impulse=0.000;",0.201,0.000,-0.008,42.597,0.000,1.000,92.627,0.701,-0.050,-42.592,-0.175,0.011
0.776,42.597,33.225,-625.978,8.654,-18.198,4,9.706,0.011,"Ground_80_320:(0.000, 1.000, -0.004) separation=0.2347 impulse=0.000;Ground_80_320:(0.000, 1.000, -0.004) separation=0.2325 impulse=0.000;Ground_80_320:(0.000, 1.000, -0.004) separation=0.2325 impulse=0.000;Ground_80_320:(0.000, 1.000, -0.004) separation=0.2347 impulse=0.000;Ground_80_320:(0.000, 1.000, -0.004) separation=0.2325 impulse=0.000;Ground_80_320:(0.000, 1.000, -0.004) separation=0.2325 impulse=0.000;Reverse supported roadworks transition:(0.000, 1.000, -0.004) separation=0.2168 impulse=0.000;Reverse supported roadworks transition:(0.000, 1.000, -0.004) separation=0.2145 impulse=0.000;Reverse supported roadworks transition:(0.000, 1.000, -0.004) separation=0.2145 impulse=0.000;Reverse supported roadworks transition:(0.000, 1.000, -0.004) separation=0.2167 impulse=0.000;Reverse supported roadworks transition:(0.000, 1.000, -0.004) separation=0.2145 impulse=0.000;Reverse supported roadworks transition:(0.000, 1.000, -0.004) separation=0.2145 impulse=0.000;",0.201,0.000,0.008,42.597,0.000,1.000,91.775,0.702,-0.052,-42.591,0.176,0.003
0.796,42.597,34.077,-625.964,8.653,-19.049,4,9.550,0.005,"Ground_80_320:(0.000, 1.000, -0.004) separation=0.2371 impulse=0.000;Ground_80_320:(0.000, 1.000, -0.004) separation=0.2350 impulse=0.000;Ground_80_320:(0.000, 1.000, -0.004) separation=0.2350 impulse=0.000;Ground_80_320:(0.000, 1.000, -0.004) separation=0.2371 impulse=0.000;Ground_80_320:(0.000, 1.000, -0.004) separation=0.2350 impulse=0.000;Ground_80_320:(0.000, 1.000, -0.004) separation=0.2352 impulse=0.000;Reverse supported roadworks transition:(0.000, 1.000, -0.004) separation=0.2191 impulse=0.000;Reverse supported roadworks transition:(0.000, 1.000, -0.004) separation=0.2170 impulse=0.000;Reverse supported roadworks transition:(0.000, 1.000, -0.004) separation=0.2170 impulse=0.000;Reverse supported roadworks transition:(0.000, 1.000, -0.004) separation=0.2191 impulse=0.000;Reverse supported roadworks transition:(0.000, 1.000, -0.004) separation=0.2170 impulse=0.000;Reverse supported roadworks transition:(0.000, 1.000, -0.004) separation=0.2170 impulse=0.000;",0.201,0.000,0.008,42.597,0.000,1.000,90.923,0.702,-0.057,-42.591,0.178,0.013
0.816,42.597,34.929,-625.950,8.652,-19.901,4,9.422,0.000,"Ground_80_320:(0.000, 1.000, -0.004) separation=0.2393 impulse=0.000;Ground_80_320:(0.000, 1.000, -0.004) separation=0.2373 impulse=0.000;Ground_80_320:(0.000, 1.000, -0.004) separation=0.2373 impulse=0.000;Ground_80_320:(0.000, 1.000, -0.004) separation=0.2393 impulse=0.000;Ground_80_320:(0.000, 1.000, -0.004) separation=0.2373 impulse=0.000;Ground_80_320:(0.000, 1.000, -0.004) separation=0.2373 impulse=0.000;Reverse supported roadworks transition:(0.000, 1.000, -0.004) separation=0.2211 impulse=0.000;Reverse supported roadworks transition:(0.000, 1.000, -0.004) separation=0.2193 impulse=0.000;Reverse supported roadworks transition:(0.000, 1.000, -0.004) separation=0.2193 impulse=0.000;Reverse supported roadworks transition:(0.000, 1.000, -0.004) separation=0.2211 impulse=0.000;Reverse supported roadworks transition:(0.000, 1.000, -0.004) separation=0.2193 impulse=0.000;Reverse supported roadworks transition:(0.000, 1.000, -0.004) separation=0.2193 impulse=0.000;",0.201,0.000,-0.008,42.597,0.000,1.000,90.071,0.700,-0.065,-42.591,-0.182,0.004
0.836,42.597,35.781,-625.936,8.650,-20.753,4,9.358,0.034,"Ground_80_320:(0.000, 1.000, -0.004) separation=0.2413 impulse=0.000;Ground_80_320:(0.000, 1.000, -0.004) separation=0.2395 impulse=0.000;Ground_80_320:(0.000, 1.000, -0.004) separation=0.2396 impulse=0.000;Ground_80_320:(0.000, 1.000, -0.004) separation=0.2413 impulse=0.000;Ground_80_320:(0.000, 1.000, -0.004) separation=0.2395 impulse=0.000;Ground_80_320:(0.000, 1.000, -0.004) separation=0.2396 impulse=0.000;Reverse supported roadworks transition:(0.000, 1.000, -0.001) separation=0.2211 impulse=0.000;Reverse supported roadworks transition:(0.000, 1.000, -0.001) separation=0.2216 impulse=0.000;Reverse supported roadworks transition:(0.000, 1.000, -0.001) separation=0.2216 impulse=0.000;Reverse supported roadworks transition:(0.000, 1.000, -0.001) separation=0.2213 impulse=0.000;Reverse supported roadworks transition:(0.000, 1.000, -0.001) separation=0.2211 impulse=0.000;Reverse supported roadworks transition:(0.000, 1.000, -0.001) separation=0.2211 impulse=0.000;",0.201,0.000,-0.008,42.597,0.000,1.000,89.219,0.699,-0.074,-42.591,-0.188,0.013
0.856,42.597,36.633,-625.922,8.648,-21.605,4,9.396,0.069,"Ground_80_320:(0.000, 1.000, -0.004) separation=0.2432 impulse=0.000;Ground_80_320:(0.000, 1.000, -0.004) separation=0.2416 impulse=0.000;Ground_80_320:(0.000, 1.000, -0.004) separation=0.2416 impulse=0.000;Ground_80_320:(0.000, 1.000, -0.004) separation=0.2432 impulse=0.000;Ground_80_320:(0.000, 1.000, -0.004) separation=0.2416 impulse=0.000;Ground_80_320:(0.000, 1.000, -0.004) separation=0.2416 impulse=0.000;Reverse supported roadworks transition:(0.000, 1.000, -0.001) separation=0.2182 impulse=0.000;Reverse supported roadworks transition:(0.000, 1.000, -0.001) separation=0.2236 impulse=0.000;Reverse supported roadworks transition:(0.000, 1.000, -0.001) separation=0.2236 impulse=0.000;Reverse supported roadworks transition:(0.000, 1.000, -0.001) separation=0.2191 impulse=0.000;Reverse supported roadworks transition:(0.000, 1.000, -0.001) separation=0.2182 impulse=0.000;Reverse supported roadworks transition:(0.000, 1.000, -0.001) separation=0.2182 impulse=0.000;",0.201,0.000,0.009,42.597,0.000,1.000,88.367,0.700,-0.082,-42.591,0.190,0.002
0.876,42.597,37.485,-625.908,8.647,-22.457,4,9.587,0.054,"Ground_80_320:(0.000, 1.000, -0.004) separation=0.2450 impulse=0.000;Ground_80_320:(0.000, 1.000, -0.004) separation=0.2433 impulse=0.000;Ground_80_320:(0.000, 1.000, -0.004) separation=0.2433 impulse=0.000;Ground_80_320:(0.000, 1.000, -0.004) separation=0.2450 impulse=0.000;Ground_80_320:(0.000, 1.000, -0.004) separation=0.2433 impulse=0.000;Ground_80_320:(0.000, 1.000, -0.004) separation=0.2433 impulse=0.000;Reverse supported roadworks transition:(0.001, 1.000, 0.003) separation=0.2126 impulse=0.000;Reverse supported roadworks transition:(0.001, 1.000, 0.003) separation=0.2249 impulse=0.000;Reverse supported roadworks transition:(0.001, 1.000, 0.003) separation=0.2249 impulse=0.000;Reverse supported roadworks transition:(0.001, 1.000, 0.003) separation=0.2143 impulse=0.000;Reverse supported roadworks transition:(0.001, 1.000, 0.003) separation=0.2126 impulse=0.000;Reverse supported roadworks transition:(0.001, 1.000, 0.003) separation=0.2126 impulse=0.000;",0.201,0.000,0.009,42.597,0.000,1.000,87.515,0.701,-0.087,-42.591,0.189,0.015
0.896,42.597,38.337,-625.894,8.645,-23.308,4,9.947,0.145,"Ground_80_320:(0.000, 1.000, -0.004) separation=0.2468 impulse=0.000;Ground_80_320:(0.000, 1.000, -0.004) separation=0.2448 impulse=0.000;Ground_80_320:(0.000, 1.000, -0.004) separation=0.2449 impulse=0.000;Ground_80_320:(0.000, 1.000, -0.004) separation=0.2468 impulse=0.000;Ground_80_320:(0.000, 1.000, -0.004) separation=0.2449 impulse=0.000;Ground_80_320:(0.000, 1.000, -0.004) separation=0.2449 impulse=0.000;Reverse supported roadworks transition:(0.001, 1.000, 0.007) separation=0.2044 impulse=0.000;Reverse supported roadworks transition:(0.001, 1.000, 0.007) separation=0.2239 impulse=0.000;Reverse supported roadworks transition:(0.001, 1.000, 0.007) separation=0.2237 impulse=0.000;Reverse supported roadworks transition:(0.001, 1.000, 0.007) separation=0.2078 impulse=0.000;Reverse supported roadworks transition:(0.001, 1.000, 0.007) separation=0.2044 impulse=0.000;Reverse supported roadworks transition:(0.001, 1.000, 0.007) separation=0.2044 impulse=0.000;",0.201,0.000,-0.008,42.597,0.000,1.000,86.663,0.699,-0.084,-42.591,-0.181,0.015
0.916,42.597,39.188,-625.880,8.644,-24.160,4,10.452,0.166,"Ground_80_320:(0.000, 1.000, -0.004) separation=0.2489 impulse=0.000;Ground_80_320:(0.000, 1.000, -0.004) separation=0.2462 impulse=0.000;Ground_80_320:(0.000, 1.000, -0.004) separation=0.2463 impulse=0.000;Ground_80_320:(0.000, 1.000, -0.004) separation=0.2489 impulse=0.000;Ground_80_320:(0.000, 1.000, -0.004) separation=0.2462 impulse=0.000;Ground_80_320:(0.000, 1.000, -0.004) separation=0.2463 impulse=0.000;Reverse supported roadworks transition:(0.002, 1.000, 0.010) separation=0.1940 impulse=0.000;Reverse supported roadworks transition:(0.002, 1.000, 0.010) separation=0.2208 impulse=0.000;Reverse supported roadworks transition:(0.002, 1.000, 0.010) separation=0.2197 impulse=0.000;Reverse supported roadworks transition:(0.002, 1.000, 0.010) separation=0.1996 impulse=0.000;Reverse supported roadworks transition:(0.002, 1.000, 0.010) separation=0.1940 impulse=0.000;Reverse supported roadworks transition:(0.002, 1.000, 0.010) separation=0.1940 impulse=0.000;",0.201,0.000,-0.007,42.597,0.000,1.000,85.812,0.697,-0.071,-42.591,-0.166,0.028
0.936,42.597,40.040,-625.866,8.643,-25.012,4,11.104,0.153,"Ground_80_320:(0.000, 1.000, -0.004) separation=0.2516 impulse=0.000;Ground_80_320:(0.000, 1.000, -0.004) separation=0.2476 impulse=0.000;Ground_80_320:(0.000, 1.000, -0.004) separation=0.2477 impulse=0.000;Ground_80_320:(0.000, 1.000, -0.004) separation=0.2514 impulse=0.000;Ground_80_320:(0.000, 1.000, -0.004) separation=0.2476 impulse=0.000;Ground_80_320:(0.000, 1.000, -0.004) separation=0.2483 impulse=0.000;Reverse supported roadworks transition:(0.003, 1.000, 0.013) separation=0.1813 impulse=0.000;Reverse supported roadworks transition:(0.003, 1.000, 0.013) separation=0.2156 impulse=0.000;Reverse supported roadworks transition:(0.003, 1.000, 0.013) separation=0.2132 impulse=0.000;Reverse supported roadworks transition:(0.003, 1.000, 0.013) separation=0.1881 impulse=0.000;Reverse supported roadworks transition:(0.003, 1.000, 0.013) separation=0.1812 impulse=0.000;Reverse supported roadworks transition:(0.003, 1.000, 0.013) separation=0.1812 impulse=0.000;",0.201,0.000,-0.006,42.597,0.000,1.000,84.960,0.698,-0.045,-42.591,-0.133,0.040
0.956,42.597,40.892,-625.852,8.643,-25.863,4,11.865,0.134,"Ground_80_320:(0.000, 1.000, -0.004) separation=0.2550 impulse=0.000;Ground_80_320:(0.000, 1.000, -0.004) separation=0.2491 impulse=0.000;Ground_80_320:(0.000, 1.000, -0.004) separation=0.2494 impulse=0.000;Ground_80_320:(0.000, 1.000, -0.004) separation=0.2547 impulse=0.000;Ground_80_320:(0.000, 1.000, -0.004) separation=0.2493 impulse=0.000;Ground_80_320:(0.000, 1.000, -0.004) separation=0.2493 impulse=0.000;Reverse supported roadworks transition:(0.004, 1.000, 0.016) separation=0.1668 impulse=0.000;Reverse supported roadworks transition:(0.004, 1.000, 0.016) separation=0.2074 impulse=0.000;Reverse supported roadworks transition:(0.004, 1.000, 0.016) separation=0.2042 impulse=0.000;Reverse supported roadworks transition:(0.004, 1.000, 0.016) separation=0.1765 impulse=0.000;Reverse supported roadworks transition:(0.004, 1.000, 0.016) separation=0.1667 impulse=0.000;Reverse supported roadworks transition:(0.004, 1.000, 0.016) separation=0.1667 impulse=0.000;",0.202,0.000,0.004,42.597,0.000,1.000,84.108,0.702,-0.004,-42.591,0.091,0.049
0.976,42.596,41.743,-625.838,8.644,-26.715,4,12.661,0.130,"Ground_80_320:(0.000, 1.000, -0.004) separation=0.2595 impulse=0.000;Ground_80_320:(0.000, 1.000, -0.004) separation=0.2512 impulse=0.000;Ground_80_320:(0.000, 1.000, -0.004) separation=0.2517 impulse=0.000;Ground_80_320:(0.000, 1.000, -0.004) separation=0.2590 impulse=0.000;Ground_80_320:(0.000, 1.000, -0.004) separation=0.2513 impulse=0.000;Ground_80_320:(0.000, 1.000, -0.004) separation=0.2515 impulse=0.000;Reverse supported roadworks transition:(0.003, 1.000, 0.019) separation=0.1509 impulse=0.000;Reverse supported roadworks transition:(0.003, 1.000, 0.019) separation=0.1984 impulse=0.000;Reverse supported roadworks transition:(0.003, 1.000, 0.019) separation=0.1933 impulse=0.000;Reverse supported roadworks transition:(0.003, 1.000, 0.019) separation=0.1640 impulse=0.000;Reverse supported roadworks transition:(0.003, 1.000, 0.019) separation=0.1507 impulse=0.000;Reverse supported roadworks transition:(0.003, 1.000, 0.019) separation=0.1515 impulse=0.000;",0.202,0.000,0.002,42.596,0.000,1.000,83.257,0.706,0.054,-42.590,0.044,0.061
0.996,42.596,42.595,-625.823,8.646,-27.566,4,13.514,0.102,"Ground_80_320:(0.000, 1.000, -0.004) separation=0.2656 impulse=0.000;Ground_80_320:(0.000, 1.000, -0.004) separation=0.2541 impulse=0.000;Ground_80_320:(0.000, 1.000, -0.004) separation=0.2550 impulse=0.000;Ground_80_320:(0.000, 1.000, -0.004) separation=0.2647 impulse=0.000;Ground_80_320:(0.000, 1.000, -0.004) separation=0.2546 impulse=0.000;Ground_80_320:(0.000, 1.000, -0.004) separation=0.2549 impulse=0.000;Reverse supported roadworks transition:(0.004, 1.000, 0.022) separation=0.1337 impulse=0.000;Reverse supported roadworks transition:(0.004, 1.000, 0.022) separation=0.1882 impulse=0.000;Reverse supported roadworks transition:(0.004, 1.000, 0.022) separation=0.1806 impulse=0.000;Reverse supported roadworks transition:(0.004, 1.000, 0.022) separation=0.1486 impulse=0.000;Reverse supported roadworks transition:(0.004, 1.000, 0.022) separation=0.1334 impulse=0.000;Reverse supported roadworks transition:(0.004, 1.000, 0.022) separation=0.1427 impulse=0.000;",0.202,0.000,0.002,42.596,0.000,1.000,82.405,0.710,0.128,-42.589,0.040,0.072
1.016,42.595,43.446,-625.809,8.651,-28.417,4,14.379,0.077,"Ground_80_320:(0.000, 1.000, -0.004) separation=0.2734 impulse=0.000;Ground_80_320:(0.000, 1.000, -0.004) separation=0.2582 impulse=0.000;Ground_80_320:(0.000, 1.000, -0.004) separation=0.2595 impulse=0.000;Ground_80_320:(0.000, 1.000, -0.004) separation=0.2721 impulse=0.000;Ground_80_320:(0.000, 1.000, -0.004) separation=0.2586 impulse=0.000;Ground_80_320:(0.000, 1.000, -0.004) separation=0.2590 impulse=0.000;Reverse supported roadworks transition:(0.009, 1.000, 0.021) separation=0.1157 impulse=0.000;Reverse supported roadworks transition:(0.009, 1.000, 0.021) separation=0.1754 impulse=0.000;Reverse supported roadworks transition:(0.009, 1.000, 0.021) separation=0.1666 impulse=0.000;Reverse supported roadworks transition:(0.009, 1.000, 0.021) separation=0.1346 impulse=0.000;Reverse supported roadworks transition:(0.009, 1.000, 0.021) separation=0.1152 impulse=0.000;Reverse supported roadworks transition:(0.009, 1.000, 0.021) separation=0.1153 impulse=0.000;",0.202,0.000,0.005,42.595,0.000,1.000,81.554,0.713,0.220,-42.588,0.115,0.084
1.036,42.594,44.298,-625.795,8.657,-29.269,4,15.186,0.080,"Ground_80_320:(0.000, 1.000, -0.004) separation=0.2834 impulse=0.000;Ground_80_320:(0.000, 1.000, -0.004) separation=0.2638 impulse=0.000;Ground_80_320:(0.000, 1.000, -0.004) separation=0.2657 impulse=0.000;Ground_80_320:(0.000, 1.000, -0.004) separation=0.2815 impulse=0.000;Ground_80_320:(0.000, 1.000, -0.004) separation=0.2649 impulse=0.000;Ground_80_320:(0.000, 1.000, -0.004) separation=0.2671 impulse=0.000;Reverse supported roadworks transition:(0.011, 1.000, 0.029) separation=0.0973 impulse=0.000;Reverse supported roadworks transition:(0.011, 1.000, 0.029) separation=0.1634 impulse=0.000;Reverse supported roadworks transition:(0.011, 1.000, 0.029) separation=0.1516 impulse=0.000;Reverse supported roadworks transition:(0.011, 1.000, 0.029) separation=0.1206 impulse=0.000;Reverse supported roadworks transition:(0.011, 1.000, 0.029) separation=0.0966 impulse=0.000;Reverse supported roadworks transition:(0.011, 1.000, 0.029) separation=0.0966 impulse=0.000;",0.203,0.000,0.009,42.594,0.000,1.000,80.702,0.715,0.328,-42.587,0.206,0.097
1.056,42.593,45.149,-625.780,8.666,-30.120,4,15.956,0.200,"Ground_80_320:(0.000, 1.000, -0.004) separation=0.2958 impulse=0.000;Ground_80_320:(0.000, 1.000, -0.004) separation=0.2712 impulse=0.000;Ground_80_320:(0.000, 1.000, -0.004) separation=0.2738 impulse=0.000;Ground_80_320:(0.000, 1.000, -0.004) separation=0.2932 impulse=0.000;Ground_80_320:(0.000, 1.000, -0.004) separation=0.2726 impulse=0.000;Ground_80_320:(0.000, 1.000, -0.004) separation=0.2728 impulse=0.000;Reverse supported roadworks transition:(0.013, 1.000, 0.025) separation=0.0787 impulse=0.000;Reverse supported roadworks transition:(0.013, 1.000, 0.025) separation=0.1512 impulse=0.000;Reverse supported roadworks transition:(0.013, 1.000, 0.025) separation=0.1360 impulse=0.000;Reverse supported roadworks transition:(0.013, 1.000, 0.025) separation=0.1060 impulse=0.000;Reverse supported roadworks transition:(0.013, 1.000, 0.025) separation=0.0778 impulse=0.000;Reverse supported roadworks transition:(0.013, 1.000, 0.025) separation=0.0778 impulse=0.000;",0.203,0.000,-0.014,42.593,0.000,1.000,79.851,0.712,0.451,-42.584,-0.309,0.103
1.076,42.591,46.000,-625.766,8.678,-30.971,4,16.667,0.259,"Ground_80_320:(0.000, 1.000, -0.004) separation=0.3110 impulse=0.000;Ground_80_320:(0.000, 1.000, -0.004) separation=0.2808 impulse=0.000;Ground_80_320:(0.000, 1.000, -0.004) separation=0.2844 impulse=0.000;Ground_80_320:(0.000, 1.000, -0.004) separation=0.3073 impulse=0.000;Ground_80_320:(0.000, 1.000, -0.004) separation=0.2831 impulse=0.000;Ground_80_320:(0.000, 1.000, -0.004) separation=0.2904 impulse=0.000;Reverse supported roadworks transition:(0.016, 0.999, 0.029) separation=0.0601 impulse=0.000;Reverse supported roadworks transition:(0.016, 0.999, 0.029) separation=0.1385 impulse=0.000;Reverse supported roadworks transition:(0.016, 0.999, 0.029) separation=0.1086 impulse=0.000;Reverse supported roadworks transition:(0.016, 0.999, 0.029) separation=0.0903 impulse=0.000;Reverse supported roadworks transition:(0.016, 0.999, 0.029) separation=0.0588 impulse=0.000;Reverse supported roadworks transition:(0.016, 0.999, 0.029) separation=0.0588 impulse=0.000;",0.204,0.000,0.019,42.592,0.000,1.000,79.000,0.712,0.588,-42.582,0.421,0.112
1.096,42.590,46.851,-625.751,8.693,-31.822,4,17.271,0.067,"Ground_80_320:(0.000, 1.000, -0.004) separation=0.3290 impulse=0.000;Ground_80_320:(0.000, 1.000, -0.004) separation=0.2929 impulse=0.000;Ground_80_320:(0.000, 1.000, -0.004) separation=0.2977 impulse=0.000;Ground_80_320:(0.000, 1.000, -0.004) separation=0.3242 impulse=0.000;Ground_80_320:(0.000, 1.000, -0.004) separation=0.2958 impulse=0.000;Ground_80_320:(0.000, 1.000, -0.004) separation=0.2958 impulse=0.000;Reverse supported roadworks transition:(0.018, 0.999, 0.038) separation=0.0419 impulse=0.000;Reverse supported roadworks transition:(0.018, 0.999, 0.038) separation=0.1248 impulse=0.000;Reverse supported roadworks transition:(0.018, 0.999, 0.038) separation=0.1044 impulse=0.000;Reverse supported roadworks transition:(0.018, 0.999, 0.038) separation=0.0773 impulse=0.000;Reverse supported roadworks transition:(0.018, 0.999, 0.038) separation=0.0402 impulse=0.000;Reverse supported roadworks transition:(0.018, 0.999, 0.038) separation=0.0402 impulse=0.000;",0.204,0.000,-0.024,42.590,0.000,1.000,78.149,0.708,0.738,-42.578,-0.537,0.122
1.116,42.588,47.702,-625.737,8.711,-32.673,4,17.766,0.083,"Ground_80_320:(0.000, 1.000, -0.004) separation=0.3505 impulse=0.000;Ground_80_320:(0.000, 1.000, -0.004) separation=0.3077 impulse=0.000;Ground_80_320:(0.000, 1.000, -0.004) separation=0.3140 impulse=0.000;Ground_80_320:(0.000, 1.000, -0.004) separation=0.3442 impulse=0.000;Ground_80_320:(0.000, 1.000, -0.004) separation=0.3091 impulse=0.000;Ground_80_320:(0.000, 1.000, -0.004) separation=0.3118 impulse=0.000;Reverse supported roadworks transition:(0.022, 0.999, 0.042) separation=0.0245 impulse=0.000;Reverse supported roadworks transition:(0.022, 0.999, 0.042) separation=0.1135 impulse=0.000;Reverse supported roadworks transition:(0.022, 0.999, 0.042) separation=0.0815 impulse=0.000;Reverse supported roadworks transition:(0.022, 0.999, 0.042) separation=0.0654 impulse=0.000;Reverse supported roadworks transition:(0.022, 0.999, 0.042) separation=0.0222 impulse=0.000;Reverse supported roadworks transition:(0.022, 0.999, 0.042) separation=0.0222 impulse=0.000;Reverse supported roadworks transition:(0.054, 0.997, 0.047) separation=0.0464 impulse=0.000;",0.205,0.000,-0.030,42.589,0.000,1.000,77.298,0.709,0.897,-42.573,-0.664,0.143
1.136,42.542,48.550,-625.721,8.736,-33.520,4,18.233,0.105,"Ground_80_320:(0.000, 1.000, -0.004) separation=0.3754 impulse=0.000;Ground_80_320:(0.000, 1.000, -0.004) separation=0.3253 impulse=0.000;Ground_80_320:(0.000, 1.000, -0.004) separation=0.3334 impulse=0.000;Ground_80_320:(0.000, 1.000, -0.004) separation=0.3674 impulse=0.000;Ground_80_320:(0.000, 1.000, -0.004) separation=0.3307 impulse=0.000;Ground_80_320:(0.000, 1.000, -0.004) separation=0.3335 impulse=0.000;Reverse supported roadworks transition:(0.024, 0.999, 0.044) separation=0.0078 impulse=68.988;Reverse supported roadworks transition:(0.024, 0.999, 0.044) separation=0.1030 impulse=68.988;Reverse supported roadworks transition:(0.024, 0.999, 0.044) separation=0.0493 impulse=68.988;Reverse supported roadworks transition:(0.024, 0.999, 0.044) separation=0.0508 impulse=68.988;Reverse supported roadworks transition:(0.024, 0.999, 0.044) separation=0.0049 impulse=68.988;Reverse supported roadworks transition:(0.024, 0.999, 0.044) separation=0.0049 impulse=68.988;Reverse supported roadworks transition:(0.058, 0.997, 0.049) separation=0.0270 impulse=68.988;Reverse supported roadworks transition:(0.058, 0.997, 0.049) separation=0.0270 impulse=68.988;Reverse supported roadworks transition:(0.058, 0.997, 0.049) separation=0.0270 impulse=68.988;Reverse supported roadworks transition:(0.063, 0.998, -0.003) separation=-0.0492 impulse=68.988;Reverse supported roadworks transition:(-0.001, 0.999, 0.050) separation=0.0511 impulse=68.988;Reverse supported roadworks transition:(-0.001, 0.999, 0.050) separation=0.0511 impulse=68.988;",0.206,0.000,0.036,42.542,0.000,1.000,76.450,0.730,1.266,-42.517,0.801,0.553
1.156,42.539,49.395,-625.705,8.768,-34.365,4,19.417,2.763,"Ground_80_320:(0.000, 1.000, -0.004) separation=0.4190 impulse=0.000;Ground_80_320:(0.000, 1.000, -0.004) separation=0.3390 impulse=0.000;Ground_80_320:(0.000, 1.000, -0.004) separation=0.3527 impulse=0.000;Ground_80_320:(0.000, 1.000, -0.004) separation=0.4053 impulse=0.000;Ground_80_320:(0.000, 1.000, -0.004) separation=0.3450 impulse=0.000;Ground_80_320:(0.000, 1.000, -0.004) separation=0.3483 impulse=0.000;Reverse supported roadworks transition:(0.028, 0.999, 0.047) separation=0.0072 impulse=0.000;Reverse supported roadworks transition:(0.028, 0.999, 0.047) separation=0.0830 impulse=0.000;Reverse supported roadworks transition:(0.028, 0.999, 0.047) separation=0.0538 impulse=0.000;Reverse supported roadworks transition:(0.028, 0.999, 0.047) separation=0.0524 impulse=0.000;Reverse supported roadworks transition:(0.028, 0.999, 0.047) separation=0.0023 impulse=0.000;Reverse supported roadworks transition:(0.028, 0.999, 0.047) separation=0.0023 impulse=0.000;Reverse supported roadworks transition:(-0.001, 0.999, 0.053) separation=0.0454 impulse=0.000;Reverse supported roadworks transition:(0.067, 0.996, 0.052) separation=0.0222 impulse=0.000;Reverse supported roadworks transition:(-0.001, 0.999, 0.051) separation=0.0441 impulse=0.000;Reverse supported roadworks transition:(0.067, 0.996, 0.052) separation=0.0222 impulse=0.000;Reverse supported roadworks transition:(-0.001, 0.999, 0.053) separation=0.0454 impulse=0.000;Reverse supported roadworks transition:(0.073, 0.997, -0.003) separation=-0.0888 impulse=0.000;",0.229,0.000,0.063,42.541,0.000,0.999,75.605,0.737,1.458,-42.509,1.393,0.469
1.176,42.531,50.243,-625.690,8.803,-35.213,4,24.423,2.492,"Ground_80_320:(0.000, 1.000, -0.004) separation=0.4783 impulse=0.000;Ground_80_320:(0.000, 1.000, -0.004) separation=0.3510 impulse=0.000;Ground_80_320:(0.000, 1.000, -0.004) separation=0.3687 impulse=0.000;Ground_80_320:(0.000, 1.000, -0.004) separation=0.4605 impulse=0.000;Ground_80_320:(0.000, 1.000, -0.004) separation=0.3631 impulse=0.000;Ground_80_320:(0.000, 1.000, -0.004) separation=0.3845 impulse=0.000;Reverse supported roadworks transition:(0.032, 0.998, 0.051) separation=0.0198 impulse=0.000;Reverse supported roadworks transition:(0.032, 0.998, 0.051) separation=0.0625 impulse=0.000;Reverse supported roadworks transition:(0.032, 0.998, 0.051) separation=0.0329 impulse=0.000;Reverse supported roadworks transition:(0.032, 0.998, 0.051) separation=0.0694 impulse=0.000;Reverse supported roadworks transition:(0.032, 0.998, 0.051) separation=0.0135 impulse=0.000;Reverse supported roadworks transition:(0.032, 0.998, 0.051) separation=0.0135 impulse=0.000;",0.230,0.000,0.111,42.533,0.000,0.999,74.757,0.739,1.750,-42.490,2.449,0.433
1.196,42.522,51.091,-625.675,8.844,-36.061,4,24.640,2.277,"Ground_80_320:(0.000, 1.000, -0.004) separation=0.5267 impulse=0.000;Ground_80_320:(0.000, 1.000, -0.004) separation=0.3792 impulse=0.000;Ground_80_320:(0.000, 1.000, -0.004) separation=0.4014 impulse=0.000;Ground_80_320:(0.000, 1.000, -0.004) separation=0.5044 impulse=0.000;Ground_80_320:(0.000, 1.000, -0.004) separation=0.3939 impulse=0.000;Ground_80_320:(0.000, 1.000, -0.004) separation=0.3948 impulse=0.000;Reverse supported roadworks transition:(0.036, 0.998, 0.043) separation=0.0192 impulse=0.000;Reverse supported roadworks transition:(0.036, 0.998, 0.043) separation=0.0563 impulse=0.000;Reverse supported roadworks transition:(0.036, 0.998, 0.043) separation=0.0237 impulse=0.000;Reverse supported roadworks transition:(0.036, 0.998, 0.043) separation=0.0685 impulse=0.000;Reverse supported roadworks transition:(0.036, 0.998, 0.043) separation=0.0110 impulse=0.000;Reverse supported roadworks transition:(0.036, 0.998, 0.043) separation=0.0110 impulse=0.000;",0.235,0.000,-0.127,42.524,0.000,0.998,73.909,0.702,2.048,-42.468,-2.840,0.294
1.216,42.514,51.939,-625.660,8.890,-36.909,4,24.014,1.873,"Ground_80_320:(0.000, 1.000, -0.004) separation=0.5790 impulse=0.000;Ground_80_320:(0.000, 1.000, -0.004) separation=0.4154 impulse=0.000;Ground_80_320:(0.000, 1.000, -0.004) separation=0.4422 impulse=0.000;Ground_80_320:(0.000, 1.000, -0.004) separation=0.5522 impulse=0.000;Ground_80_320:(0.000, 1.000, -0.004) separation=0.4179 impulse=0.000;Ground_80_320:(0.000, 1.000, -0.004) separation=0.4235 impulse=0.000;Reverse supported roadworks transition:(0.040, 0.998, 0.048) separation=0.0195 impulse=0.000;Reverse supported roadworks transition:(0.040, 0.998, 0.048) separation=0.0527 impulse=0.000;Reverse supported roadworks transition:(0.040, 0.998, 0.048) separation=0.0202 impulse=0.000;Reverse supported roadworks transition:(0.040, 0.998, 0.048) separation=0.0726 impulse=0.000;Reverse supported roadworks transition:(0.040, 0.998, 0.048) separation=0.0096 impulse=0.000;Reverse supported roadworks transition:(0.040, 0.998, 0.048) separation=0.0097 impulse=0.000;",0.239,0.000,-0.140,42.515,0.000,0.998,73.061,0.669,2.332,-42.445,-3.124,0.282
1.236,42.505,52.787,-625.646,8.942,-37.756,4,22.736,1.162,"Ground_80_320:(0.000, 1.000, -0.004) separation=0.6353 impulse=0.000;Ground_80_320:(0.000, 1.000, -0.004) separation=0.4590 impulse=0.000;Ground_80_320:(0.000, 1.000, -0.004) separation=0.4904 impulse=0.000;Ground_80_320:(0.000, 1.000, -0.004) separation=0.6039 impulse=0.000;Ground_80_320:(0.000, 1.000, -0.004) separation=0.4751 impulse=0.000;Ground_80_320:(0.000, 1.000, -0.004) separation=0.4816 impulse=0.000;Reverse supported roadworks transition:(0.039, 0.998, 0.057) separation=0.0212 impulse=0.000;Reverse supported roadworks transition:(0.039, 0.998, 0.057) separation=0.0563 impulse=0.000;Reverse supported roadworks transition:(0.039, 0.998, 0.057) separation=0.0206 impulse=0.000;Reverse supported roadworks transition:(0.039, 0.998, 0.057) separation=0.0799 impulse=0.000;Reverse supported roadworks transition:(0.039, 0.998, 0.057) separation=0.0093 impulse=0.000;Reverse supported roadworks transition:(0.039, 0.998, 0.057) separation=0.0093 impulse=0.000;",0.243,0.000,-0.148,42.506,0.000,0.998,72.213,0.676,2.590,-42.422,-3.312,0.382
1.256,42.496,53.634,-625.630,8.998,-38.604,4,21.175,1.216,"Ground_80_320:(0.000, 1.000, -0.004) separation=0.6957 impulse=0.000;Ground_80_320:(0.000, 1.000, -0.004) separation=0.5089 impulse=0.000;Ground_80_320:(0.000, 1.000, -0.004) separation=0.5452 impulse=0.000;Ground_80_320:(0.000, 1.000, -0.004) separation=0.6593 impulse=0.000;Ground_80_320:(0.000, 1.000, -0.004) separation=0.5202 impulse=0.000;Ground_80_320:(0.000, 1.000, -0.004) separation=0.5351 impulse=0.000;Reverse supported roadworks transition:(0.029, 0.998, 0.060) separation=0.0242 impulse=0.000;Reverse supported roadworks transition:(0.029, 0.998, 0.060) separation=0.0648 impulse=0.000;Reverse supported roadworks transition:(0.029, 0.998, 0.060) separation=0.0252 impulse=0.000;Reverse supported roadworks transition:(0.029, 0.998, 0.060) separation=0.0848 impulse=0.000;Reverse supported roadworks transition:(0.029, 0.998, 0.060) separation=0.0114 impulse=0.000;Reverse supported roadworks transition:(0.029, 0.998, 0.060) separation=0.0114 impulse=0.000;Reverse supported roadworks transition:(0.102, 0.994, 0.031) separation=0.0132 impulse=0.000;Reverse supported roadworks transition:(0.102, 0.994, 0.031) separation=0.0816 impulse=0.000;Reverse supported roadworks transition:(0.102, 0.994, 0.031) separation=0.0141 impulse=0.000;Reverse supported roadworks transition:(0.102, 0.994, 0.031) separation=0.0879 impulse=0.000;Reverse supported roadworks transition:(0.102, 0.994, 0.031) separation=0.0346 impulse=0.000;Reverse supported roadworks transition:(0.102, 0.994, 0.031) separation=0.0810 impulse=0.000;",0.247,0.000,0.157,42.498,0.000,0.998,71.366,0.745,2.814,-42.398,3.464,0.246
1.276,42.489,54.482,-625.613,9.058,-39.451,4,19.551,1.012,"Ground_80_320:(0.000, 1.000, -0.004) separation=0.7596 impulse=0.000;Ground_80_320:(0.000, 1.000, -0.004) separation=0.5641 impulse=0.000;Ground_80_320:(0.000, 1.000, -0.004) separation=0.6051 impulse=0.000;Ground_80_320:(0.000, 1.000, -0.004) separation=0.7185 impulse=0.000;Ground_80_320:(0.000, 1.000, -0.004) separation=0.5940 impulse=0.000;Ground_80_320:(0.000, 1.000, -0.004) separation=0.6017 impulse=0.000;Reverse supported roadworks transition:(0.033, 0.998, 0.051) separation=0.0281 impulse=0.000;Reverse supported roadworks transition:(0.033, 0.998, 0.051) separation=0.0752 impulse=0.000;Reverse supported roadworks transition:(0.033, 0.998, 0.051) separation=0.0325 impulse=0.000;Reverse supported roadworks transition:(0.033, 0.998, 0.051) separation=0.0947 impulse=0.000;Reverse supported roadworks transition:(0.033, 0.998, 0.051) separation=0.0140 impulse=0.000;Reverse supported roadworks transition:(0.033, 0.998, 0.051) separation=0.0140 impulse=0.000;",0.252,0.000,0.163,42.490,0.000,0.998,70.518,0.834,3.003,-42.376,3.586,0.191
1.296,42.481,55.329,-625.594,9.121,-40.298,4,17.897,0.502,"Ground_80_320:(0.000, 1.000, -0.004) separation=0.8267 impulse=0.000;Ground_80_320:(0.000, 1.000, -0.004) separation=0.6237 impulse=0.000;Ground_80_320:(0.000, 1.000, -0.004) separation=0.6691 impulse=0.000;Ground_80_320:(0.000, 1.000, -0.004) separation=0.7813 impulse=0.000;Ground_80_320:(0.000, 1.000, -0.004) separation=0.6481 impulse=0.000;Ground_80_320:(0.000, 1.000, -0.004) separation=0.6574 impulse=0.000;Reverse supported roadworks transition:(0.036, 0.997, 0.064) separation=0.0330 impulse=0.000;Reverse supported roadworks transition:(0.036, 0.997, 0.064) separation=0.0864 impulse=0.000;Reverse supported roadworks transition:(0.036, 0.997, 0.064) separation=0.0414 impulse=0.000;Reverse supported roadworks transition:(0.036, 0.997, 0.064) separation=0.1061 impulse=0.000;Reverse supported roadworks transition:(0.036, 0.997, 0.064) separation=0.0173 impulse=0.000;Reverse supported roadworks transition:(0.036, 0.997, 0.064) separation=0.0173 impulse=0.000;",0.256,0.000,0.166,42.483,0.000,0.997,69.671,0.889,3.162,-42.356,3.649,0.339
1.316,42.470,56.175,-625.576,9.187,-41.144,4,16.320,0.395,"Ground_80_320:(0.000, 1.000, -0.004) separation=0.7942 impulse=0.000;Ground_80_320:(0.000, 1.000, -0.004) separation=0.8473 impulse=0.000;Ground_80_320:(0.000, 1.000, -0.004) separation=0.6866 impulse=0.000;Ground_80_320:(0.000, 1.000, -0.004) separation=0.7463 impulse=0.000;Ground_80_320:(0.000, 1.000, -0.004) separation=0.7242 impulse=0.000;Ground_80_320:(0.000, 1.000, -0.004) separation=0.7361 impulse=0.000;Reverse supported roadworks transition:(0.034, 0.997, 0.067) separation=0.0386 impulse=0.000;Reverse supported roadworks transition:(0.034, 0.997, 0.067) separation=0.1026 impulse=0.000;Reverse supported roadworks transition:(0.034, 0.997, 0.067) separation=0.0510 impulse=0.000;Reverse supported roadworks transition:(0.034, 0.997, 0.067) separation=0.1196 impulse=0.000;Reverse supported roadworks transition:(0.034, 0.997, 0.067) separation=0.0212 impulse=0.000;Reverse supported roadworks transition:(0.034, 0.997, 0.067) separation=0.0212 impulse=0.000;",0.260,0.000,0.168,42.476,0.000,0.997,68.825,0.880,3.293,-42.339,3.699,0.489
1.336,42.460,57.022,-625.559,9.255,-41.990,4,15.010,0.380,"Ground_80_320:(0.000, 1.000, -0.004) separation=0.8062 impulse=0.000;Ground_80_320:(0.000, 1.000, -0.004) separation=0.8331 impulse=0.000;Ground_80_320:(0.000, 1.000, -0.004) separation=0.7523 impulse=0.000;Ground_80_320:(0.000, 1.000, -0.004) separation=0.7535 impulse=0.000;Ground_80_320:(0.000, 1.000, -0.004) separation=0.7896 impulse=0.000;Ground_80_320:(0.000, 1.000, -0.004) separation=0.7938 impulse=0.000;Reverse supported roadworks transition:(0.099, 0.994, 0.045) separation=0.0248 impulse=0.000;Reverse supported roadworks transition:(0.099, 0.994, 0.045) separation=0.1200 impulse=0.000;Reverse supported roadworks transition:(0.099, 0.994, 0.045) separation=0.0422 impulse=0.000;Reverse supported roadworks transition:(0.099, 0.994, 0.045) separation=0.1236 impulse=0.000;Reverse supported roadworks transition:(0.099, 0.994, 0.045) separation=0.0286 impulse=0.000;Reverse supported roadworks transition:(0.099, 0.994, 0.045) separation=0.0333 impulse=0.000;Reverse supported roadworks transition:(0.011, 0.997, 0.070) separation=0.0442 impulse=0.000;Reverse supported roadworks transition:(0.011, 0.997, 0.070) separation=0.0420 impulse=0.000;Reverse supported roadworks transition:(0.011, 0.997, 0.070) separation=0.0608 impulse=0.000;Reverse supported roadworks transition:(0.011, 0.997, 0.070) separation=0.0248 impulse=0.000;Reverse supported roadworks transition:(0.011, 0.997, 0.070) separation=0.0288 impulse=0.000;Reverse supported roadworks transition:(0.011, 0.997, 0.070) separation=0.0288 impulse=0.000;",0.265,0.000,-0.169,42.468,0.000,0.997,67.978,0.789,3.403,-42.325,-3.799,0.348
1.356,42.452,57.868,-625.545,9.325,-42.836,4,13.845,0.396,"Ground_80_320:(0.000, 1.000, -0.004) separation=0.8778 impulse=0.000;Ground_80_320:(0.000, 1.000, -0.004) separation=0.8660 impulse=0.000;Ground_80_320:(0.000, 1.000, -0.004) separation=0.8328 impulse=0.000;Ground_80_320:(0.000, 1.000, -0.004) separation=0.8428 impulse=0.000;Ground_80_320:(0.000, 1.000, -0.004) separation=0.8202 impulse=0.000;Reverse supported roadworks transition:(0.088, 0.994, 0.058) separation=0.0278 impulse=0.000;Reverse supported roadworks transition:(0.088, 0.994, 0.058) separation=0.1314 impulse=0.000;Reverse supported roadworks transition:(0.088, 0.994, 0.058) separation=0.0505 impulse=0.000;Reverse supported roadworks transition:(0.088, 0.994, 0.058) separation=0.1346 impulse=0.000;Reverse supported roadworks transition:(0.088, 0.994, 0.058) separation=0.0305 impulse=0.000;Reverse supported roadworks transition:(0.088, 0.994, 0.058) separation=0.0308 impulse=0.000;Reverse supported roadworks transition:(0.012, 0.997, 0.073) separation=0.0493 impulse=0.000;Reverse supported roadworks transition:(0.012, 0.997, 0.073) separation=0.0504 impulse=0.000;Reverse supported roadworks transition:(0.012, 0.997, 0.073) separation=0.0705 impulse=0.000;Reverse supported roadworks transition:(0.012, 0.997, 0.073) separation=0.0278 impulse=0.000;Reverse supported roadworks transition:(0.012, 0.997, 0.073) separation=0.0307 impulse=0.000;Reverse supported roadworks transition:(0.012, 0.997, 0.073) separation=0.0368 impulse=0.000;",0.270,0.000,-0.173,42.460,0.000,0.997,67.132,0.664,3.492,-42.311,-3.911,0.186
1.376,42.446,58.714,-625.532,9.396,-43.682,4,12.755,0.387,"Reverse supported roadworks transition:(0.157, 0.987, 0.025) separation=0.0305 impulse=0.000;Reverse supported roadworks transition:(0.157, 0.987, 0.025) separation=0.1472 impulse=0.000;Reverse supported roadworks transition:(0.157, 0.987, 0.025) separation=0.0583 impulse=0.000;Reverse supported roadworks transition:(0.157, 0.987, 0.025) separation=0.1485 impulse=0.000;Reverse supported roadworks transition:(0.157, 0.987, 0.025) separation=0.0380 impulse=0.000;Reverse supported roadworks transition:(0.157, 0.987, 0.025) separation=0.0447 impulse=0.000;Reverse supported roadworks transition:(0.021, 0.997, 0.073) separation=0.0533 impulse=0.000;Reverse supported roadworks transition:(0.021, 0.997, 0.073) separation=0.0581 impulse=0.000;Reverse supported roadworks transition:(0.021, 0.997, 0.073) separation=0.0801 impulse=0.000;Reverse supported roadworks transition:(0.021, 0.997, 0.073) separation=0.1494 impulse=0.000;Reverse supported roadworks transition:(0.021, 0.997, 0.073) separation=0.0299 impulse=0.000;Reverse supported roadworks transition:(0.021, 0.997, 0.073) separation=0.0308 impulse=0.000;",0.274,0.000,-0.175,42.452,0.000,0.997,66.286,0.570,3.559,-42.299,-3.946,0.312
1.396,42.439,59.559,-625.520,9.468,-44.528,4,11.993,0.416,"Reverse supported roadworks transition:(0.166, 0.985, 0.041) separation=0.0374 impulse=0.000;Reverse supported roadworks transition:(0.166, 0.985, 0.041) separation=0.1613 impulse=0.000;Reverse supported roadworks transition:(0.166, 0.985, 0.041) separation=0.0650 impulse=0.000;Reverse supported roadworks transition:(0.166, 0.985, 0.041) separation=0.1591 impulse=0.000;Reverse supported roadworks transition:(0.166, 0.985, 0.041) separation=0.0456 impulse=0.000;Reverse supported roadworks transition:(0.166, 0.985, 0.041) separation=0.0457 impulse=0.000;Reverse supported roadworks transition:(0.023, 0.997, 0.074) separation=0.0557 impulse=0.000;Reverse supported roadworks transition:(0.023, 0.997, 0.074) separation=0.0647 impulse=0.000;Reverse supported roadworks transition:(0.023, 0.997, 0.074) separation=0.0890 impulse=0.000;Reverse supported roadworks transition:(0.023, 0.997, 0.074) separation=0.1601 impulse=0.000;Reverse supported roadworks transition:(0.023, 0.997, 0.074) separation=0.0304 impulse=0.000;Reverse supported roadworks transition:(0.023, 0.997, 0.074) separation=0.0378 impulse=0.000;",0.277,0.000,-0.174,42.445,0.000,0.996,65.441,0.543,3.605,-42.289,-3.923,0.473
1.416,42.431,60.405,-625.507,9.541,-45.373,4,11.488,0.443,"Reverse supported roadworks transition:(0.034, 0.997, 0.073) separation=0.0563 impulse=0.000;Reverse supported roadworks transition:(0.034, 0.997, 0.073) separation=0.0695 impulse=0.000;Reverse supported roadworks transition:(0.034, 0.997, 0.073) separation=0.0955 impulse=0.000;Reverse supported roadworks transition:(0.034, 0.997, 0.073) separation=0.1584 impulse=0.000;Reverse supported roadworks transition:(0.034, 0.997, 0.073) separation=0.0293 impulse=0.000;Reverse supported roadworks transition:(0.034, 0.997, 0.073) separation=0.0293 impulse=0.000;Reverse supported roadworks transition:(0.177, 0.984, 0.027) separation=0.0343 impulse=0.000;Reverse supported roadworks transition:(0.177, 0.984, 0.027) separation=0.1671 impulse=0.000;Reverse supported roadworks transition:(0.177, 0.984, 0.027) separation=0.0698 impulse=0.000;Reverse supported roadworks transition:(0.177, 0.984, 0.027) separation=0.1660 impulse=0.000;Reverse supported roadworks transition:(0.177, 0.984, 0.027) separation=0.0440 impulse=0.000;Reverse supported roadworks transition:(0.177, 0.984, 0.027) separation=0.0528 impulse=0.000;",0.280,0.000,0.178,42.439,0.000,0.996,64.595,0.603,3.634,-42.278,3.901,0.355
1.436,42.425,61.250,-625.492,9.614,-46.218,4,11.208,0.429,"Reverse supported roadworks transition:(0.037, 0.997, 0.074) separation=0.0556 impulse=0.000;Reverse supported roadworks transition:(0.037, 0.997, 0.074) separation=0.0720 impulse=0.000;Reverse supported roadworks transition:(0.037, 0.997, 0.074) separation=0.1017 impulse=0.000;Reverse supported roadworks transition:(0.037, 0.997, 0.074) separation=0.1662 impulse=0.000;Reverse supported roadworks transition:(0.037, 0.997, 0.074) separation=0.0268 impulse=0.000;Reverse supported roadworks transition:(0.037, 0.997, 0.074) separation=0.0268 impulse=0.000;Reverse supported roadworks transition:(0.204, 0.979, 0.000) separation=0.0287 impulse=0.000;Reverse supported roadworks transition:(0.204, 0.979, 0.000) separation=0.1657 impulse=0.000;Reverse supported roadworks transition:(0.204, 0.979, 0.000) separation=0.1711 impulse=0.000;Reverse supported roadworks transition:(0.204, 0.979, 0.000) separation=0.0397 impulse=0.000;Reverse supported roadworks transition:(0.204, 0.979, 0.000) separation=0.1692 impulse=0.000;Reverse supported roadworks transition:(0.204, 0.979, 0.000) separation=0.1746 impulse=0.000;Reverse supported roadworks transition:(0.188, 0.979, 0.075) separation=0.0288 impulse=0.000;Reverse supported roadworks transition:(0.188, 0.979, 0.075) separation=0.1773 impulse=0.000;Reverse supported roadworks transition:(0.188, 0.979, 0.075) separation=0.0724 impulse=0.000;Reverse supported roadworks transition:(0.188, 0.979, 0.075) separation=0.1653 impulse=0.000;Reverse supported roadworks transition:(0.188, 0.979, 0.075) separation=0.0398 impulse=0.000;Reverse supported roadworks transition:(0.188, 0.979, 0.075) separation=0.0499 impulse=0.000;",0.284,0.000,0.180,42.431,0.000,0.996,63.750,0.704,3.653,-42.268,3.946,0.231
1.456,42.419,62.095,-625.475,9.687,-47.063,4,11.305,0.589,"Reverse supported roadworks transition:(0.205, 0.979, 0.000) separation=0.0331 impulse=0.000;Reverse supported roadworks transition:(0.205, 0.979, 0.000) separation=0.1816 impulse=0.000;Reverse supported roadworks transition:(0.205, 0.979, 0.000) separation=0.0643 impulse=0.000;Reverse supported roadworks transition:(0.205, 0.979, 0.000) separation=0.1693 impulse=0.000;Reverse supported roadworks transition:(0.205, 0.979, 0.000) separation=0.0443 impulse=0.000;Reverse supported roadworks transition:(0.205, 0.979, 0.000) separation=0.0547 impulse=0.000;Reverse supported roadworks transition:(0.197, 0.976, 0.092) separation=0.0332 impulse=0.000;Reverse supported roadworks transition:(0.197, 0.976, 0.092) separation=0.1863 impulse=0.000;Reverse supported roadworks transition:(0.197, 0.976, 0.092) separation=0.0725 impulse=0.000;Reverse supported roadworks transition:(0.197, 0.976, 0.092) separation=0.1722 impulse=0.000;Reverse supported roadworks transition:(0.197, 0.976, 0.092) separation=0.0445 impulse=0.000;Reverse supported roadworks transition:(0.197, 0.976, 0.092) separation=0.0549 impulse=0.000;Reverse supported roadworks transition:(0.040, 0.996, 0.077) separation=0.0538 impulse=0.000;Reverse supported roadworks transition:(0.040, 0.996, 0.077) separation=0.0720 impulse=0.000;Reverse supported roadworks transition:(0.040, 0.996, 0.077) separation=0.1040 impulse=0.000;Reverse supported roadworks transition:(0.040, 0.996, 0.077) separation=0.1699 impulse=0.000;Reverse supported roadworks transition:(0.040, 0.996, 0.077) separation=0.0227 impulse=0.000;Reverse supported roadworks transition:(0.040, 0.996, 0.077) separation=0.0227 impulse=0.000;Reverse supported roadworks transition:(-0.002, 0.995, 0.098) separation=0.0163 impulse=0.000;",0.287,0.000,0.183,42.424,0.000,0.995,62.905,0.780,3.676,-42.258,4.019,0.365
1.476,42.404,62.935,-625.455,9.765,-47.903,4,11.595,0.621,"Reverse supported roadworks transition:(0.217, 0.976, 0.000) separation=0.0240 impulse=21.242;Reverse supported roadworks transition:(0.217, 0.976, 0.000) separation=0.1901 impulse=21.242;Reverse supported roadworks transition:(0.217, 0.976, 0.000) separation=0.0680 impulse=21.242;Reverse supported roadworks transition:(0.217, 0.976, 0.000) separation=0.1790 impulse=21.242;Reverse supported roadworks transition:(0.217, 0.976, 0.000) separation=0.0363 impulse=21.242;Reverse supported roadworks transition:(0.217, 0.976, 0.000) separation=0.0478 impulse=21.242;Reverse supported roadworks transition:(0.210, 0.973, 0.095) separation=0.0241 impulse=21.242;Reverse supported roadworks transition:(0.210, 0.973, 0.095) separation=0.1937 impulse=21.242;Reverse supported roadworks transition:(0.210, 0.973, 0.095) separation=0.0704 impulse=21.242;Reverse supported roadworks transition:(0.210, 0.973, 0.095) separation=0.1731 impulse=21.242;Reverse supported roadworks transition:(0.210, 0.973, 0.095) separation=0.0364 impulse=21.242;Reverse supported roadworks transition:(0.210, 0.973, 0.095) separation=0.0479 impulse=21.242;Reverse supported roadworks transition:(0.043, 0.996, 0.078) separation=0.0505 impulse=21.242;Reverse supported roadworks transition:(0.043, 0.996, 0.078) separation=0.0700 impulse=21.242;Reverse supported roadworks transition:(0.043, 0.996, 0.078) separation=0.1039 impulse=21.242;Reverse supported roadworks transition:(0.043, 0.996, 0.078) separation=0.1682 impulse=21.242;Reverse supported roadworks transition:(0.043, 0.996, 0.078) separation=0.0167 impulse=21.242;Reverse supported roadworks transition:(0.043, 0.996, 0.078) separation=0.0167 impulse=21.242;Reverse supported roadworks transition:(-0.002, 0.995, 0.100) separation=0.0054 impulse=21.242;Reverse supported roadworks transition:(0.236, 0.967, 0.101) separation=-0.0231 impulse=21.242;Reverse supported roadworks transition:(0.236, 0.967, 0.101) separation=-0.0231 impulse=21.242;Reverse supported roadworks transition:(0.236, 0.967, 0.101) separation=-0.0231 impulse=21.242;",0.290,0.000,-0.182,42.405,0.000,0.994,62.065,0.818,3.767,-42.229,-4.108,0.394
1.496,42.376,63.775,-625.438,9.845,-48.743,4,15.080,1.409,"Reverse supported roadworks transition:(0.224, 0.970, 0.099) separation=0.0290 impulse=31.026;Reverse supported roadworks transition:(0.224, 0.970, 0.099) separation=0.1816 impulse=31.026;Reverse supported roadworks transition:(0.224, 0.970, 0.099) separation=0.0570 impulse=31.026;Reverse supported roadworks transition:(0.224, 0.970, 0.099) separation=0.1855 impulse=31.026;Reverse supported roadworks transition:(0.224, 0.970, 0.099) separation=0.0366 impulse=31.026;Reverse supported roadworks transition:(0.224, 0.970, 0.099) separation=0.0366 impulse=31.026;Reverse supported roadworks transition:(0.232, 0.973, 0.000) separation=0.0288 impulse=31.026;Reverse supported roadworks transition:(0.232, 0.973, 0.000) separation=0.1814 impulse=31.026;Reverse supported roadworks transition:(0.232, 0.973, 0.000) separation=0.0540 impulse=31.026;Reverse supported roadworks transition:(0.232, 0.973, 0.000) separation=0.1926 impulse=31.026;Reverse supported roadworks transition:(0.232, 0.973, 0.000) separation=0.0364 impulse=31.026;Reverse supported roadworks transition:(0.232, 0.973, 0.000) separation=0.0431 impulse=31.026;Reverse supported roadworks transition:(0.035, 0.995, 0.091) separation=0.0645 impulse=31.026;Reverse supported roadworks transition:(0.035, 0.995, 0.091) separation=0.0566 impulse=31.026;Reverse supported roadworks transition:(0.035, 0.995, 0.091) separation=0.0941 impulse=31.026;Reverse supported roadworks transition:(0.244, 0.964, 0.103) separation=-0.0129 impulse=31.026;Reverse supported roadworks transition:(0.035, 0.995, 0.091) separation=0.0272 impulse=31.026;Reverse supported roadworks transition:(0.035, 0.995, 0.091) separation=0.0293 impulse=31.026;",0.298,0.000,0.222,42.377,0.000,0.993,61.225,0.862,3.955,-42.183,4.859,0.474
1.516,42.364,64.615,-625.421,9.929,-49.583,4,17.062,2.142,"Reverse supported roadworks transition:(0.045, 0.994, 0.097) separation=0.0697 impulse=0.000;Reverse supported roadworks transition:(0.045, 0.994, 0.097) separation=0.0439 impulse=0.000;Reverse supported roadworks transition:(0.045, 0.994, 0.097) separation=0.0792 impulse=0.000;Reverse supported roadworks transition:(0.251, 0.962, 0.104) separation=-0.0122 impulse=0.000;Reverse supported roadworks transition:(0.045, 0.994, 0.097) separation=0.0339 impulse=0.000;Reverse supported roadworks transition:(0.251, 0.962, 0.104) separation=-0.0122 impulse=0.000;Reverse supported roadworks transition:(0.243, 0.970, 0.000) separation=0.0367 impulse=0.000;Reverse supported roadworks transition:(0.243, 0.970, 0.000) separation=0.1882 impulse=0.000;Reverse supported roadworks transition:(0.243, 0.970, 0.000) separation=0.0428 impulse=0.000;Reverse supported roadworks transition:(0.243, 0.970, 0.000) separation=0.2114 impulse=0.000;Reverse supported roadworks transition:(0.243, 0.970, 0.000) separation=0.0396 impulse=0.000;Reverse supported roadworks transition:(0.243, 0.970, 0.000) separation=0.0417 impulse=0.000;Reverse supported roadworks transition:(0.235, 0.967, 0.101) separation=0.0370 impulse=0.000;Reverse supported roadworks transition:(0.235, 0.967, 0.101) separation=0.1876 impulse=0.000;Reverse supported roadworks transition:(0.235, 0.967, 0.101) separation=0.0443 impulse=0.000;Reverse supported roadworks transition:(0.235, 0.967, 0.101) separation=0.2033 impulse=0.000;Reverse supported roadworks transition:(0.235, 0.967, 0.101) separation=0.0398 impulse=0.000;Reverse supported roadworks transition:(0.235, 0.967, 0.101) separation=0.0399 impulse=0.000;",0.312,0.000,-0.245,42.367,0.000,0.992,60.385,0.819,4.107,-42.159,-5.525,0.362
1.536,42.346,65.455,-625.406,10.018,-50.422,4,18.674,2.318,"Reverse supported roadworks transition:(0.246, 0.964, 0.103) separation=0.0385 impulse=7.260;Reverse supported roadworks transition:(0.246, 0.964, 0.103) separation=0.1950 impulse=7.260;Reverse supported roadworks transition:(0.246, 0.964, 0.103) separation=0.0343 impulse=7.260;Reverse supported roadworks transition:(0.246, 0.964, 0.103) separation=0.2204 impulse=7.260;Reverse supported roadworks transition:(0.246, 0.964, 0.103) separation=0.0367 impulse=7.260;Reverse supported roadworks transition:(0.246, 0.964, 0.103) separation=0.0381 impulse=7.260;Reverse supported roadworks transition:(0.253, 0.967, 0.001) separation=0.0382 impulse=7.260;Reverse supported roadworks transition:(0.253, 0.967, 0.001) separation=0.1943 impulse=7.260;Reverse supported roadworks transition:(0.253, 0.967, 0.001) separation=0.0341 impulse=7.260;Reverse supported roadworks transition:(0.253, 0.967, 0.001) separation=0.2292 impulse=7.260;Reverse supported roadworks transition:(0.253, 0.967, 0.001) separation=0.0365 impulse=7.260;Reverse supported roadworks transition:(0.253, 0.967, 0.001) separation=0.0379 impulse=7.260;Reverse supported roadworks transition:(0.068, 0.992, 0.106) separation=0.0738 impulse=7.260;Reverse supported roadworks transition:(0.068, 0.992, 0.106) separation=0.0689 impulse=7.260;Reverse supported roadworks transition:(0.068, 0.992, 0.106) separation=0.0692 impulse=7.260;Reverse supported roadworks transition:(0.268, 0.958, 0.108) separation=-0.0166 impulse=7.260;Reverse supported roadworks transition:(0.068, 0.992, 0.106) separation=0.0347 impulse=7.260;Reverse supported roadworks transition:(0.068, 0.992, 0.106) separation=0.0347 impulse=7.260;",0.318,0.000,-0.268,42.350,0.000,0.991,59.545,0.769,4.312,-42.122,-6.046,0.315
1.556,42.320,66.297,-625.390,10.112,-51.264,4,19.938,1.712,"Reverse supported roadworks transition:(0.031, 0.993, 0.112) separation=0.0791 impulse=24.789;Reverse supported roadworks transition:(0.244, 0.964, 0.103) separation=-0.0158 impulse=24.789;Reverse supported roadworks transition:(0.031, 0.993, 0.112) separation=0.0593 impulse=24.789;Reverse supported roadworks transition:(0.031, 0.993, 0.112) separation=0.0459 impulse=24.789;Reverse supported roadworks transition:(0.031, 0.993, 0.112) separation=0.0263 impulse=24.789;Reverse supported roadworks transition:(0.031, 0.993, 0.112) separation=0.0285 impulse=24.789;Reverse supported roadworks transition:(0.270, 0.963, 0.001) separation=0.0438 impulse=24.789;Reverse supported roadworks transition:(0.270, 0.963, 0.001) separation=0.1992 impulse=24.789;Reverse supported roadworks transition:(0.270, 0.963, 0.001) separation=0.0279 impulse=24.789;Reverse supported roadworks transition:(0.270, 0.963, 0.001) separation=0.2553 impulse=24.789;Reverse supported roadworks transition:(0.270, 0.963, 0.001) separation=0.0332 impulse=24.789;Reverse supported roadworks transition:(0.270, 0.963, 0.001) separation=0.0376 impulse=24.789;Reverse supported roadworks transition:(0.264, 0.959, 0.107) separation=0.0470 impulse=24.789;Reverse supported roadworks transition:(0.264, 0.959, 0.107) separation=0.2065 impulse=24.789;Reverse supported roadworks transition:(0.264, 0.959, 0.107) separation=0.0281 impulse=24.789;Reverse supported roadworks transition:(0.264, 0.959, 0.107) separation=0.2543 impulse=24.789;Reverse supported roadworks transition:(0.264, 0.959, 0.107) separation=0.0334 impulse=24.789;Reverse supported roadworks transition:(0.264, 0.959, 0.107) separation=0.0335 impulse=24.789;",0.327,0.000,-0.292,42.321,0.000,0.992,58.703,0.794,4.581,-42.064,-6.577,0.458
1.576,42.268,67.133,-625.372,10.220,-52.100,4,15.312,1.658,"Reverse supported roadworks transition:(0.059, 0.992, 0.110) separation=0.0681 impulse=70.169;Reverse supported roadworks transition:(0.259, 0.960, 0.106) separation=-0.0171 impulse=70.169;Reverse supported roadworks transition:(0.059, 0.992, 0.110) separation=0.0684 impulse=70.169;Reverse supported roadworks transition:(0.301, 0.947, 0.114) separation=-0.0347 impulse=70.169;Reverse supported roadworks transition:(0.059, 0.992, 0.110) separation=0.0376 impulse=70.169;Reverse supported roadworks transition:(0.259, 0.960, 0.106) separation=-0.0171 impulse=70.169;Reverse supported roadworks transition:(0.285, 0.959, 0.001) separation=0.0383 impulse=70.169;Reverse supported roadworks transition:(0.285, 0.959, 0.001) separation=0.2298 impulse=70.169;Reverse supported roadworks transition:(0.285, 0.959, 0.001) separation=0.0379 impulse=70.169;Reverse supported roadworks transition:(0.285, 0.959, 0.001) separation=0.2716 impulse=70.169;Reverse supported roadworks transition:(0.285, 0.959, 0.001) separation=0.0389 impulse=70.169;Reverse supported roadworks transition:(0.285, 0.959, 0.001) separation=0.0391 impulse=70.169;Reverse supported roadworks transition:(0.274, 0.955, 0.109) separation=0.0387 impulse=70.169;Reverse supported roadworks transition:(0.274, 0.955, 0.109) separation=0.2365 impulse=70.169;Reverse supported roadworks transition:(0.274, 0.955, 0.109) separation=0.0381 impulse=70.169;Reverse supported roadworks transition:(0.274, 0.955, 0.109) separation=0.2552 impulse=70.169;Reverse supported roadworks transition:(0.274, 0.955, 0.109) separation=0.0392 impulse=70.169;Reverse supported roadworks transition:(0.274, 0.955, 0.109) separation=0.0393 impulse=70.169;",0.340,0.000,0.286,42.270,0.000,0.993,57.867,0.910,4.877,-41.978,6.271,0.464
1.596,42.217,67.966,-625.347,10.333,-52.932,4,11.521,1.972,"Reverse supported roadworks transition:(0.297, 0.955, 0.001) separation=0.0471 impulse=75.418;Reverse supported roadworks transition:(0.297, 0.955, 0.001) separation=0.2684 impulse=75.418;Reverse supported roadworks transition:(0.297, 0.955, 0.001) separation=0.0515 impulse=75.418;Reverse supported roadworks transition:(0.297, 0.955, 0.001) separation=0.3040 impulse=75.418;Reverse supported roadworks transition:(0.297, 0.955, 0.001) separation=0.0495 impulse=75.418;Reverse supported roadworks transition:(0.297, 0.955, 0.001) separation=0.0511 impulse=75.418;Reverse supported roadworks transition:(0.294, 0.949, 0.113) separation=0.0476 impulse=75.418;Reverse supported roadworks transition:(0.294, 0.949, 0.113) separation=0.2775 impulse=75.418;Reverse supported roadworks transition:(0.294, 0.949, 0.113) separation=0.0521 impulse=75.418;Reverse supported roadworks transition:(0.294, 0.949, 0.113) separation=0.2940 impulse=75.418;Reverse supported roadworks transition:(0.294, 0.949, 0.113) separation=0.0499 impulse=75.418;Reverse supported roadworks transition:(0.294, 0.949, 0.113) separation=0.0514 impulse=75.418;Reverse supported roadworks transition:(0.048, 0.993, 0.110) separation=0.0705 impulse=75.418;Reverse supported roadworks transition:(0.276, 0.955, 0.109) separation=-0.0161 impulse=75.418;Reverse supported roadworks transition:(0.048, 0.993, 0.110) separation=0.0783 impulse=75.418;Reverse supported roadworks transition:(0.309, 0.944, 0.115) separation=-0.0326 impulse=75.418;Reverse supported roadworks transition:(0.048, 0.993, 0.110) separation=0.0470 impulse=75.418;Reverse supported roadworks transition:(0.309, 0.944, 0.115) separation=-0.0326 impulse=75.418;",0.366,0.000,0.288,42.219,0.000,0.992,57.035,1.064,5.104,-41.896,6.298,0.306
1.616,42.212,68.802,-625.324,10.437,-53.768,4,9.852,0.952,"Reverse supported roadworks transition:(0.313, 0.950, 0.002) separation=0.0663 impulse=0.000;Reverse supported roadworks transition:(0.313, 0.950, 0.002) separation=0.2963 impulse=0.000;Reverse supported roadworks transition:(0.313, 0.950, 0.002) separation=0.0667 impulse=0.000;Reverse supported roadworks transition:(0.313, 0.950, 0.002) separation=0.3456 impulse=0.000;Reverse supported roadworks transition:(0.313, 0.950, 0.002) separation=0.0677 impulse=0.000;Reverse supported roadworks transition:(0.313, 0.950, 0.002) separation=0.0680 impulse=0.000;Reverse supported roadworks transition:(0.308, 0.945, 0.115) separation=0.0670 impulse=0.000;Reverse supported roadworks transition:(0.308, 0.945, 0.115) separation=0.3027 impulse=0.000;Reverse supported roadworks transition:(0.308, 0.945, 0.115) separation=0.0672 impulse=0.000;Reverse supported roadworks transition:(0.308, 0.945, 0.115) separation=0.3348 impulse=0.000;Reverse supported roadworks transition:(0.308, 0.945, 0.115) separation=0.0683 impulse=0.000;Reverse supported roadworks transition:(0.308, 0.945, 0.115) separation=0.0684 impulse=0.000;Reverse supported roadworks transition:(0.047, 0.992, 0.116) separation=0.0913 impulse=0.000;Reverse supported roadworks transition:(0.284, 0.952, 0.111) separation=-0.0042 impulse=0.000;Reverse supported roadworks transition:(0.047, 0.992, 0.116) separation=0.0927 impulse=0.000;Reverse supported roadworks transition:(0.326, 0.938, 0.118) separation=-0.0173 impulse=0.000;Reverse supported roadworks transition:(0.047, 0.992, 0.116) separation=0.0687 impulse=0.000;Reverse supported roadworks transition:(0.284, 0.952, 0.111) separation=-0.0042 impulse=0.000;",0.391,0.000,0.304,42.212,0.000,0.992,56.198,1.131,5.096,-41.888,6.634,0.453
1.636,42.202,69.637,-625.299,10.541,-54.603,4,10.462,0.592,"Reverse supported roadworks transition:(0.330, 0.944, 0.002) separation=0.0730 impulse=0.000;Reverse supported roadworks transition:(0.330, 0.944, 0.002) separation=0.3190 impulse=0.000;Reverse supported roadworks transition:(0.330, 0.944, 0.002) separation=0.0716 impulse=0.000;Reverse supported roadworks transition:(0.330, 0.944, 0.002) separation=0.3690 impulse=0.000;Reverse supported roadworks transition:(0.330, 0.944, 0.002) separation=0.0733 impulse=0.000;Reverse supported roadworks transition:(0.330, 0.944, 0.002) separation=0.0740 impulse=0.000;Reverse supported roadworks transition:(0.319, 0.941, 0.117) separation=0.0738 impulse=0.000;Reverse supported roadworks transition:(0.319, 0.941, 0.117) separation=0.3254 impulse=0.000;Reverse supported roadworks transition:(0.319, 0.941, 0.117) separation=0.0722 impulse=0.000;Reverse supported roadworks transition:(0.319, 0.941, 0.117) separation=0.3582 impulse=0.000;Reverse supported roadworks transition:(0.319, 0.941, 0.117) separation=0.0739 impulse=0.000;Reverse supported roadworks transition:(0.319, 0.941, 0.117) separation=0.0741 impulse=0.000;Reverse supported roadworks transition:(0.040, 0.992, 0.121) separation=0.1004 impulse=0.000;Reverse supported roadworks transition:(0.301, 0.947, 0.114) separation=-0.0043 impulse=0.000;Reverse supported roadworks transition:(0.040, 0.992, 0.121) separation=0.0976 impulse=0.000;Reverse supported roadworks transition:(0.343, 0.931, 0.121) separation=-0.0158 impulse=0.000;Reverse supported roadworks transition:(0.040, 0.992, 0.121) separation=0.0730 impulse=0.000;Reverse supported roadworks transition:(0.301, 0.947, 0.114) separation=-0.0043 impulse=0.000;",0.394,0.000,0.316,42.204,0.000,0.991,55.363,1.145,5.108,-41.879,6.881,0.707
1.656,42.184,70.474,-625.275,10.645,-55.440,4,11.635,0.336,"Reverse supported roadworks transition:(0.034, 0.991, 0.126) separation=0.1097 impulse=0.000;Reverse supported roadworks transition:(0.317, 0.941, 0.117) separation=-0.0056 impulse=0.000;Reverse supported roadworks transition:(0.034, 0.991, 0.126) separation=0.0988 impulse=0.000;Reverse supported roadworks transition:(0.034, 0.991, 0.126) separation=0.0852 impulse=0.000;Reverse supported roadworks transition:(0.034, 0.991, 0.126) separation=0.0741 impulse=0.000;Reverse supported roadworks transition:(0.317, 0.941, 0.117) separation=-0.0056 impulse=0.000;Reverse supported roadworks transition:(0.337, 0.934, 0.120) separation=0.0893 impulse=0.000;Reverse supported roadworks transition:(0.337, 0.934, 0.120) separation=0.3472 impulse=0.000;Reverse supported roadworks transition:(0.337, 0.934, 0.120) separation=0.0750 impulse=0.000;Reverse supported roadworks transition:(0.337, 0.934, 0.120) separation=0.3803 impulse=0.000;Reverse supported roadworks transition:(0.337, 0.934, 0.120) separation=0.0780 impulse=0.000;Reverse supported roadworks transition:(0.337, 0.934, 0.120) separation=0.0797 impulse=0.000;Reverse supported roadworks transition:(0.343, 0.939, 0.002) separation=0.0801 impulse=0.000;Reverse supported roadworks transition:(0.343, 0.939, 0.002) separation=0.3409 impulse=0.000;Reverse supported roadworks transition:(0.343, 0.939, 0.002) separation=0.0743 impulse=0.000;Reverse supported roadworks transition:(0.343, 0.939, 0.002) separation=0.3826 impulse=0.000;Reverse supported roadworks transition:(0.343, 0.939, 0.002) separation=0.0771 impulse=0.000;Reverse supported roadworks transition:(0.343, 0.939, 0.002) separation=0.0790 impulse=0.000;",0.399,0.000,0.333,42.195,0.000,0.990,54.526,1.069,5.160,-41.865,7.226,0.927
1.676,42.150,71.307,-625.256,10.753,-56.273,4,10.991,0.436,"Reverse supported roadworks transition:(0.355, 0.935, 0.002) separation=0.0807 impulse=22.896;Reverse supported roadworks transition:(0.355, 0.935, 0.002) separation=0.3502 impulse=22.896;Reverse supported roadworks transition:(0.355, 0.935, 0.002) separation=0.0769 impulse=22.896;Reverse supported roadworks transition:(0.355, 0.935, 0.002) separation=0.3903 impulse=22.896;Reverse supported roadworks transition:(0.355, 0.935, 0.002) separation=0.0791 impulse=22.896;Reverse supported roadworks transition:(0.355, 0.935, 0.002) separation=0.0805 impulse=22.896;Reverse supported roadworks transition:(0.345, 0.931, 0.122) separation=0.0817 impulse=22.896;Reverse supported roadworks transition:(0.345, 0.931, 0.122) separation=0.3565 impulse=22.896;Reverse supported roadworks transition:(0.345, 0.931, 0.122) separation=0.0776 impulse=22.896;Reverse supported roadworks transition:(0.345, 0.931, 0.122) separation=0.3794 impulse=22.896;Reverse supported roadworks transition:(0.345, 0.931, 0.122) separation=0.0799 impulse=22.896;Reverse supported roadworks transition:(0.345, 0.931, 0.122) separation=0.0801 impulse=22.896;Reverse supported roadworks transition:(0.050, 0.991, 0.127) separation=0.1145 impulse=22.896;Reverse supported roadworks transition:(0.326, 0.938, 0.118) separation=0.0063 impulse=22.896;Reverse supported roadworks transition:(0.050, 0.991, 0.127) separation=0.1112 impulse=22.896;Reverse supported roadworks transition:(0.369, 0.921, 0.125) separation=-0.0195 impulse=22.896;Reverse supported roadworks transition:(0.050, 0.991, 0.127) separation=0.0797 impulse=22.896;Reverse supported roadworks transition:(0.326, 0.938, 0.118) separation=0.0063 impulse=22.896;",0.408,0.000,-0.323,42.170,0.000,0.989,53.693,0.892,5.282,-41.829,-7.364,0.840
1.696,42.124,72.143,-625.241,10.861,-57.109,3,11.510,1.641,"Reverse supported roadworks transition:(0.365, 0.923, 0.125) separation=0.1022 impulse=13.096;Reverse supported roadworks transition:(0.365, 0.923, 0.125) separation=0.3749 impulse=13.096;Reverse supported roadworks transition:(0.365, 0.923, 0.125) separation=0.0760 impulse=13.096;Reverse supported roadworks transition:(0.365, 0.923, 0.125) separation=0.4097 impulse=13.096;Reverse supported roadworks transition:(0.365, 0.923, 0.125) separation=0.0811 impulse=13.096;Reverse supported roadworks transition:(0.365, 0.923, 0.125) separation=0.0814 impulse=13.096;Reverse supported roadworks transition:(0.372, 0.928, 0.003) separation=0.0901 impulse=13.096;Reverse supported roadworks transition:(0.372, 0.928, 0.003) separation=0.3685 impulse=13.096;Reverse supported roadworks transition:(0.372, 0.928, 0.003) separation=0.0752 impulse=13.096;Reverse supported roadworks transition:(0.372, 0.928, 0.003) separation=0.4131 impulse=13.096;Reverse supported roadworks transition:(0.372, 0.928, 0.003) separation=0.0803 impulse=13.096;Reverse supported roadworks transition:(0.372, 0.928, 0.003) separation=0.0845 impulse=13.096;Reverse supported roadworks transition:(0.040, 0.990, 0.135) separation=0.1269 impulse=13.096;Reverse supported roadworks transition:(0.343, 0.931, 0.121) separation=-0.0005 impulse=13.096;Reverse supported roadworks transition:(0.040, 0.990, 0.135) separation=0.1018 impulse=13.096;Reverse supported roadworks transition:(0.040, 0.990, 0.135) separation=0.0967 impulse=13.096;Reverse supported roadworks transition:(0.040, 0.990, 0.135) separation=0.0754 impulse=13.096;Reverse supported roadworks transition:(0.343, 0.931, 0.121) separation=-0.0005 impulse=13.096;",0.425,0.000,-0.352,42.147,0.000,0.988,52.857,0.633,5.386,-41.797,-8.025,0.586
1.716,42.104,72.980,-625.232,10.970,-57.945,3,10.504,1.444,"Reverse supported roadworks transition:(0.045, 0.990, 0.136) separation=0.1294 impulse=20.628;Reverse supported roadworks transition:(0.360, 0.925, 0.124) separation=-0.0003 impulse=20.628;Reverse supported roadworks transition:(0.045, 0.990, 0.136) separation=0.1090 impulse=20.628;Reverse supported roadworks transition:(0.045, 0.990, 0.136) separation=0.0949 impulse=20.628;Reverse supported roadworks transition:(0.045, 0.990, 0.136) separation=0.0801 impulse=20.628;Reverse supported roadworks transition:(0.360, 0.925, 0.124) separation=-0.0003 impulse=20.628;Reverse supported roadworks transition:(0.381, 0.916, 0.127) separation=0.1003 impulse=20.628;Reverse supported roadworks transition:(0.381, 0.916, 0.127) separation=0.3906 impulse=20.628;Reverse supported roadworks transition:(0.381, 0.916, 0.127) separation=0.0808 impulse=20.628;Reverse supported roadworks transition:(0.381, 0.916, 0.127) separation=0.4055 impulse=20.628;Reverse supported roadworks transition:(0.381, 0.916, 0.127) separation=0.0845 impulse=20.628;Reverse supported roadworks transition:(0.381, 0.916, 0.127) separation=0.0868 impulse=20.628;Reverse supported roadworks transition:(0.387, 0.922, 0.003) separation=0.0876 impulse=20.628;Reverse supported roadworks transition:(0.387, 0.922, 0.003) separation=0.3845 impulse=20.628;Reverse supported roadworks transition:(0.387, 0.922, 0.003) separation=0.0799 impulse=20.628;Reverse supported roadworks transition:(0.387, 0.922, 0.003) separation=0.4121 impulse=20.628;Reverse supported roadworks transition:(0.387, 0.922, 0.003) separation=0.0833 impulse=20.628;Reverse supported roadworks transition:(0.387, 0.922, 0.003) separation=0.0859 impulse=20.628;",0.438,0.000,-0.359,42.119,0.000,0.988,52.021,0.380,5.486,-41.759,-8.181,0.345
1.736,41.949,73.801,-625.219,11.105,-58.767,2,8.268,3.629,"Reverse supported roadworks transition:(0.400, 0.916, 0.003) separation=0.0819 impulse=247.420;Reverse supported roadworks transition:(0.400, 0.916, 0.003) separation=0.3932 impulse=247.420;Reverse supported roadworks transition:(0.400, 0.916, 0.003) separation=0.0832 impulse=247.420;Reverse supported roadworks transition:(0.400, 0.916, 0.003) separation=0.4141 impulse=247.420;Reverse supported roadworks transition:(0.400, 0.916, 0.003) separation=0.0834 impulse=247.420;Reverse supported roadworks transition:(0.400, 0.916, 0.003) separation=0.0841 impulse=247.420;Reverse supported roadworks transition:(0.392, 0.911, 0.129) separation=0.0830 impulse=247.420;Reverse supported roadworks transition:(0.392, 0.911, 0.129) separation=0.3991 impulse=247.420;Reverse supported roadworks transition:(0.392, 0.911, 0.129) separation=0.0840 impulse=247.420;Reverse supported roadworks transition:(0.392, 0.911, 0.129) separation=0.4041 impulse=247.420;Reverse supported roadworks transition:(0.392, 0.911, 0.129) separation=0.0843 impulse=247.420;Reverse supported roadworks transition:(0.392, 0.911, 0.129) separation=0.0850 impulse=247.420;Reverse supported roadworks transition:(0.075, 0.988, 0.134) separation=0.1252 impulse=247.420;Reverse supported roadworks transition:(0.369, 0.921, 0.125) separation=-0.0086 impulse=247.420;Reverse supported roadworks transition:(0.075, 0.988, 0.134) separation=0.1194 impulse=247.420;Reverse supported roadworks transition:(0.412, 0.901, 0.132) separation=-0.0429 impulse=247.420;Reverse supported roadworks transition:(0.075, 0.988, 0.134) separation=0.0872 impulse=247.420;Reverse supported roadworks transition:(0.412, 0.901, 0.132) separation=-0.0429 impulse=247.420;",0.448,0.000,-0.352,41.960,0.000,0.987,51.199,0.446,6.090,-41.513,-8.020,0.265
1.756,41.953,74.631,-625.214,11.226,-59.596,2,8.143,1.679,"Reverse supported roadworks transition:(0.408, 0.903, 0.131) separation=0.1297 impulse=0.000;Reverse supported roadworks transition:(0.408, 0.903, 0.131) separation=0.4307 impulse=0.000;Reverse supported roadworks transition:(0.408, 0.903, 0.131) separation=0.0961 impulse=0.000;Reverse supported roadworks transition:(0.408, 0.903, 0.131) separation=0.4617 impulse=0.000;Reverse supported roadworks transition:(0.408, 0.903, 0.131) separation=0.1014 impulse=0.000;Reverse supported roadworks transition:(0.408, 0.903, 0.131) separation=0.1018 impulse=0.000;Reverse supported roadworks transition:(0.416, 0.909, 0.004) separation=0.1464 impulse=0.000;Reverse supported roadworks transition:(0.416, 0.909, 0.004) separation=0.4251 impulse=0.000;Reverse supported roadworks transition:(0.416, 0.909, 0.004) separation=0.0949 impulse=0.000;Reverse supported roadworks transition:(0.416, 0.909, 0.004) separation=0.4659 impulse=0.000;Reverse supported roadworks transition:(0.416, 0.909, 0.004) separation=0.1002 impulse=0.000;Reverse supported roadworks transition:(0.416, 0.909, 0.004) separation=0.1046 impulse=0.000;Reverse supported roadworks transition:(0.045, 0.988, 0.144) separation=0.1558 impulse=0.000;Reverse supported roadworks transition:(0.386, 0.913, 0.128) separation=0.0021 impulse=0.000;Reverse supported roadworks transition:(0.045, 0.988, 0.144) separation=0.1273 impulse=0.000;Reverse supported roadworks transition:(0.045, 0.988, 0.144) separation=0.1210 impulse=0.000;Reverse supported roadworks transition:(0.045, 0.988, 0.144) separation=0.0974 impulse=0.000;Reverse supported roadworks transition:(0.386, 0.913, 0.128) separation=0.0021 impulse=0.000;",0.525,0.000,-0.380,41.955,0.000,0.986,50.369,0.250,6.058,-41.515,-8.648,0.524
1.776,41.936,75.461,-625.208,11.350,-60.426,2,8.463,1.911,"Reverse supported roadworks transition:(0.423, 0.896, 0.133) separation=0.1358 impulse=29.474;Reverse supported roadworks transition:(0.423, 0.896, 0.133) separation=0.4474 impulse=29.474;Reverse supported roadworks transition:(0.423, 0.896, 0.133) separation=0.1024 impulse=29.474;Reverse supported roadworks transition:(0.423, 0.896, 0.133) separation=0.4757 impulse=29.474;Reverse supported roadworks transition:(0.423, 0.896, 0.133) separation=0.1078 impulse=29.474;Reverse supported roadworks transition:(0.423, 0.896, 0.133) separation=0.1119 impulse=29.474;Reverse supported roadworks transition:(0.431, 0.902, 0.004) separation=0.1133 impulse=29.474;Reverse supported roadworks transition:(0.431, 0.902, 0.004) separation=0.4423 impulse=29.474;Reverse supported roadworks transition:(0.431, 0.902, 0.004) separation=0.1011 impulse=29.474;Reverse supported roadworks transition:(0.431, 0.902, 0.004) separation=0.4803 impulse=29.474;Reverse supported roadworks transition:(0.431, 0.902, 0.004) separation=0.1060 impulse=29.474;Reverse supported roadworks transition:(0.431, 0.902, 0.004) separation=0.1101 impulse=29.474;Reverse supported roadworks transition:(0.046, 0.988, 0.147) separation=0.1610 impulse=29.474;Reverse supported roadworks transition:(0.404, 0.906, 0.131) separation=-0.0085 impulse=29.474;Reverse supported roadworks transition:(0.046, 0.988, 0.147) separation=0.1343 impulse=29.474;Reverse supported roadworks transition:(0.046, 0.988, 0.147) separation=0.1263 impulse=29.474;Reverse supported roadworks transition:(0.046, 0.988, 0.147) separation=0.1028 impulse=29.474;Reverse supported roadworks transition:(0.404, 0.906, 0.131) separation=-0.0085 impulse=29.474;",0.523,0.000,-0.383,41.936,0.000,0.987,49.539,0.243,6.101,-41.489,-8.688,0.659
1.796,41.899,76.288,-625.201,11.481,-61.253,2,7.438,1.442,"Reverse supported roadworks transition:(0.433, 0.891, 0.135) separation=0.1138 impulse=56.852;Reverse supported roadworks transition:(0.433, 0.891, 0.135) separation=0.4596 impulse=56.852;Reverse supported roadworks transition:(0.433, 0.891, 0.135) separation=0.1102 impulse=56.852;Reverse supported roadworks transition:(0.433, 0.891, 0.135) separation=0.4843 impulse=56.852;Reverse supported roadworks transition:(0.433, 0.891, 0.135) separation=0.1127 impulse=56.852;Reverse supported roadworks transition:(0.433, 0.891, 0.135) separation=0.1135 impulse=56.852;Reverse supported roadworks transition:(0.443, 0.897, 0.004) separation=0.1119 impulse=56.852;Reverse supported roadworks transition:(0.443, 0.897, 0.004) separation=0.4549 impulse=56.852;Reverse supported roadworks transition:(0.443, 0.897, 0.004) separation=0.1089 impulse=56.852;Reverse supported roadworks transition:(0.443, 0.897, 0.004) separation=0.4965 impulse=56.852;Reverse supported roadworks transition:(0.443, 0.897, 0.004) separation=0.1109 impulse=56.852;Reverse supported roadworks transition:(0.443, 0.897, 0.004) separation=0.1121 impulse=56.852;Reverse supported roadworks transition:(0.069, 0.987, 0.145) separation=0.1572 impulse=56.852;Reverse supported roadworks transition:(0.412, 0.901, 0.132) separation=-0.0072 impulse=56.852;Reverse supported roadworks transition:(0.069, 0.987, 0.145) separation=0.1499 impulse=56.852;Reverse supported roadworks transition:(0.456, 0.879, 0.138) separation=-0.0324 impulse=56.852;Reverse supported roadworks transition:(0.069, 0.987, 0.145) separation=0.1169 impulse=56.852;Reverse supported roadworks transition:(0.412, 0.901, 0.132) separation=-0.0072 impulse=56.852;",0.532,0.000,-0.368,41.904,0.000,0.988,48.712,0.353,6.202,-41.441,-8.341,0.787
1.816,41.888,77.119,-625.189,11.607,-62.084,2,5.839,2.498,"Reverse supported roadworks transition:(0.460, 0.888, 0.002) separation=0.2268 impulse=0.000;Reverse supported roadworks transition:(0.460, 0.888, 0.002) separation=0.4866 impulse=0.000;Reverse supported roadworks transition:(0.460, 0.888, 0.002) separation=0.1185 impulse=0.000;Reverse supported roadworks transition:(0.460, 0.888, 0.002) separation=0.5914 impulse=0.000;Reverse supported roadworks transition:(0.460, 0.888, 0.002) separation=0.1153 impulse=0.000;Reverse supported roadworks transition:(0.460, 0.888, 0.002) separation=0.1173 impulse=0.000;Reverse supported roadworks transition:(0.449, 0.883, 0.137) separation=0.1174 impulse=0.000;Reverse supported roadworks transition:(0.449, 0.883, 0.137) separation=0.4906 impulse=0.000;Reverse supported roadworks transition:(0.449, 0.883, 0.137) separation=0.1199 impulse=0.000;Reverse supported roadworks transition:(0.449, 0.883, 0.137) separation=0.5097 impulse=0.000;Reverse supported roadworks transition:(0.449, 0.883, 0.137) separation=0.1187 impulse=0.000;Reverse supported roadworks transition:(0.449, 0.883, 0.137) separation=0.1198 impulse=0.000;Reverse supported roadworks transition:(0.038, 0.989, 0.145) separation=0.1570 impulse=0.000;Reverse supported roadworks transition:(0.430, 0.893, 0.134) separation=-0.0184 impulse=0.000;Reverse supported roadworks transition:(0.038, 0.989, 0.145) separation=0.1584 impulse=0.000;Reverse supported roadworks transition:(0.038, 0.989, 0.145) separation=0.1281 impulse=0.000;Reverse supported roadworks transition:(0.038, 0.989, 0.145) separation=0.1292 impulse=0.000;Reverse supported roadworks transition:(0.430, 0.893, 0.134) separation=-0.0184 impulse=0.000;Reverse supported roadworks transition:(0.000, 1.000, -0.012) separation=0.2350 impulse=0.000;Reverse supported roadworks transition:(0.000, 1.000, -0.012) separation=0.1265 impulse=0.000;Reverse supported roadworks transition:(0.000, 1.000, -0.012) separation=0.1650 impulse=0.000;Reverse supported roadworks transition:(0.000, 1.000, -0.012) separation=0.2066 impulse=0.000;Reverse supported roadworks transition:(0.000, 1.000, -0.012) separation=0.1589 impulse=0.000;",0.551,0.000,0.377,41.904,0.000,0.990,47.881,0.499,6.122,-41.452,8.228,0.835
1.836,41.880,77.950,-625.174,11.726,-62.916,2,1.517,2.660,"Reverse supported roadworks transition:(0.467, 0.884, -0.008) separation=0.3784 impulse=0.000;Reverse supported roadworks transition:(0.467, 0.884, -0.008) separation=0.5129 impulse=0.000;Reverse supported roadworks transition:(0.467, 0.884, -0.008) separation=0.1300 impulse=0.000;Reverse supported roadworks transition:(0.467, 0.884, -0.008) separation=0.7154 impulse=0.000;Reverse supported roadworks transition:(0.467, 0.884, -0.008) separation=0.1223 impulse=0.000;Reverse supported roadworks transition:(0.467, 0.884, -0.008) separation=0.1225 impulse=0.000;Reverse supported roadworks transition:(0.451, 0.882, 0.137) separation=0.1243 impulse=0.000;Reverse supported roadworks transition:(0.451, 0.882, 0.137) separation=0.5107 impulse=0.000;Reverse supported roadworks transition:(0.451, 0.882, 0.137) separation=0.1636 impulse=0.000;Reverse supported roadworks transition:(0.451, 0.882, 0.137) separation=0.5135 impulse=0.000;Reverse supported roadworks transition:(0.451, 0.882, 0.137) separation=0.1314 impulse=0.000;Reverse supported roadworks transition:(0.451, 0.882, 0.137) separation=0.5087 impulse=0.000;Reverse supported roadworks transition:(0.000, 1.000, -0.022) separation=0.3740 impulse=0.000;Reverse supported roadworks transition:(0.000, 1.000, -0.022) separation=0.1342 impulse=0.000;Reverse supported roadworks transition:(0.000, 1.000, -0.022) separation=0.1669 impulse=0.000;Reverse supported roadworks transition:(0.000, 1.000, -0.022) separation=0.3455 impulse=0.000;Reverse supported roadworks transition:(0.000, 1.000, -0.022) separation=0.1342 impulse=0.000;Reverse supported roadworks transition:(0.000, 1.000, -0.022) separation=0.1725 impulse=0.000;Reverse supported roadworks transition:(-0.002, 0.989, 0.145) separation=0.1652 impulse=0.000;Reverse supported roadworks transition:(-0.002, 0.989, 0.145) separation=0.1506 impulse=0.000;Reverse supported roadworks transition:(-0.002, 0.989, 0.145) separation=0.1806 impulse=0.000;Reverse supported roadworks transition:(-0.002, 0.989, 0.145) separation=0.1356 impulse=0.000;Reverse supported roadworks transition:(-0.002, 0.989, 0.145) separation=0.1434 impulse=0.000;Reverse supported roadworks transition:(-0.002, 0.989, 0.145) separation=0.1638 impulse=0.000;",0.556,0.000,0.346,41.904,0.000,0.990,47.050,0.707,5.955,-41.472,7.532,0.634
1.856,41.820,78.781,-625.159,11.842,-63.747,1,0.602,0.491,"Reverse supported roadworks transition:(0.468, 0.883, -0.020) separation=0.5500 impulse=0.000;Reverse supported roadworks transition:(0.468, 0.883, -0.020) separation=0.5201 impulse=0.000;Reverse supported roadworks transition:(0.468, 0.883, -0.020) separation=0.1375 impulse=0.000;Reverse supported roadworks transition:(0.468, 0.883, -0.020) separation=0.8523 impulse=0.000;Reverse supported roadworks transition:(0.468, 0.883, -0.020) separation=0.1377 impulse=0.000;Reverse supported roadworks transition:(0.468, 0.883, -0.020) separation=0.1986 impulse=0.000;Reverse supported roadworks transition:(0.456, 0.879, 0.138) separation=0.5166 impulse=0.000;Reverse supported roadworks transition:(0.456, 0.879, 0.138) separation=0.1396 impulse=0.000;Reverse supported roadworks transition:(0.456, 0.879, 0.138) separation=0.1701 impulse=0.000;Reverse supported roadworks transition:(0.456, 0.879, 0.138) separation=0.5160 impulse=0.000;Reverse supported roadworks transition:(0.001, 0.999, -0.032) separation=0.5349 impulse=0.000;Reverse supported roadworks transition:(0.001, 0.999, -0.032) separation=0.1507 impulse=0.000;Reverse supported roadworks transition:(0.001, 0.999, -0.032) separation=0.1864 impulse=0.000;Reverse supported roadworks transition:(0.001, 0.999, -0.032) separation=0.5050 impulse=0.000;Reverse supported roadworks transition:(0.001, 0.999, -0.032) separation=0.1507 impulse=0.000;Reverse supported roadworks transition:(0.001, 0.999, -0.032) separation=0.1921 impulse=0.000;Reverse supported roadworks transition:(-0.002, 0.989, 0.146) separation=0.1881 impulse=0.000;Reverse supported roadworks transition:(-0.002, 0.989, 0.146) separation=0.1521 impulse=0.000;Reverse supported roadworks transition:(-0.002, 0.989, 0.146) separation=0.1561 impulse=0.000;Reverse supported roadworks transition:(-0.002, 0.989, 0.146) separation=0.1848 impulse=0.000;",0.560,0.000,0.332,41.859,0.000,0.991,46.219,0.707,5.769,-41.454,7.239,0.636
1.876,41.756,79.612,-625.144,11.953,-64.577,1,0.000,0.492,"Reverse supported roadworks transition:(0.065, 0.991, 0.119) separation=0.3491 impulse=0.000;Reverse supported roadworks transition:(0.470, 0.882, -0.017) separation=0.0693 impulse=0.000;Reverse supported roadworks transition:(0.065, 0.991, 0.119) separation=0.2989 impulse=0.000;Reverse supported roadworks transition:(0.065, 0.991, 0.119) separation=0.3138 impulse=0.000;Reverse supported roadworks transition:(0.065, 0.991, 0.119) separation=0.2680 impulse=0.000;Reverse supported roadworks transition:(0.470, 0.882, -0.017) separation=0.0693 impulse=0.000;Reverse supported roadworks transition:(0.465, 0.885, -0.031) separation=0.7359 impulse=0.000;Reverse supported roadworks transition:(0.465, 0.885, -0.031) separation=0.6595 impulse=0.000;Reverse supported roadworks transition:(0.465, 0.885, -0.031) separation=0.2829 impulse=0.000;Reverse supported roadworks transition:(0.465, 0.885, -0.031) separation=0.8274 impulse=0.000;Reverse supported roadworks transition:(0.465, 0.885, -0.031) separation=0.3549 impulse=0.000;Reverse supported roadworks transition:(0.465, 0.885, -0.031) separation=0.4334 impulse=0.000;Reverse supported roadworks transition:(0.001, 0.998, -0.059) separation=0.7100 impulse=0.000;Reverse supported roadworks transition:(0.001, 0.998, -0.059) separation=0.3091 impulse=0.000;Reverse supported roadworks transition:(0.001, 0.998, -0.059) separation=0.3527 impulse=0.000;Reverse supported roadworks transition:(0.001, 0.998, -0.059) separation=0.6788 impulse=0.000;Reverse supported roadworks transition:(0.001, 0.998, -0.059) separation=0.3595 impulse=0.000;Reverse supported roadworks transition:(0.001, 0.998, -0.059) separation=0.3872 impulse=0.000;",0.590,0.000,0.321,41.816,0.000,0.991,45.388,0.707,5.570,-41.437,6.991,0.632
1.896,41.689,80.442,-625.129,12.061,-65.407,0,0.000,0.488,"Reverse supported roadworks transition:(0.462, 0.885, -0.047) separation=0.7144 impulse=0.000;Reverse supported roadworks transition:(0.462, 0.885, -0.047) separation=0.7480 impulse=0.000;Reverse supported roadworks transition:(0.462, 0.885, -0.047) separation=0.3747 impulse=0.000;Reverse supported roadworks transition:(0.462, 0.885, -0.047) separation=0.8257 impulse=0.000;Reverse supported roadworks transition:(0.462, 0.885, -0.047) separation=0.4505 impulse=0.000;Reverse supported roadworks transition:(0.462, 0.885, -0.047) separation=0.5326 impulse=0.000;Reverse supported roadworks transition:(0.001, 0.997, -0.075) separation=0.8524 impulse=0.000;Reverse supported roadworks transition:(0.001, 0.997, -0.075) separation=0.4083 impulse=0.000;Reverse supported roadworks transition:(0.001, 0.997, -0.075) separation=0.4594 impulse=0.000;Reverse supported roadworks transition:(0.001, 0.997, -0.075) separation=0.8656 impulse=0.000;Reverse supported roadworks transition:(0.001, 0.997, -0.075) separation=0.4083 impulse=0.000;Reverse supported roadworks transition:(0.001, 0.997, -0.075) separation=0.4668 impulse=0.000;",0.622,0.000,0.313,41.774,0.000,0.992,44.558,0.707,5.372,-41.421,6.805,0.627
1.916,41.619,81.272,-625.114,12.164,-66.237,0,0.000,0.485,"Reverse supported roadworks transition:(0.456, 0.889, -0.044) separation=0.5532 impulse=0.000;Reverse supported roadworks transition:(0.456, 0.889, -0.044) separation=0.6387 impulse=0.000;Reverse supported roadworks transition:(0.456, 0.889, -0.044) separation=0.7415 impulse=0.000;Reverse supported roadworks transition:(0.456, 0.889, -0.044) separation=0.7298 impulse=0.000;Reverse supported roadworks transition:(0.456, 0.889, -0.044) separation=0.6387 impulse=0.000;Reverse supported roadworks transition:(0.070, 0.992, 0.106) separation=0.6540 impulse=0.000;Reverse supported roadworks transition:(0.463, 0.884, -0.056) separation=0.3515 impulse=0.000;Reverse supported roadworks transition:(0.070, 0.992, 0.106) separation=0.6151 impulse=0.000;Reverse supported roadworks transition:(0.463, 0.884, -0.056) separation=0.3515 impulse=0.000;Reverse supported roadworks transition:(0.463, 0.884, -0.056) separation=0.3515 impulse=0.000;Reverse supported roadworks transition:(0.463, 0.884, -0.056) separation=0.3515 impulse=0.000;Reverse supported roadworks transition:(0.002, 0.996, -0.095) separation=0.8713 impulse=0.000;Reverse supported roadworks transition:(0.002, 0.996, -0.095) separation=0.5997 impulse=0.000;Reverse supported roadworks transition:(0.002, 0.996, -0.095) separation=0.6637 impulse=0.000;Reverse supported roadworks transition:(0.002, 0.996, -0.095) separation=0.7871 impulse=0.000;Reverse supported roadworks transition:(0.002, 0.996, -0.095) separation=0.6720 impulse=0.000;Reverse supported roadworks transition:(0.002, 0.996, -0.095) separation=0.6906 impulse=0.000;",0.656,0.000,0.308,41.732,0.000,0.992,43.728,0.706,5.174,-41.404,6.687,0.622
1.936,41.545,82.102,-625.099,12.264,-67.067,0,0.000,0.483,"Reverse supported roadworks transition:(0.448, 0.889, -0.090) separation=0.7516 impulse=0.000;Reverse supported roadworks transition:(0.449, 0.893, 0.004) separation=0.7629 impulse=0.000;Reverse supported roadworks transition:(0.454, 0.887, -0.079) separation=0.5183 impulse=0.000;Reverse supported roadworks transition:(0.454, 0.887, -0.079) separation=0.5183 impulse=0.000;Reverse supported roadworks transition:(0.002, 0.995, -0.097) separation=0.7336 impulse=0.000;Reverse supported roadworks transition:(0.002, 0.995, -0.097) separation=0.7336 impulse=0.000;Reverse supported roadworks transition:(0.002, 0.994, -0.108) separation=0.8093 impulse=0.000;",0.691,0.000,0.306,41.692,0.000,0.993,42.898,0.706,4.976,-41.388,6.640,0.617
1.956,41.469,82.931,-625.084,12.360,-67.896,0,0.000,0.482,"",0.727,0.000,0.307,41.652,0.000,0.993,42.069,0.706,4.777,-41.371,6.665,0.612
1.976,41.390,83.760,-625.070,12.451,-68.725,0,0.000,0.481,"",0.765,0.000,0.312,41.613,0.000,0.994,41.240,0.705,4.579,-41.355,6.761,0.606
1.996,41.308,84.589,-625.055,12.539,-69.553,0,0.000,0.481,"",0.805,0.000,0.319,41.576,0.000,0.994,40.411,0.705,4.381,-41.338,6.923,0.601
2.016,41.224,85.417,-625.040,12.623,-70.381,0,0.000,0.481,"",0.846,0.000,0.329,41.539,0.000,0.994,39.583,0.705,4.184,-41.322,7.147,0.596
2.036,41.137,86.245,-625.026,12.703,-71.209,0,0.000,0.481,"",0.888,0.000,0.342,41.503,0.000,0.994,38.755,0.705,3.986,-41.305,7.425,0.590
2.056,41.048,87.073,-625.011,12.778,-72.036,0,0.000,0.482,"",0.932,0.000,0.357,41.468,0.000,0.995,37.927,0.704,3.788,-41.289,7.753,0.584
2.076,40.956,87.900,-624.997,12.850,-72.864,0,0.000,0.484,"",0.976,0.000,0.373,41.434,0.000,0.995,37.100,0.704,3.590,-41.272,8.121,0.579
2.096,40.863,88.727,-624.982,12.918,-73.690,0,0.000,0.485,"",1.000,0.000,0.392,41.401,0.000,0.995,36.273,0.704,3.393,-41.256,8.525,0.573
2.116,40.767,89.553,-624.968,12.982,-74.517,0,0.000,0.486,"",1.000,0.000,0.411,41.369,0.000,0.995,35.447,0.703,3.195,-41.239,8.957,0.568
2.136,40.669,90.379,-624.953,13.042,-75.343,0,0.000,0.488,"",1.000,0.000,0.432,41.337,0.000,0.995,34.621,0.703,2.998,-41.223,9.414,0.562
2.156,40.569,91.205,-624.939,13.098,-76.168,0,0.000,0.489,"",1.000,0.000,0.453,41.307,0.000,0.995,33.795,0.703,2.801,-41.206,9.891,0.556
2.176,40.468,92.030,-624.925,13.150,-76.994,0,0.000,0.491,"",1.000,0.000,0.476,41.278,0.000,0.995,32.970,0.703,2.603,-41.190,10.384,0.551
2.196,40.365,92.855,-624.911,13.198,-77.818,0,0.000,0.492,"",1.000,0.000,0.498,41.249,0.000,0.995,32.145,0.702,2.406,-41.173,10.890,0.545
2.216,40.260,93.680,-624.896,13.243,-78.643,0,0.000,0.493,"",1.000,0.000,0.500,41.222,0.000,0.995,31.320,0.702,2.209,-41.157,11.406,0.539
2.236,40.154,94.504,-624.882,13.283,-79.467,0,0.000,0.494,"",1.000,0.000,0.500,41.195,0.000,0.995,30.496,0.702,2.012,-41.140,11.930,0.534
2.256,40.046,95.328,-624.868,13.319,-80.291,0,0.000,0.495,"",1.000,0.000,0.500,41.170,0.000,0.995,29.672,0.701,1.815,-41.124,12.460,0.528
2.276,39.937,96.152,-624.854,13.351,-81.114,0,0.000,0.495,"",1.000,0.000,0.500,41.145,0.000,0.995,28.848,0.701,1.618,-41.107,12.994,0.523
2.296,39.826,96.975,-624.840,13.380,-81.937,0,0.000,0.496,"",1.000,0.000,0.500,41.121,0.000,0.995,28.025,0.701,1.422,-41.091,13.532,0.518
2.316,39.714,97.798,-624.826,13.404,-82.760,0,0.000,0.495,"",1.000,0.000,0.500,41.099,0.000,0.995,27.202,0.701,1.225,-41.074,14.071,0.512
2.336,39.601,98.620,-624.812,13.425,-83.582,0,0.000,0.495,"",1.000,0.000,0.500,41.077,0.000,0.995,26.380,0.700,1.028,-41.058,14.611,0.507
2.356,39.487,99.442,-624.798,13.442,-84.404,0,0.000,0.494,"",1.000,0.000,0.500,41.056,0.000,0.995,25.558,0.700,0.832,-41.041,15.151,0.502
2.376,39.371,100.264,-624.784,13.454,-85.226,0,0.000,0.493,"",1.000,0.000,0.500,41.036,0.000,0.995,24.736,0.700,0.635,-41.025,15.691,0.497
2.396,39.254,101.086,-624.770,13.463,-86.047,0,0.000,0.491,"",1.000,0.000,0.500,41.017,0.000,0.995,23.914,0.699,0.439,-41.009,16.229,0.492
2.416,39.136,101.907,-624.757,13.468,-86.868,0,0.000,0.489,"",1.000,0.000,0.500,40.999,0.000,0.995,23.094,0.699,0.243,-40.992,16.766,0.488
2.436,39.017,102.727,-624.743,13.469,-87.689,0,0.000,0.487,"",1.000,0.000,0.500,40.982,0.000,0.995,22.273,0.699,0.046,-40.976,17.300,0.483
2.456,38.897,103.547,-624.729,13.466,-88.509,0,0.000,0.484,"",1.000,0.000,0.500,40.966,0.000,0.995,21.453,0.699,-0.150,-40.959,17.831,0.479
2.476,38.775,104.367,-624.715,13.459,-89.328,0,0.000,0.481,"",1.000,0.000,0.500,40.951,0.000,0.995,20.633,0.698,-0.346,-40.943,18.360,0.474
2.496,38.653,105.187,-624.701,13.448,-90.148,0,0.000,0.478,"",1.000,0.000,0.500,40.936,0.000,0.995,19.813,0.698,-0.542,-40.927,18.886,0.470
2.516,38.529,106.006,-624.688,13.433,-90.967,0,0.000,0.474,"",1.000,0.000,0.500,40.923,0.000,0.995,18.994,0.698,-0.738,-40.910,19.408,0.466
2.536,38.404,106.825,-624.674,13.415,-91.786,0,0.000,0.470,"",1.000,0.000,0.500,40.911,0.000,0.995,18.175,0.698,-0.933,-40.894,19.927,0.462
2.556,38.278,107.643,-624.661,13.392,-92.604,0,0.000,0.465,"",1.000,0.000,0.500,40.899,0.000,0.995,17.357,0.697,-1.129,-40.878,20.441,0.459
2.576,38.150,108.461,-624.647,13.366,-93.422,0,0.000,0.461,"",1.000,0.000,0.500,40.889,0.000,0.995,16.539,0.697,-1.325,-40.861,20.953,0.455
2.596,38.021,109.279,-624.633,13.335,-94.239,0,0.000,0.455,"",1.000,0.000,0.500,40.879,0.000,0.995,15.721,0.697,-1.520,-40.845,21.460,0.452
2.616,37.891,110.096,-624.620,13.301,-95.056,0,0.000,0.450,"",1.000,0.000,0.500,40.871,0.000,0.995,14.904,0.696,-1.716,-40.829,21.963,0.449
2.636,37.760,110.913,-624.606,13.263,-95.873,0,0.000,0.444,"",1.000,0.000,0.500,40.863,0.000,0.995,14.087,0.696,-1.911,-40.812,22.463,0.445
2.656,37.627,111.729,-624.593,13.220,-96.690,0,0.000,0.438,"",1.000,0.000,0.500,40.856,0.000,0.995,13.271,0.696,-2.107,-40.796,22.958,0.442
2.676,37.493,112.546,-624.579,13.174,-97.506,0,0.000,0.431,"",1.000,0.000,0.500,40.850,0.000,0.995,12.455,0.696,-2.302,-40.780,23.450,0.440
2.696,37.358,113.361,-624.566,13.124,-98.321,0,0.000,0.424,"",1.000,0.000,0.500,40.846,0.000,0.995,11.639,0.695,-2.497,-40.763,23.938,0.437
2.716,37.221,114.177,-624.553,13.071,-99.137,0,0.000,0.417,"",1.000,0.000,0.500,40.842,0.000,0.995,10.823,0.695,-2.692,-40.747,24.421,0.434
2.736,37.082,114.992,-624.539,13.013,-99.952,0,0.000,0.410,"",1.000,0.000,0.500,40.839,0.000,0.995,10.008,0.695,-2.887,-40.731,24.901,0.432
2.756,36.942,115.807,-624.526,12.951,-100.766,0,0.000,0.402,"",1.000,0.000,0.500,40.837,0.000,0.995,9.194,0.694,-3.082,-40.714,25.377,0.430
2.776,36.800,116.621,-624.512,12.886,-101.581,0,0.000,0.395,"",1.000,0.000,0.500,40.836,0.000,0.995,8.379,0.694,-3.277,-40.698,25.850,0.427
2.796,36.657,117.435,-624.499,12.816,-102.394,0,0.000,0.387,"",1.000,0.000,0.500,40.836,0.000,0.995,7.565,0.694,-3.472,-40.682,26.319,0.425
2.816,36.512,118.248,-624.486,12.743,-103.208,0,0.000,0.378,"",1.000,0.000,0.500,40.836,0.000,0.995,6.752,0.694,-3.667,-40.666,26.784,0.423
2.836,36.365,119.062,-624.473,12.666,-104.021,0,0.000,0.370,"",1.000,0.000,0.500,40.838,0.000,0.995,5.938,0.693,-3.861,-40.649,27.246,0.421
2.856,36.216,119.875,-624.459,12.585,-104.834,0,0.000,0.362,"",1.000,0.000,0.500,40.841,0.000,0.995,5.125,0.693,-4.056,-40.633,27.704,0.420
2.876,36.065,120.687,-624.446,12.500,-105.646,0,0.000,0.353,"",1.000,0.000,0.500,40.844,0.000,0.996,4.313,0.693,-4.251,-40.617,28.159,0.418
2.896,35.912,121.499,-624.433,12.411,-106.458,0,0.000,0.344,"",1.000,0.000,0.500,40.849,0.000,0.996,3.501,0.693,-4.445,-40.601,28.611,0.416
2.916,35.758,122.311,-624.419,12.318,-107.270,0,0.000,0.336,"",1.000,0.000,0.500,40.854,0.000,0.996,2.689,0.692,-4.639,-40.584,29.060,0.415
2.936,35.601,123.123,-624.406,12.221,-108.081,0,0.000,0.327,"",1.000,0.000,0.500,40.861,0.000,0.996,1.877,0.692,-4.834,-40.568,29.506,0.413
2.956,35.443,123.934,-624.393,12.121,-108.892,0,0.000,0.318,"",1.000,0.000,0.500,40.868,0.000,0.996,1.066,0.692,-5.028,-40.552,29.949,0.411
2.976,35.282,124.745,-624.380,12.017,-109.703,0,0.000,0.309,"",1.000,0.000,0.500,40.876,0.000,0.996,0.255,0.691,-5.222,-40.536,30.389,0.410
2.996,35.119,125.555,-624.366,11.908,-110.513,0,0.000,0.300,"",1.000,0.000,0.500,40.886,0.000,0.996,-0.555,0.691,-5.416,-40.519,30.827,0.409
3.016,34.954,126.365,-624.353,11.796,-111.323,0,0.000,0.291,"",1.000,0.000,0.500,40.896,0.000,0.996,-1.365,0.691,-5.610,-40.503,31.262,0.407
3.036,34.787,127.175,-624.340,11.680,-112.133,0,0.000,0.282,"",1.000,0.000,0.500,40.907,0.000,0.997,-2.175,0.691,-5.804,-40.487,31.694,0.406
3.056,34.617,127.984,-624.327,11.560,-112.942,0,0.000,0.274,"",1.000,0.000,0.500,40.919,0.000,0.997,-2.984,0.690,-5.998,-40.471,32.125,0.405
3.076,34.446,128.793,-624.314,11.436,-113.751,0,0.000,0.265,"",1.000,0.000,0.500,40.931,0.000,0.997,-3.793,0.690,-6.191,-40.455,32.552,0.403
3.096,34.272,129.602,-624.301,11.309,-114.560,0,0.000,0.257,"",1.000,0.000,0.500,40.945,0.000,0.997,-4.602,0.690,-6.385,-40.438,32.978,0.402
3.116,34.096,130.410,-624.287,11.177,-115.368,0,0.000,0.248,"",1.000,0.000,0.500,40.960,0.000,0.997,-5.410,0.689,-6.578,-40.422,33.402,0.401
3.136,33.918,131.218,-624.274,11.042,-116.176,0,0.000,0.240,"",1.000,0.000,0.500,40.975,0.000,0.997,-6.218,0.689,-6.772,-40.406,33.823,0.399
3.156,33.737,132.026,-624.261,10.902,-116.983,0,0.000,0.232,"",1.000,0.000,0.500,40.992,0.000,0.997,-7.026,0.689,-6.965,-40.390,34.243,0.398
3.176,33.554,132.833,-624.248,10.759,-117.791,0,0.000,0.224,"",1.000,0.000,0.500,41.009,0.000,0.997,-7.833,0.689,-7.159,-40.374,34.660,0.397
3.196,33.369,133.640,-624.235,10.612,-118.597,0,0.000,0.216,"",1.000,0.000,0.500,41.028,0.000,0.998,-8.640,0.688,-7.352,-40.358,35.076,0.395
3.216,33.182,134.447,-624.222,10.461,-119.404,0,0.000,0.209,"",1.000,0.000,0.500,41.047,0.000,0.998,-9.447,0.688,-7.545,-40.341,35.491,0.394
3.236,32.992,135.253,-624.208,10.307,-120.210,0,0.000,0.202,"",1.000,0.000,0.500,41.067,0.000,0.998,-10.253,0.688,-7.738,-40.325,35.903,0.392
3.256,32.801,136.059,-624.195,10.148,-121.016,0,0.000,0.195,"",1.000,0.000,0.500,41.088,0.000,0.998,-11.059,0.688,-7.931,-40.309,36.314,0.391
3.276,32.607,136.864,-624.182,9.986,-121.821,0,0.000,0.189,"",1.000,0.000,0.500,41.110,0.000,0.998,-11.864,0.687,-8.124,-40.293,36.724,0.390
3.296,32.411,137.670,-624.169,9.819,-122.627,0,0.000,0.183,"",1.000,0.000,0.500,41.132,0.000,0.998,-12.670,0.687,-8.317,-40.277,37.132,0.388
3.316,32.213,138.475,-624.156,9.649,-123.431,0,0.000,0.177,"",1.000,0.000,0.500,41.156,0.000,0.998,-13.475,0.687,-8.510,-40.261,37.538,0.387
3.336,32.013,139.279,-624.143,9.475,-124.236,0,0.000,0.172,"",1.000,0.000,0.500,41.181,0.000,0.998,-14.279,0.686,-8.703,-40.245,37.943,0.385
3.356,31.811,140.083,-624.130,9.297,-125.040,0,0.000,0.167,"",1.000,0.000,0.500,41.206,0.000,0.999,-15.083,0.686,-8.895,-40.229,38.347,0.384
3.376,31.606,140.887,-624.116,9.116,-125.844,0,0.000,0.163,"",1.000,0.000,0.500,41.232,0.000,0.999,-15.887,0.686,-9.088,-40.213,38.750,0.382
3.396,31.400,141.691,-624.103,8.930,-126.647,0,0.000,0.159,"",1.000,0.000,0.500,41.260,0.000,0.999,-16.691,0.686,-9.280,-40.196,39.151,0.380
3.416,31.193,142.494,-624.090,8.741,-127.450,0,0.000,0.155,"Ground_80_240:(0.000, 1.000, -0.003) separation=0.8464 impulse=0.000;Ground_80_240:(0.000, 1.000, -0.003) separation=0.8527 impulse=0.000;",1.000,0.000,0.500,41.288,0.000,0.999,-17.494,0.685,-9.473,-40.180,39.551,0.379
3.436,30.983,143.297,-624.077,8.547,-128.253,0,0.000,0.152,"Ground_80_240:(0.000, 1.000, -0.003) separation=0.7481 impulse=0.000;Ground_80_240:(0.000, 1.000, -0.003) separation=0.7013 impulse=0.000;Ground_80_240:(0.000, 1.000, -0.003) separation=0.7871 impulse=0.000;Ground_80_240:(0.000, 1.000, -0.003) separation=0.6623 impulse=0.000;Ground_80_240:(0.000, 1.000, -0.003) separation=0.6695 impulse=0.000;Ground_80_240:(0.000, 1.000, -0.003) separation=0.6751 impulse=0.000;",1.000,0.000,0.500,41.317,0.000,0.999,-18.297,0.685,-9.665,-40.164,39.949,0.377
3.456,30.771,144.100,-624.064,8.350,-129.056,0,0.000,0.150,"Ground_80_240:(0.000, 1.000, -0.003) separation=0.5541 impulse=0.000;Ground_80_240:(0.000, 1.000, -0.003) separation=0.5143 impulse=0.000;Ground_80_240:(0.000, 1.000, -0.003) separation=0.5940 impulse=0.000;Ground_80_240:(0.000, 1.000, -0.003) separation=0.4745 impulse=0.000;Ground_80_240:(0.000, 1.000, -0.003) separation=0.4823 impulse=0.000;Ground_80_240:(0.000, 1.000, -0.003) separation=0.5027 impulse=0.000;",1.000,0.000,0.500,41.346,0.000,0.999,-19.100,0.685,-9.857,-40.148,40.347,0.375
3.476,30.910,144.896,-624.039,8.163,-129.852,3,33.750,0.768,"Ground_80_240:(0.000, 1.000, -0.003) separation=0.3563 impulse=0.000;Ground_80_240:(0.000, 1.000, -0.003) separation=0.3234 impulse=0.000;Ground_80_240:(0.000, 1.000, -0.003) separation=0.3969 impulse=0.000;Ground_80_240:(0.000, 1.000, -0.003) separation=0.2828 impulse=0.000;Ground_80_240:(0.000, 1.000, -0.003) separation=0.2873 impulse=0.000;Ground_80_240:(0.000, 1.000, -0.003) separation=0.2911 impulse=0.000;",1.000,0.000,0.500,40.986,0.000,0.999,-19.896,1.236,-9.374,-39.880,40.743,0.346
3.496,31.090,145.681,-624.003,8.036,-130.636,4,45.000,1.340,"Ground_80_240:(0.000, 1.000, -0.003) separation=0.1661 impulse=789.783;Ground_80_240:(0.000, 1.000, -0.003) separation=0.1442 impulse=789.783;Ground_80_240:(0.000, 1.000, -0.003) separation=0.2030 impulse=789.783;Ground_80_240:(0.000, 1.000, -0.003) separation=0.1073 impulse=789.783;Ground_80_240:(0.000, 1.000, -0.003) separation=0.1147 impulse=789.783;Ground_80_240:(0.000, 1.000, -0.003) separation=0.1254 impulse=789.783;",1.000,0.000,0.500,40.169,0.000,1.000,-20.681,1.784,-6.344,-39.624,40.635,1.485
3.516,30.543,146.450,-623.957,8.009,-131.405,4,45.000,8.423,"Ground_80_240:(0.000, 1.000, -0.003) separation=0.0331 impulse=1448.079;Ground_80_240:(0.000, 1.000, -0.003) separation=0.0290 impulse=1448.079;Ground_80_240:(0.000, 1.000, -0.003) separation=0.0406 impulse=1448.079;Ground_80_240:(0.000, 1.000, -0.003) separation=0.0215 impulse=1448.079;Ground_80_240:(0.000, 1.000, -0.003) separation=0.0232 impulse=1448.079;Ground_80_240:(0.000, 1.000, -0.003) separation=0.0280 impulse=1448.079;",1.000,0.000,0.500,38.595,0.000,1.000,-21.450,2.285,-1.375,-38.503,40.132,0.286
3.536,30.728,147.213,-623.901,8.001,-132.167,4,33.467,1.683,"Ground_80_240:(0.000, 1.000, -0.003) separation=0.0066 impulse=176.788;Ground_80_240:(0.000, 1.000, -0.003) separation=0.0058 impulse=176.788;Ground_80_240:(0.000, 1.000, -0.003) separation=0.0081 impulse=176.788;Ground_80_240:(0.000, 1.000, -0.003) separation=0.0043 impulse=176.788;Ground_80_240:(0.000, 1.000, -0.003) separation=0.0047 impulse=176.788;Ground_80_240:(0.000, 1.000, -0.003) separation=0.0047 impulse=176.788;",1.000,0.000,0.500,38.218,0.000,1.000,-22.213,2.830,-0.380,-38.111,40.102,0.283
3.556,31.118,147.970,-623.833,8.000,-132.923,4,26.191,0.336,"Ground_80_240:(0.000, 1.000, -0.003) separation=0.0013 impulse=0.000;Ground_80_240:(0.000, 1.000, -0.003) separation=0.0012 impulse=0.000;Ground_80_240:(0.000, 1.000, -0.003) separation=0.0016 impulse=0.000;Ground_80_240:(0.000, 1.000, -0.003) separation=0.0009 impulse=0.000;Ground_80_240:(0.000, 1.000, -0.003) separation=0.0010 impulse=0.000;Ground_80_240:(0.000, 1.000, -0.003) separation=0.0010 impulse=0.000;",1.000,0.000,0.500,37.974,0.000,1.000,-22.970,3.384,-0.052,-37.823,39.784,0.568
3.576,31.588,148.722,-623.754,8.005,-133.673,4,23.738,0.288,"Ground_80_240:(0.000, 1.000, -0.003) separation=0.0027 impulse=0.000;Ground_80_240:(0.000, 1.000, -0.003) separation=0.0030 impulse=0.000;Ground_80_240:(0.000, 1.000, -0.003) separation=0.0020 impulse=0.000;Ground_80_240:(0.000, 1.000, -0.003) separation=0.0037 impulse=0.000;Ground_80_240:(0.000, 1.000, -0.003) separation=0.0020 impulse=0.000;Ground_80_240:(0.000, 1.000, -0.003) separation=0.0021 impulse=0.000;",1.000,0.000,0.500,37.745,0.000,1.000,-23.722,3.939,0.228,-37.538,39.135,0.791
3.596,32.105,149.468,-623.664,8.014,-134.418,4,21.250,0.244,"Ground_80_240:(0.000, 1.000, -0.003) separation=0.0097 impulse=0.000;Ground_80_240:(0.000, 1.000, -0.003) separation=0.0103 impulse=0.000;Ground_80_240:(0.000, 1.000, -0.003) separation=0.0082 impulse=0.000;Ground_80_240:(0.000, 1.000, -0.003) separation=0.0118 impulse=0.000;Ground_80_240:(0.000, 1.000, -0.003) separation=0.0083 impulse=0.000;Ground_80_240:(0.000, 1.000, -0.003) separation=0.0095 impulse=0.000;",1.000,0.000,0.500,37.533,0.000,1.000,-24.468,4.496,0.457,-37.260,38.230,0.965
3.616,32.644,150.210,-623.563,8.026,-135.158,4,18.806,0.204,"Ground_80_240:(0.000, 1.000, -0.003) separation=0.0213 impulse=0.000;Ground_80_240:(0.000, 1.000, -0.003) separation=0.0221 impulse=0.000;Ground_80_240:(0.000, 1.000, -0.003) separation=0.0193 impulse=0.000;Ground_80_240:(0.000, 1.000, -0.003) separation=0.0242 impulse=0.000;Ground_80_240:(0.000, 1.000, -0.003) separation=0.0196 impulse=0.000;Ground_80_240:(0.000, 1.000, -0.003) separation=0.0204 impulse=0.000;",1.000,0.000,0.500,37.340,0.000,1.000,-25.209,5.056,0.638,-36.990,37.124,1.100
