time=3.399999 position=(727.12, 78.88, -10.52) hit=Ground_CR110 main supported trail impulse=0 contacts=(727.54, 78.40, -11.48) normal=(0.00, 1.00, 0.02);(726.69, 78.35, -9.29) normal=(0.00, 1.00, 0.02);(726.89, 78.40, -11.53) normal=(0.00, 1.00, 0.02);(727.33, 78.35, -9.24) normal=(0.00, 1.00, 0.02);(727.50, 78.39, -11.13) normal=(0.00, 1.00, 0.02);(726.85, 78.39, -11.10) normal=(0.00, 1.00, 0.02)
time=3.639999 position=(727.32, 78.92, -12.68) hit=Ground_720_320 impulse=0 contacts=(727.72, 78.36, -13.57) normal=(0.00, 1.00, 0.02);(726.88, 78.31, -11.38) normal=(0.00, 1.00, 0.02);(727.07, 78.36, -13.62) normal=(0.00, 1.00, 0.02);(727.52, 78.31, -11.33) normal=(0.00, 1.00, 0.02);(727.58, 78.36, -13.58) normal=(0.00, 1.00, 0.02);(727.02, 78.35, -13.02) normal=(0.00, 1.00, 0.02)
time=5.119998 position=(727.39, 79.53, -41.24) hit=Ground_CR117 rounded start turn impulse=0 contacts=(727.62, 79.02, -41.93) normal=(0.00, 1.00, 0.01);(726.97, 79.02, -41.84) normal=(0.00, 1.00, 0.01);(727.67, 79.02, -41.54) normal=(0.00, 1.00, 0.01);(727.03, 79.02, -41.41) normal=(0.00, 1.00, 0.01)
time=7.839997 position=(721.83, 82.53, -103.54) hit=Ground_CR110 main supported trail impulse=0 contacts=(721.85, 82.43, -104.37) normal=(-0.02, 1.00, 0.10);(721.88, 82.43, -104.35) normal=(-0.02, 1.00, 0.10);(721.86, 82.43, -104.34) normal=(-0.02, 1.00, 0.10)
time=8.339997 position=(726.42, 84.25, -112.88) hit=Ground_CR110 main supported trail impulse=0 contacts=(726.90, 83.37, -113.49) normal=(-0.11, 0.99, 0.04);(726.93, 83.37, -113.46) normal=(-0.11, 0.99, 0.04);(727.34, 83.39, -113.01) normal=(-0.11, 0.99, 0.04);(726.94, 83.37, -113.44) normal=(-0.11, 0.99, 0.04)
time=8.339997 position=(726.42, 84.25, -112.88) hit=Ground_CR117 rounded start turn impulse=0 contacts=(727.38, 83.41, -113.04) normal=(-0.19, 0.97, 0.12);(726.94, 83.39, -113.52) normal=(-0.19, 0.97, 0.12);(726.80, 83.34, -113.41) normal=(-0.07, 1.00, 0.04)
time=8.379997 position=(726.80, 84.26, -113.63) hit=Ground_720_240 impulse=0 contacts=(727.31, 83.36, -114.20) normal=(-0.10, 0.99, 0.05);(727.48, 83.37, -114.00) normal=(-0.10, 0.99, 0.05)
time=8.419997 position=(727.18, 84.25, -114.38) hit=EMBER impulse=0 contacts=(727.68, 84.55, -115.01) normal=(-0.48, -0.02, 0.88)
time=10.44 position=(741.96, 85.93, -121.27) hit=Ground_720_240 impulse=0 contacts=(742.94, 85.62, -121.91) normal=(-0.34, 0.91, 0.25)
time=10.56 position=(742.56, 86.02, -121.44) hit=Ground_CR110 main supported trail impulse=0 contacts=(741.55, 85.35, -120.78) normal=(-0.13, 0.99, 0.04);(741.35, 85.35, -121.39) normal=(-0.13, 0.99, 0.04);(741.71, 85.37, -120.82) normal=(-0.13, 0.99, 0.04);(741.52, 85.37, -121.45) normal=(-0.13, 0.99, 0.04);(741.91, 85.43, -121.58) normal=(-0.13, 0.99, 0.04);(742.17, 85.44, -120.98) normal=(-0.13, 0.99, 0.04)
time=10.64 position=(743.01, 86.31, -121.55) hit=Ground_CR117 gully approach impulse=72.59179 contacts=(744.12, 86.18, -121.63) normal=(-0.01, 0.99, 0.11);(741.81, 86.13, -121.44) normal=(-0.01, 0.99, 0.11);(743.89, 86.25, -122.23) normal=(-0.01, 0.99, 0.11);(742.04, 86.06, -120.83) normal=(-0.01, 0.99, 0.11);(741.82, 86.13, -121.41) normal=(-0.01, 0.99, 0.11);(741.83, 86.13, -121.41) normal=(-0.01, 0.99, 0.11)
time=11.2 position=(747.42, 87.02, -124.17) hit=Ground_720_240 impulse=0 contacts=(747.00, 86.31, -123.21) normal=(-0.01, 0.99, 0.10);(746.85, 86.29, -123.02) normal=(-0.01, 0.99, 0.10)
time=17.97999 position=(799.57, 109.83, -258.48) hit=Ground_Mountain_0_0 impulse=0 contacts=(800.31, 109.23, -258.68) normal=(-0.06, 1.00, 0.06);(800.00, 109.23, -259.06) normal=(-0.06, 1.00, 0.06);(800.00, 109.21, -258.42) normal=(-0.06, 1.00, 0.06)
time=18.75999 position=(814.30, 110.76, -269.61) hit=Ground_CR117 outer ravine impulse=0 contacts=(814.76, 110.04, -270.18) normal=(-0.04, 1.00, 0.02);(814.86, 110.05, -270.00) normal=(-0.04, 1.00, 0.02);(814.39, 110.04, -270.00) normal=(-0.04, 1.00, 0.02)
time=19.77999 position=(837.79, 110.73, -274.03) hit=Ground_CR117 outer ravine impulse=0 contacts=(838.45, 109.87, -273.74) normal=(0.00, 1.00, -0.02)
time=20.27999 position=(849.63, 110.52, -275.04) hit=Ground_CR117 gully takeoff impulse=0 contacts=(850.24, 110.04, -275.44) normal=(0.00, 1.00, 0.00);(850.00, 110.04, -274.76) normal=(0.00, 1.00, 0.00);(850.00, 110.04, -275.41) normal=(0.00, 1.00, 0.00);(850.24, 110.04, -275.42) normal=(0.00, 1.00, 0.00);(850.25, 110.04, -274.78) normal=(0.00, 1.00, 0.00);(850.31, 110.04, -274.79) normal=(0.00, 1.00, 0.00)
time=25.37999 position=(1049.24, 119.67, -276.67) hit=EMBER impulse=0 contacts=(1049.48, 120.27, -277.00) normal=(-0.91, -0.42, 0.00);(1049.76, 119.66, -276.38) normal=(-0.91, -0.42, 0.00);(1049.48, 120.27, -276.38) normal=(-0.91, -0.42, 0.00);(1049.76, 119.66, -277.00) normal=(-0.91, -0.42, 0.00)
time=31.63999 position=(1133.11, 65.49, -276.57) hit=Ground_CR117 outer ravine impulse=542.8325 contacts=(1131.75, 65.00, -276.91) normal=(0.00, 1.00, 0.00);(1131.75, 65.00, -276.75) normal=(0.00, 1.00, 0.00);(1131.91, 65.00, -276.90) normal=(0.00, 1.00, 0.00);(1131.74, 65.00, -276.26) normal=(0.00, 1.00, 0.00)
time=45.37999 position=(1165.15, 65.50, -276.70) hit=Ground_CR117 outer ravine impulse=0 contacts=(1166.14, 65.00, -276.38) normal=(0.00, 1.00, 0.00);(1166.14, 65.00, -277.03) normal=(0.00, 1.00, 0.00);(1165.00, 65.00, -276.38) normal=(0.00, 1.00, 0.00);(1165.00, 65.00, -277.03) normal=(0.00, 1.00, 0.00);(1163.89, 65.00, -276.38) normal=(0.00, 1.00, 0.00);(1163.89, 65.00, -277.03) normal=(0.00, 1.00, 0.00)
