# 0.87 Part B Summit Climb centre line (x y z, trail surface), from Design-Summit.py; halfWidth 2.75 rough 85 125 crest 163
504.530 40.360 -263.810
505.030 40.165 -263.521
505.543 39.964 -263.219
506.067 39.757 -262.906
506.601 39.546 -262.581
507.141 39.331 -262.246
507.686 39.115 -261.900
508.233 38.896 -261.545
508.782 38.677 -261.182
509.328 38.458 -260.810
509.872 38.239 -260.430
510.410 38.022 -260.043
510.940 37.810 -259.650
511.460 37.601 -259.250
511.969 37.396 -258.845
512.463 37.196 -258.436
512.948 37.000 -258.020
513.429 36.807 -257.596
513.905 36.617 -257.163
514.377 36.430 -256.722
514.843 36.249 -256.274
515.303 36.072 -255.819
515.758 35.900 -255.357
516.206 35.734 -254.889
516.648 35.575 -254.415
517.083 35.419 -253.935
517.510 35.271 -253.449
517.930 35.129 -252.959
518.342 34.990 -252.464
518.745 34.860 -251.965
519.139 34.733 -251.461
519.526 34.610 -250.953
519.904 34.490 -250.438
520.276 34.372 -249.916
520.639 34.256 -249.389
520.996 34.144 -248.856
521.345 34.035 -248.317
521.686 33.935 -247.774
522.021 33.843 -247.225
522.348 33.757 -246.673
522.669 33.684 -246.116
522.982 33.620 -245.555
523.288 33.564 -244.991
523.587 33.525 -244.424
523.879 33.495 -243.853
524.165 33.478 -243.280
524.441 33.477 -242.703
524.707 33.487 -242.121
524.963 33.513 -241.534
525.210 33.554 -240.942
525.450 33.606 -240.347
525.682 33.677 -239.747
525.908 33.762 -239.144
526.129 33.857 -238.537
526.345 33.972 -237.928
526.558 34.097 -237.317
526.768 34.233 -236.704
526.976 34.385 -236.089
527.183 34.545 -235.472
527.391 34.714 -234.855
527.599 34.895 -234.237
527.795 35.070 -233.653
527.989 35.255 -233.060
528.181 35.447 -232.460
528.372 35.643 -231.854
528.561 35.846 -231.244
528.747 36.051 -230.633
528.932 36.258 -230.020
529.113 36.467 -229.408
529.291 36.676 -228.799
529.466 36.884 -228.194
529.638 37.092 -227.595
529.806 37.297 -227.002
529.969 37.500 -226.419
530.129 37.699 -225.846
530.284 37.895 -225.286
530.435 38.087 -224.739
530.611 38.319 -224.078
530.775 38.549 -223.426
530.931 38.776 -222.784
531.078 39.001 -222.150
531.219 39.224 -221.527
531.356 39.445 -220.914
531.490 39.662 -220.312
531.624 39.878 -219.722
531.757 40.090 -219.144
531.894 40.299 -218.580
532.034 40.505 -218.028
532.180 40.706 -217.490
532.333 40.904 -216.967
532.535 41.152 -216.311
532.732 41.391 -215.681
532.928 41.621 -215.076
533.126 41.843 -214.493
533.330 42.058 -213.929
533.541 42.268 -213.383
533.764 42.475 -212.853
534.002 42.679 -212.335
534.258 42.882 -211.828
534.535 43.087 -211.328
534.871 43.314 -210.794
535.235 43.540 -210.287
535.622 43.766 -209.802
536.026 43.991 -209.335
536.441 44.219 -208.878
536.862 44.447 -208.428
537.282 44.676 -207.977
537.697 44.908 -207.520
538.101 45.140 -207.053
538.505 45.373 -206.585
538.920 45.606 -206.129
539.341 45.840 -205.678
539.761 46.074 -205.227
540.176 46.309 -204.771
540.580 46.544 -204.303
540.967 46.779 -203.819
541.332 47.017 -203.312
541.668 47.257 -202.777
541.940 47.467 -202.296
542.185 47.666 -201.833
542.408 47.860 -201.375
542.616 48.054 -200.909
542.813 48.254 -200.419
543.008 48.468 -199.893
543.204 48.699 -199.315
543.409 48.956 -198.673
543.629 49.242 -197.952
543.869 49.565 -197.139
544.003 49.750 -196.670
544.139 49.945 -196.175
544.278 50.149 -195.655
544.418 50.362 -195.113
544.560 50.583 -194.550
544.705 50.811 -193.968
544.851 51.045 -193.369
544.998 51.286 -192.755
545.148 51.531 -192.126
545.299 51.781 -191.486
545.451 52.035 -190.836
545.605 52.292 -190.177
545.761 52.552 -189.512
545.917 52.814 -188.841
546.075 53.076 -188.168
546.234 53.340 -187.494
546.394 53.603 -186.820
546.555 53.866 -186.149
546.717 54.127 -185.481
546.858 54.353 -184.903
547.001 54.582 -184.318
547.146 54.814 -183.726
547.293 55.048 -183.127
547.440 55.285 -182.522
547.589 55.523 -181.912
547.739 55.764 -181.298
547.891 56.006 -180.679
548.043 56.250 -180.057
548.196 56.494 -179.431
548.349 56.740 -178.803
548.503 56.987 -178.173
548.657 57.234 -177.541
548.812 57.482 -176.909
548.966 57.729 -176.276
549.121 57.977 -175.643
549.275 58.224 -175.011
549.429 58.471 -174.380
549.583 58.717 -173.752
549.736 58.962 -173.125
549.889 59.206 -172.502
550.040 59.449 -171.881
550.192 59.692 -171.261
550.344 59.936 -170.638
550.497 60.181 -170.011
550.651 60.427 -169.382
550.805 60.674 -168.752
550.959 60.921 -168.120
551.114 61.169 -167.487
551.268 61.417 -166.854
551.423 61.664 -166.222
551.577 61.911 -165.590
551.731 62.158 -164.960
551.885 62.404 -164.332
552.037 62.649 -163.706
552.190 62.892 -163.084
552.341 63.134 -162.465
552.491 63.375 -161.850
552.640 63.614 -161.241
552.788 63.850 -160.636
552.934 64.084 -160.037
553.079 64.316 -159.445
553.222 64.545 -158.859
553.363 64.772 -158.281
553.527 65.033 -157.615
553.694 65.295 -156.945
553.862 65.558 -156.273
554.032 65.822 -155.601
554.202 66.085 -154.931
554.372 66.346 -154.264
554.541 66.606 -153.602
554.709 66.863 -152.947
554.873 67.117 -152.299
555.034 67.366 -151.661
555.191 67.611 -151.035
555.344 67.851 -150.421
555.490 68.085 -149.822
555.631 68.312 -149.240
555.764 68.532 -148.675
555.889 68.743 -148.129
556.006 68.946 -147.604
556.114 69.140 -147.102
556.211 69.323 -146.624
556.373 69.642 -145.792
556.511 69.925 -145.051
556.625 70.177 -144.386
556.717 70.405 -143.783
556.787 70.613 -143.226
556.837 70.809 -142.701
556.868 70.998 -142.191
556.881 71.185 -141.682
556.878 71.377 -141.159
556.858 71.580 -140.606
556.806 71.809 -139.976
556.716 72.035 -139.358
556.596 72.257 -138.750
556.454 72.478 -138.149
556.296 72.696 -137.553
556.131 72.912 -136.959
555.965 73.127 -136.365
555.807 73.340 -135.768
555.665 73.551 -135.167
555.522 73.760 -134.566
555.364 73.966 -133.970
555.199 74.169 -133.376
555.033 74.370 -132.782
554.875 74.568 -132.186
554.733 74.764 -131.585
554.613 74.957 -130.976
554.523 75.149 -130.358
554.471 75.340 -129.729
554.448 75.503 -129.175
554.434 75.656 -128.649
554.433 75.801 -128.137
554.450 75.945 -127.623
554.488 76.090 -127.095
554.550 76.241 -126.536
554.640 76.402 -125.933
554.763 76.574 -125.270
554.921 76.762 -124.534
555.118 76.968 -123.710
555.241 77.084 -123.236
555.380 77.206 -122.734
555.533 77.332 -122.207
555.698 77.463 -121.657
555.876 77.596 -121.086
556.063 77.731 -120.497
556.260 77.869 -119.892
556.464 78.007 -119.274
556.674 78.145 -118.644
556.889 78.284 -118.006
557.109 78.420 -117.362
557.330 78.554 -116.714
557.553 78.687 -116.064
557.776 78.816 -115.415
557.997 78.942 -114.769
558.215 79.064 -114.129
558.429 79.181 -113.497
558.638 79.293 -112.876
558.841 79.400 -112.267
559.040 79.502 -111.668
559.241 79.601 -111.074
559.444 79.697 -110.485
559.647 79.788 -109.899
559.852 79.876 -109.315
560.057 79.962 -108.733
560.262 80.044 -108.151
560.468 80.124 -107.569
560.673 80.201 -106.985
560.878 80.276 -106.398
561.082 80.349 -105.808
561.285 80.418 -105.213
561.487 80.487 -104.614
561.688 80.553 -104.007
561.887 80.617 -103.394
562.084 80.681 -102.772
562.279 80.742 -102.141
562.471 80.802 -101.499
562.660 80.860 -100.847
562.824 80.910 -100.272
562.989 80.959 -99.687
563.155 81.008 -99.091
563.322 81.056 -98.486
563.490 81.103 -97.873
563.657 81.149 -97.253
563.824 81.195 -96.627
563.990 81.240 -95.996
564.155 81.284 -95.362
564.318 81.328 -94.725
564.479 81.371 -94.086
564.638 81.413 -93.446
564.793 81.455 -92.807
564.945 81.496 -92.169
565.093 81.537 -91.534
565.237 81.577 -90.902
565.375 81.616 -90.275
565.509 81.655 -89.654
565.637 81.691 -89.040
565.759 81.727 -88.433
565.874 81.761 -87.835
565.983 81.793 -87.247
566.100 81.828 -86.576
566.209 81.860 -85.913
566.309 81.889 -85.257
566.403 81.916 -84.608
566.489 81.940 -83.964
566.570 81.962 -83.325
566.644 81.982 -82.691
566.713 82.000 -82.061
566.777 82.016 -81.434
566.838 82.030 -80.809
566.894 82.044 -80.187
566.947 82.056 -79.566
566.998 82.068 -78.946
567.047 82.079 -78.327
567.094 82.090 -77.707
567.140 82.100 -77.086
567.185 82.110 -76.463
567.231 82.120 -75.838
567.277 82.130 -75.210
567.323 82.140 -74.576
567.367 82.149 -73.934
567.411 82.159 -73.284
567.452 82.168 -72.630
567.492 82.178 -71.973
567.530 82.187 -71.313
567.566 82.196 -70.654
567.599 82.205 -69.996
567.629 82.214 -69.341
567.657 82.223 -68.691
567.682 82.231 -68.048
567.704 82.239 -67.412
567.722 82.246 -66.787
567.737 82.253 -66.172
567.748 82.260 -65.571
567.755 82.265 -64.985
567.757 82.270 -64.415
567.756 82.274 -63.862
567.750 82.294 -63.330
