# 0.87 Part B: the AI line through the Summit Climb (x z), Racing-Line.py, max offset 1.20 m
504.530 -263.810
505.030 -263.521
505.543 -263.219
506.067 -262.906
506.601 -262.581
507.141 -262.246
507.686 -261.900
508.233 -261.545
508.782 -261.182
509.328 -260.810
509.872 -260.430
510.410 -260.043
510.940 -259.650
511.460 -259.250
511.969 -258.845
512.463 -258.436
512.948 -258.020
513.429 -257.596
513.905 -257.163
514.377 -256.722
514.843 -256.274
515.303 -255.819
515.758 -255.357
516.206 -254.889
516.648 -254.415
517.083 -253.935
517.510 -253.449
517.930 -252.959
518.342 -252.464
518.745 -251.965
519.139 -251.461
519.526 -250.953
519.904 -250.438
520.276 -249.916
520.639 -249.389
520.996 -248.856
521.345 -248.317
521.686 -247.774
522.021 -247.225
522.348 -246.673
522.669 -246.116
522.982 -245.555
523.288 -244.991
523.587 -244.424
523.879 -243.853
524.165 -243.280
524.441 -242.703
524.707 -242.121
524.963 -241.534
525.210 -240.942
525.450 -240.347
525.682 -239.747
525.908 -239.144
526.129 -238.537
526.345 -237.928
526.558 -237.317
526.768 -236.704
526.976 -236.089
527.183 -235.472
527.391 -234.855
527.599 -234.237
527.795 -233.653
527.989 -233.060
528.182 -232.460
528.375 -231.855
528.570 -231.247
528.765 -230.639
528.963 -230.029
529.162 -229.422
529.363 -228.820
529.566 -228.223
529.772 -227.633
529.979 -227.051
530.188 -226.480
530.399 -225.921
530.610 -225.376
530.801 -224.838
531.020 -224.184
531.235 -223.540
531.449 -222.907
531.660 -222.283
531.867 -221.673
532.073 -221.074
532.275 -220.489
532.474 -219.916
532.670 -219.360
532.862 -218.820
533.050 -218.295
533.234 -217.787
533.414 -217.292
533.637 -216.653
533.853 -216.038
534.060 -215.451
534.258 -214.890
534.454 -214.349
534.654 -213.832
534.862 -213.336
535.083 -212.856
535.316 -212.388
535.545 -211.927
535.802 -211.420
536.059 -210.911
536.328 -210.388
536.608 -209.851
536.900 -209.301
537.199 -208.743
537.503 -208.180
537.806 -207.617
538.106 -207.058
538.407 -206.498
538.710 -205.936
539.014 -205.373
539.313 -204.815
539.605 -204.265
539.886 -203.726
540.155 -203.203
540.413 -202.694
540.673 -202.182
540.899 -201.726
541.115 -201.289
541.320 -200.868
541.511 -200.441
541.693 -199.987
541.877 -199.492
542.064 -198.940
542.263 -198.316
542.480 -197.607
542.717 -196.803
542.847 -196.346
542.981 -195.861
543.117 -195.350
543.255 -194.816
543.398 -194.259
543.546 -193.682
543.698 -193.090
543.854 -192.482
544.013 -191.857
544.175 -191.222
544.339 -190.576
544.506 -189.920
544.674 -189.258
544.843 -188.590
545.013 -187.918
545.183 -187.245
545.353 -186.572
545.522 -185.900
545.691 -185.231
545.837 -184.654
545.985 -184.069
546.134 -183.478
546.285 -182.881
546.437 -182.278
546.590 -181.668
546.744 -181.054
546.899 -180.436
547.054 -179.815
547.210 -179.190
547.366 -178.563
547.523 -177.934
547.680 -177.302
547.836 -176.671
547.993 -176.038
548.149 -175.406
548.305 -174.774
548.460 -174.143
548.615 -173.515
548.769 -172.888
548.921 -172.265
549.073 -171.645
549.224 -171.024
549.376 -170.402
549.529 -169.774
549.682 -169.145
549.834 -168.515
549.987 -167.883
550.140 -167.249
550.293 -166.616
550.445 -165.983
550.597 -165.351
550.749 -164.719
550.899 -164.091
551.049 -163.464
551.198 -162.841
551.345 -162.222
551.492 -161.606
551.637 -160.996
551.780 -160.390
551.922 -159.790
552.062 -159.196
552.201 -158.610
552.337 -158.029
552.496 -157.359
552.655 -156.686
552.814 -156.010
552.974 -155.333
553.133 -154.659
553.291 -153.988
553.447 -153.322
553.602 -152.665
553.754 -152.016
553.903 -151.377
554.050 -150.750
554.192 -150.137
554.331 -149.540
554.466 -148.962
554.595 -148.404
554.719 -147.865
554.834 -147.347
554.939 -146.856
555.034 -146.391
555.194 -145.567
555.330 -144.839
555.441 -144.194
555.529 -143.617
555.594 -143.094
555.641 -142.607
555.669 -142.139
555.681 -141.670
555.689 -141.184
555.697 -140.677
555.701 -140.102
555.705 -139.531
555.706 -138.943
555.704 -138.337
555.697 -137.715
555.688 -137.083
555.676 -136.444
555.665 -135.804
555.655 -135.169
555.645 -134.535
555.633 -133.897
555.622 -133.258
555.612 -132.624
555.606 -132.003
555.603 -131.397
555.604 -130.806
555.608 -130.234
555.611 -129.657
555.618 -129.135
555.625 -128.632
555.633 -128.156
555.648 -127.686
555.683 -127.205
555.740 -126.692
555.823 -126.132
555.940 -125.506
556.091 -124.800
556.275 -123.995
556.372 -123.540
556.480 -123.046
556.597 -122.521
556.721 -121.970
556.853 -121.393
556.992 -120.796
557.137 -120.179
557.287 -119.547
557.441 -118.901
557.598 -118.247
557.758 -117.584
557.920 -116.916
558.083 -116.246
558.245 -115.576
558.406 -114.909
558.565 -114.248
558.721 -113.596
558.874 -112.955
559.022 -112.327
559.166 -111.710
559.309 -111.097
559.450 -110.487
559.591 -109.879
559.732 -109.273
559.871 -108.668
560.011 -108.062
560.151 -107.457
560.291 -106.851
560.431 -106.243
560.573 -105.633
560.715 -105.020
560.858 -104.404
561.003 -103.782
561.149 -103.157
561.297 -102.526
561.447 -101.888
561.599 -101.242
561.754 -100.586
561.888 -100.006
562.024 -99.417
562.163 -98.816
562.305 -98.206
562.448 -97.590
562.593 -96.968
562.739 -96.340
562.887 -95.707
563.035 -95.073
563.183 -94.437
563.332 -93.799
563.481 -93.162
563.629 -92.527
563.777 -91.894
563.924 -91.265
564.066 -90.640
564.206 -90.020
564.346 -89.407
564.483 -88.804
564.618 -88.209
564.751 -87.623
564.883 -87.049
565.028 -86.394
565.173 -85.749
565.317 -85.110
565.537 -84.487
565.746 -83.867
565.944 -83.249
566.129 -82.633
566.301 -82.017
566.459 -81.402
566.603 -80.787
566.731 -80.173
566.844 -79.557
566.941 -78.941
567.023 -78.325
567.089 -77.707
567.140 -77.086
567.185 -76.463
567.231 -75.838
567.277 -75.210
567.323 -74.576
567.367 -73.934
567.411 -73.284
567.452 -72.630
567.492 -71.973
567.530 -71.313
567.566 -70.654
567.599 -69.996
567.629 -69.341
567.657 -68.691
567.682 -68.048
567.704 -67.412
567.722 -66.787
567.737 -66.172
567.748 -65.571
567.755 -64.985
567.757 -64.415
567.756 -63.862
567.750 -63.330
