300 (405.98, 78.11, -211.55) f=(0.96, 0.11, -0.24) => Ground_560_240 43.300
305 (410.91, 78.67, -212.28) f=(0.99, 0.11, -0.02) => Ground_560_240 47.990
310 (415.83, 79.19, -211.54) f=(0.96, 0.10, 0.27) => Ground_560_240 49.636
315 (420.50, 79.65, -209.77) f=(0.91, 0.09, 0.41) => Ground_560_240 51.064
320 (424.90, 80.06, -207.41) f=(0.85, 0.08, 0.52) => Ground_560_240 52.490
325 (429.08, 80.42, -204.65) f=(0.82, 0.07, 0.57) => Ground_560_240 53.941
330 (433.05, 80.75, -201.62) f=(0.78, 0.06, 0.63) => Ground_560_240 55.236
335 (436.87, 81.05, -198.40) f=(0.75, 0.06, 0.66) => Ground_560_240 56.235
340 (440.56, 81.33, -195.02) f=(0.73, 0.06, 0.69) => Ground_560_240 47.235
345 (444.14, 81.60, -191.54) f=(0.71, 0.05, 0.71) => Ground_560_240 51.887
350 (447.64, 81.86, -187.96) f=(0.69, 0.05, 0.72) => Ground_560_240 50.127
355 (451.06, 82.11, -184.32) f=(0.68, 0.05, 0.73) => Ground_560_240 52.687
360 (454.43, 82.36, -180.62) f=(0.67, 0.05, 0.74) => Ground_560_240 55.178
365 (457.74, 82.61, -176.88) f=(0.66, 0.05, 0.75) => Ground_560_240 59.389
370 (461.03, 82.85, -173.11) f=(0.65, 0.05, 0.76) => Ground_560_240 62.615
375 (464.29, 83.10, -169.32) f=(0.65, 0.05, 0.76) => Ground_560_240 67.761
380 (467.55, 83.36, -165.52) f=(0.65, 0.05, 0.76) => Ground_560_240 72.423
385 (470.81, 83.63, -161.74) f=(0.66, 0.06, 0.75) => Ground_560_240 73.681
390 (474.11, 83.92, -157.98) f=(0.66, 0.06, 0.75) => Ground_560_240 74.837
395 (477.45, 84.23, -154.26) f=(0.66, 0.06, 0.75) => Ground_560_240 75.692
400 (480.73, 84.54, -150.49) f=(0.65, 0.05, 0.76) => Ground_640_240 76.429
405 (483.94, 84.64, -146.65) f=(0.63, 0.00, 0.77) => Ground_640_240 77.152
410 (487.07, 84.61, -142.75) f=(0.62, -0.01, 0.79) => Ground_House3 supported valley driveway 78.021;Ground_640_240 77.980
415 (490.11, 84.58, -138.78) f=(0.60, 0.00, 0.80) => Ground_640_240 78.953
420 (493.04, 84.60, -134.73) f=(0.58, 0.01, 0.82) => Ground_640_240 79.940
425 (495.84, 84.71, -130.59) f=(0.54, 0.04, 0.84) => Ground_640_240 80.867
430 (498.47, 84.94, -126.34) f=(0.51, 0.06, 0.86) => Ground_640_240 81.940
435 (500.89, 85.30, -121.96) f=(0.45, 0.08, 0.89) => Ground_640_240 85.249
440 (503.01, 85.76, -117.43) f=(0.38, 0.10, 0.92) => Ground_640_240 85.758
445 (504.67, 86.26, -112.72) f=(0.28, 0.10, 0.95) => Ground_640_240 86.258
450 (505.28, 86.78, -107.79) f=(-0.09, 0.11, 0.99) => Ground_640_320 86.777
455 (504.20, 87.29, -102.93) f=(-0.40, 0.09, 0.91) => Ground_640_320 87.287
460 (501.86, 87.72, -98.52) f=(-0.58, 0.07, 0.81) => Ground_640_320 87.721
465 (498.80, 88.06, -94.57) f=(-0.64, 0.06, 0.76) => Ground_640_320 88.056
470 (495.41, 88.31, -90.89) f=(-0.69, 0.04, 0.73) => Ground_640_320 88.307
475 (492.20, 88.49, -87.08) f=(-0.53, 0.03, 0.85) => Ground_640_320 88.488
